current best_current best_global
5287,995 2147483647,000 2147483647,000
6114,011 2147483647,000 2147483647,000
6408,003 2147483647,000 2147483647,000
6552,948 2147483647,000 2147483647,000
6810,496 2147483647,000 2147483647,000
6079,172 2147483647,000 2147483647,000
5931,470 2147483647,000 2147483647,000
6789,527 2147483647,000 2147483647,000
5851,477 2147483647,000 2147483647,000
5967,129 2147483647,000 2147483647,000
6331,053 2147483647,000 2147483647,000
6373,970 2147483647,000 2147483647,000
6949,254 2147483647,000 2147483647,000
7234,436 2147483647,000 2147483647,000
6601,216 2147483647,000 2147483647,000
6588,893 2147483647,000 2147483647,000
6982,289 2147483647,000 2147483647,000
5854,147 2147483647,000 2147483647,000
6600,372 2147483647,000 2147483647,000
5808,243 2147483647,000 2147483647,000
5287,995 5287,995 5287,995
5531,270 5287,995 5287,995
5577,030 5287,995 5287,995
5702,712 5287,995 5287,995
5808,243 5287,995 5287,995
5851,477 5287,995 5287,995
5854,147 5287,995 5287,995
5896,631 5287,995 5287,995
5909,699 5287,995 5287,995
6063,384 5287,995 5287,995
5938,702 5287,995 5287,995
5965,969 5287,995 5287,995
6342,656 5287,995 5287,995
6005,784 5287,995 5287,995
6079,172 5287,995 5287,995
6108,240 5287,995 5287,995
6114,011 5287,995 5287,995
6195,698 5287,995 5287,995
6330,283 5287,995 5287,995
6555,429 5287,995 5287,995
6068,475 5130,990 5130,990
5287,995 5130,990 5130,990
5363,216 5130,990 5130,990
5400,149 5130,990 5130,990
5531,270 5130,990 5130,990
5118,173 5130,990 5130,990
5594,977 5130,990 5130,990
5702,712 5130,990 5130,990
5987,633 5130,990 5130,990
5794,986 5130,990 5130,990
5808,243 5130,990 5130,990
5851,477 5130,990 5130,990
5854,147 5130,990 5130,990
5896,631 5130,990 5130,990
5909,699 5130,990 5130,990
5938,702 5130,990 5130,990
6438,110 5130,990 5130,990
5965,969 5130,990 5130,990
6005,784 5130,990 5130,990
6063,384 5130,990 5130,990
5118,173 5118,173 5118,173
5287,995 5118,173 5118,173
6360,329 5118,173 5118,173
5363,216 5118,173 5118,173
5400,149 5118,173 5118,173
5531,270 5118,173 5118,173
5594,977 5118,173 5118,173
5663,549 5118,173 5118,173
5702,712 5118,173 5118,173
5794,986 5118,173 5118,173
5808,243 5118,173 5118,173
5851,477 5118,173 5118,173
6430,697 5118,173 5118,173
5896,268 5118,173 5118,173
5896,631 5118,173 5118,173
5898,855 5118,173 5118,173
6566,204 5118,173 5118,173
5938,702 5118,173 5118,173
5965,969 5118,173 5118,173
6423,774 5118,173 5118,173
5821,608 5118,173 5118,173
5225,294 5118,173 5118,173
5278,821 5118,173 5118,173
5287,995 5118,173 5118,173
5835,172 5118,173 5118,173
5769,569 5118,173 5118,173
5367,727 5118,173 5118,173
5400,149 5118,173 5118,173
5502,175 5118,173 5118,173
5531,270 5118,173 5118,173
5584,879 5118,173 5118,173
6505,872 5118,173 5118,173
5596,938 5118,173 5118,173
5663,549 5118,173 5118,173
6336,184 5118,173 5118,173
5211,401 5118,173 5118,173
5707,126 5118,173 5118,173
5947,563 5118,173 5118,173
6302,914 5118,173 5118,173
6089,466 5118,173 5118,173
5211,401 5211,401 5118,173
5225,294 5211,401 5118,173
5270,648 5211,401 5118,173
6357,945 5211,401 5118,173
6277,462 5211,401 5118,173
5367,727 5211,401 5118,173
5400,149 5211,401 5118,173
5502,175 5211,401 5118,173
5531,270 5211,401 5118,173
5584,879 5211,401 5118,173
5596,938 5211,401 5118,173
5617,125 5211,401 5118,173
5663,549 5211,401 5118,173
6044,493 5211,401 5118,173
5724,720 5211,401 5118,173
5769,569 5211,401 5118,173
5821,608 5211,401 5118,173
5835,172 5211,401 5118,173
5947,563 5211,401 5118,173
6089,466 5211,401 5118,173
5211,401 5211,401 5118,173
5225,294 5211,401 5118,173
5270,648 5211,401 5118,173
5367,727 5211,401 5118,173
5413,005 5211,401 5118,173
4609,680 5211,401 5118,173
5481,764 5211,401 5118,173
5502,175 5211,401 5118,173
5531,270 5211,401 5118,173
5281,405 5211,401 5118,173
5584,879 5211,401 5118,173
5589,648 5211,401 5118,173
5596,938 5211,401 5118,173
5617,125 5211,401 5118,173
5663,549 5211,401 5118,173
5724,720 5211,401 5118,173
5769,569 5211,401 5118,173
5681,656 5211,401 5118,173
6173,121 5211,401 5118,173
6471,799 5211,401 5118,173
4220,666 4609,680 4609,680
5050,497 4609,680 4609,680
4629,629 4609,680 4609,680
5225,294 4609,680 4609,680
5522,556 4609,680 4609,680
5281,405 4609,680 4609,680
5367,727 4609,680 4609,680
5413,005 4609,680 4609,680
5481,764 4609,680 4609,680
5502,175 4609,680 4609,680
5527,553 4609,680 4609,680
5531,270 4609,680 4609,680
5584,879 4609,680 4609,680
5589,648 4609,680 4609,680
5596,938 4609,680 4609,680
5617,125 4609,680 4609,680
5661,962 4609,680 4609,680
6373,798 4609,680 4609,680
5681,656 4609,680 4609,680
5724,720 4609,680 4609,680
4220,666 4220,666 4220,666
4629,629 4220,666 4220,666
5050,497 4220,666 4220,666
5225,294 4220,666 4220,666
5281,405 4220,666 4220,666
5506,264 4220,666 4220,666
5413,005 4220,666 4220,666
5463,593 4220,666 4220,666
5502,175 4220,666 4220,666
5393,467 4220,666 4220,666
5527,553 4220,666 4220,666
5531,270 4220,666 4220,666
5558,986 4220,666 4220,666
5876,280 4220,666 4220,666
5589,648 4220,666 4220,666
5596,938 4220,666 4220,666
5617,125 4220,666 4220,666
5656,406 4220,666 4220,666
5661,962 4220,666 4220,666
5681,656 4220,666 4220,666
4220,666 4220,666 4220,666
4629,558 4220,666 4220,666
4629,558 4220,666 4220,666
4629,629 4220,666 4220,666
4667,551 4220,666 4220,666
4879,602 4220,666 4220,666
4960,157 4220,666 4220,666
5050,497 4220,666 4220,666
5225,294 4220,666 4220,666
5273,802 4220,666 4220,666
5286,039 4220,666 4220,666
5367,727 4220,666 4220,666
6101,425 4220,666 4220,666
5413,005 4220,666 4220,666
5424,747 4220,666 4220,666
5463,593 4220,666 4220,666
5769,282 4220,666 4220,666
5506,264 4220,666 4220,666
5527,553 4220,666 4220,666
6262,465 4220,666 4220,666
4220,666 4220,666 4220,666
5355,222 4220,666 4220,666
5813,005 4220,666 4220,666
4629,629 4220,666 4220,666
4667,551 4220,666 4220,666
4726,938 4220,666 4220,666
4839,058 4220,666 4220,666
4879,602 4220,666 4220,666
4892,461 4220,666 4220,666
5369,927 4220,666 4220,666
4970,482 4220,666 4220,666
5379,998 4220,666 4220,666
5050,497 4220,666 4220,666
5225,294 4220,666 4220,666
5244,470 4220,666 4220,666
5273,802 4220,666 4220,666
5286,039 4220,666 4220,666
5329,304 4220,666 4220,666
5356,997 4220,666 4220,666
4962,970 4220,666 4220,666
4220,666 4220,666 4220,666
4835,337 4220,666 4220,666
4629,558 4220,666 4220,666
4629,629 4220,666 4220,666
4667,551 4220,666 4220,666
4726,938 4220,666 4220,666
5286,716 4220,666 4220,666
4854,680 4220,666 4220,666
4879,602 4220,666 4220,666
4892,461 4220,666 4220,666
4931,114 4220,666 4220,666
4962,970 4220,666 4220,666
4970,482 4220,666 4220,666
5010,178 4220,666 4220,666
5050,497 4220,666 4220,666
5225,294 4220,666 4220,666
5244,470 4220,666 4220,666
5273,802 4220,666 4220,666
5286,039 4220,666 4220,666
5329,304 4220,666 4220,666
4913,207 4220,666 4220,666
4571,877 4220,666 4220,666
4629,558 4220,666 4220,666
4629,629 4220,666 4220,666
4667,551 4220,666 4220,666
4702,122 4220,666 4220,666
5710,427 4220,666 4220,666
4835,337 4220,666 4220,666
4854,680 4220,666 4220,666
4864,220 4220,666 4220,666
4879,602 4220,666 4220,666
4892,461 4220,666 4220,666
4931,114 4220,666 4220,666
4962,970 4220,666 4220,666
4970,482 4220,666 4220,666
5010,178 4220,666 4220,666
5010,178 4220,666 4220,666
6229,468 4220,666 4220,666
5055,961 4220,666 4220,666
5225,294 4220,666 4220,666
4315,119 4315,119 4220,666
4505,833 4315,119 4220,666
4517,229 4315,119 4220,666
4571,877 4315,119 4220,666
5153,270 4315,119 4220,666
4629,629 4315,119 4220,666
4832,052 4315,119 4220,666
4702,122 4315,119 4220,666
4736,425 4315,119 4220,666
4835,337 4315,119 4220,666
6282,822 4315,119 4220,666
4864,220 4315,119 4220,666
4864,220 4315,119 4220,666
4879,602 4315,119 4220,666
4892,461 4315,119 4220,666
4895,097 4315,119 4220,666
4789,438 4315,119 4220,666
4931,114 4315,119 4220,666
6219,131 4315,119 4220,666
4970,482 4315,119 4220,666
4939,121 4315,119 4220,666
4441,759 4315,119 4220,666
4505,833 4315,119 4220,666
4517,229 4315,119 4220,666
4571,877 4315,119 4220,666
4629,629 4315,119 4220,666
5047,267 4315,119 4220,666
6044,544 4315,119 4220,666
4702,122 4315,119 4220,666
5423,749 4315,119 4220,666
4789,438 4315,119 4220,666
4794,706 4315,119 4220,666
4832,052 4315,119 4220,666
5022,925 4315,119 4220,666
4864,220 4315,119 4220,666
4864,220 4315,119 4220,666
4879,602 4315,119 4220,666
4892,461 4315,119 4220,666
5465,075 4315,119 4220,666
5353,302 4315,119 4220,666
4962,897 4318,471 4220,666
4804,297 4318,471 4220,666
5283,879 4318,471 4220,666
4445,160 4318,471 4220,666
4505,833 4318,471 4220,666
5135,649 4318,471 4220,666
4571,877 4318,471 4220,666
4612,283 4318,471 4220,666
6145,072 4318,471 4220,666
5025,042 4318,471 4220,666
4702,122 4318,471 4220,666
4743,520 4318,471 4220,666
4789,438 4318,471 4220,666
4794,706 4318,471 4220,666
4865,023 4318,471 4220,666
4864,220 4318,471 4220,666
4864,220 4318,471 4220,666
4879,602 4318,471 4220,666
4892,461 4318,471 4220,666
4897,166 4318,471 4220,666
4445,160 4445,160 4220,666
5457,252 4445,160 4220,666
5465,077 4445,160 4220,666
4571,877 4445,160 4220,666
4595,132 4445,160 4220,666
4601,392 4445,160 4220,666
5035,123 4445,160 4220,666
4637,063 4445,160 4220,666
4702,122 4445,160 4220,666
4743,520 4445,160 4220,666
4747,681 4445,160 4220,666
4768,466 4445,160 4220,666
5752,983 4445,160 4220,666
4794,706 4445,160 4220,666
4804,297 4445,160 4220,666
4864,220 4445,160 4220,666
4864,220 4445,160 4220,666
4865,023 4445,160 4220,666
5311,424 4445,160 4220,666
5024,971 4445,160 4220,666
4311,209 4311,209 4220,666
5456,640 4311,209 4220,666
4228,373 4311,209 4220,666
5194,204 4311,209 4220,666
4481,193 4311,209 4220,666
4481,857 4311,209 4220,666
4571,289 4311,209 4220,666
4571,877 4311,209 4220,666
4595,132 4311,209 4220,666
5968,813 4311,209 4220,666
4637,063 4311,209 4220,666
4702,122 4311,209 4220,666
4743,520 4311,209 4220,666
4747,681 4311,209 4220,666
4764,009 4311,209 4220,666
4768,466 4311,209 4220,666
4794,706 4311,209 4220,666
5417,476 4311,209 4220,666
4864,220 4311,209 4220,666
4864,220 4311,209 4220,666
4228,373 4228,373 4220,666
4311,209 4228,373 4220,666
4903,107 4228,373 4220,666
4481,857 4228,373 4220,666
4532,705 4228,373 4220,666
4571,289 4228,373 4220,666
4571,289 4228,373 4220,666
5760,783 4228,373 4220,666
4571,877 4228,373 4220,666
4595,132 4228,373 4220,666
4609,414 4228,373 4220,666
4627,718 4228,373 4220,666
4631,971 4228,373 4220,666
4637,063 4228,373 4220,666
4702,122 4228,373 4220,666
4743,520 4228,373 4220,666
4747,681 4228,373 4220,666
4764,009 4228,373 4220,666
5419,348 4228,373 4220,666
4794,706 4228,373 4220,666
4027,657 4027,657 4027,657
4216,120 4027,657 4027,657
4884,654 4027,657 4027,657
4481,857 4027,657 4027,657
4532,705 4027,657 4027,657
4571,289 4027,657 4027,657
4296,202 4027,657 4027,657
4571,877 4027,657 4027,657
4595,132 4027,657 4027,657
4609,414 4027,657 4027,657
4357,933 4027,657 4027,657
4631,971 4027,657 4027,657
5082,333 4027,657 4027,657
4702,122 4027,657 4027,657
4743,520 4027,657 4027,657
5552,751 4027,657 4027,657
4747,681 4027,657 4027,657
4749,228 4027,657 4027,657
4764,009 4027,657 4027,657
5229,752 4027,657 4027,657
3704,209 3704,209 3704,209
4598,436 3704,209 3704,209
6189,488 3704,209 3704,209
4296,202 3704,209 3704,209
4803,305 3704,209 3704,209
4357,933 3704,209 3704,209
4447,536 3704,209 3704,209
4653,997 3704,209 3704,209
4481,857 3704,209 3704,209
4565,349 3704,209 3704,209
4532,705 3704,209 3704,209
4571,289 3704,209 3704,209
4571,877 3704,209 3704,209
4573,951 3704,209 3704,209
5359,367 3704,209 3704,209
4609,414 3704,209 3704,209
5028,330 3704,209 3704,209
4699,429 3704,209 3704,209
4702,122 3704,209 3704,209
4743,520 3704,209 3704,209
3704,209 3704,209 3704,209
4296,202 3704,209 3704,209
4311,209 3704,209 3704,209
4357,933 3704,209 3704,209
4396,477 3704,209 3704,209
4447,536 3704,209 3704,209
4481,857 3704,209 3704,209
5008,924 3704,209 3704,209
4565,349 3704,209 3704,209
4571,289 3704,209 3704,209
4571,877 3704,209 3704,209
4573,951 3704,209 3704,209
4598,436 3704,209 3704,209
4609,414 3704,209 3704,209
4653,997 3704,209 3704,209
4674,771 3704,209 3704,209
4699,429 3704,209 3704,209
5876,077 3704,209 3704,209
6044,991 3704,209 3704,209
4803,305 3704,209 3704,209
5152,232 3704,209 3704,209
3805,435 3704,209 3704,209
5257,324 3704,209 3704,209
4296,202 3704,209 3704,209
4311,209 3704,209 3704,209
4357,933 3704,209 3704,209
4396,477 3704,209 3704,209
4435,308 3704,209 3704,209
4447,536 3704,209 3704,209
5118,000 3704,209 3704,209
4565,349 3704,209 3704,209
4571,289 3704,209 3704,209
4571,877 3704,209 3704,209
4573,951 3704,209 3704,209
4582,580 3704,209 3704,209
4598,436 3704,209 3704,209
4609,414 3704,209 3704,209
4653,997 3704,209 3704,209
4674,771 3704,209 3704,209
4690,964 3704,209 3704,209
3805,435 3805,435 3704,209
4517,772 3805,435 3704,209
4311,209 3805,435 3704,209
4311,209 3805,435 3704,209
4357,933 3805,435 3704,209
4708,894 3805,435 3704,209
5507,998 3805,435 3704,209
4435,308 3805,435 3704,209
4447,536 3805,435 3704,209
4545,452 3805,435 3704,209
4565,349 3805,435 3704,209
4571,289 3805,435 3704,209
4571,289 3805,435 3704,209
4571,877 3805,435 3704,209
4573,951 3805,435 3704,209
4582,580 3805,435 3704,209
4598,436 3805,435 3704,209
4609,414 3805,435 3704,209
5228,598 3805,435 3704,209
4707,039 3805,435 3704,209
3805,435 3805,435 3704,209
4098,695 3805,435 3704,209
4311,209 3805,435 3704,209
4311,209 3805,435 3704,209
4357,933 3805,435 3704,209
4421,762 3805,435 3704,209
4426,139 3805,435 3704,209
4435,308 3805,435 3704,209
6041,989 3805,435 3704,209
4832,934 3805,435 3704,209
4517,772 3805,435 3704,209
4545,452 3805,435 3704,209
4565,349 3805,435 3704,209
4571,289 3805,435 3704,209
4416,285 3805,435 3704,209
4571,877 3805,435 3704,209
5693,222 3805,435 3704,209
4530,822 3805,435 3704,209
4775,977 3805,435 3704,209
4609,414 3805,435 3704,209
3805,435 3805,435 3704,209
3937,303 3805,435 3704,209
3959,700 3805,435 3704,209
4096,787 3805,435 3704,209
4098,695 3805,435 3704,209
4110,862 3805,435 3704,209
4311,209 3805,435 3704,209
4311,209 3805,435 3704,209
4357,933 3805,435 3704,209
4416,285 3805,435 3704,209
4419,435 3805,435 3704,209
4421,762 3805,435 3704,209
5983,849 3805,435 3704,209
4435,308 3805,435 3704,209
4517,772 3805,435 3704,209
4530,822 3805,435 3704,209
4545,452 3805,435 3704,209
5025,526 3805,435 3704,209
4565,349 3805,435 3704,209
4571,289 3805,435 3704,209
3805,435 3805,435 3704,209
3886,261 3805,435 3704,209
3937,303 3805,435 3704,209
4738,395 3805,435 3704,209
4096,787 3805,435 3704,209
4098,695 3805,435 3704,209
4110,862 3805,435 3704,209
4123,324 3805,435 3704,209
4311,209 3805,435 3704,209
4311,209 3805,435 3704,209
4357,933 3805,435 3704,209
4371,606 3805,435 3704,209
4416,285 3805,435 3704,209
4419,435 3805,435 3704,209
4421,762 3805,435 3704,209
4421,762 3805,435 3704,209
4612,173 3805,435 3704,209
4435,308 3805,435 3704,209
4463,171 3805,435 3704,209
4517,772 3805,435 3704,209
3805,435 3805,435 3704,209
3886,261 3805,435 3704,209
3937,303 3805,435 3704,209
4284,962 3805,435 3704,209
4009,315 3805,435 3704,209
4046,150 3805,435 3704,209
4619,108 3805,435 3704,209
4098,695 3805,435 3704,209
4187,043 3805,435 3704,209
4123,324 3805,435 3704,209
4128,489 3805,435 3704,209
4169,369 3805,435 3704,209
4237,305 3805,435 3704,209
4585,191 3805,435 3704,209
4605,837 3805,435 3704,209
6534,856 3805,435 3704,209
4641,158 3805,435 3704,209
4371,606 3805,435 3704,209
4406,505 3805,435 3704,209
4407,452 3805,435 3704,209
3805,435 3805,435 3704,209
3852,683 3805,435 3704,209
3886,261 3805,435 3704,209
3937,303 3805,435 3704,209
3959,658 3805,435 3704,209
4009,315 3805,435 3704,209
4025,566 3805,435 3704,209
4046,150 3805,435 3704,209
4098,695 3805,435 3704,209
4108,430 3805,435 3704,209
4123,324 3805,435 3704,209
4128,489 3805,435 3704,209
4137,651 3805,435 3704,209
4169,369 3805,435 3704,209
5874,883 3805,435 3704,209
4237,305 3805,435 3704,209
4283,521 3805,435 3704,209
4284,962 3805,435 3704,209
4299,373 3805,435 3704,209
5189,236 3805,435 3704,209
3714,666 3714,666 3704,209
4470,443 3714,666 3704,209
3818,841 3714,666 3704,209
3852,683 3714,666 3704,209
3886,261 3714,666 3704,209
3937,303 3714,666 3704,209
3959,658 3714,666 3704,209
4003,982 3714,666 3704,209
4009,315 3714,666 3704,209
5049,772 3714,666 3704,209
5742,274 3714,666 3704,209
4059,359 3714,666 3704,209
4098,695 3714,666 3704,209
5735,906 3714,666 3704,209
4119,491 3714,666 3704,209
4215,660 3714,666 3704,209
4123,324 3714,666 3704,209
4128,489 3714,666 3704,209
4322,324 3714,666 3704,209
5914,532 3714,666 3704,209
3714,666 3714,666 3704,209
3723,859 3714,666 3704,209
3730,578 3714,666 3704,209
3735,911 3714,666 3704,209
3735,911 3714,666 3704,209
4007,867 3714,666 3704,209
3852,683 3714,666 3704,209
3854,654 3714,666 3704,209
3854,654 3714,666 3704,209
3886,261 3714,666 3704,209
3937,303 3714,666 3704,209
3959,658 3714,666 3704,209
4003,982 3714,666 3704,209
4007,146 3714,666 3704,209
4009,315 3714,666 3704,209
4059,359 3714,666 3704,209
4098,695 3714,666 3704,209
4119,491 3714,666 3704,209
4123,324 3714,666 3704,209
4128,489 3714,666 3704,209
3714,666 3714,666 3704,209
3714,666 3714,666 3704,209
3723,859 3714,666 3704,209
3730,578 3714,666 3704,209
3735,911 3714,666 3704,209
3735,911 3714,666 3704,209
5060,407 3714,666 3704,209
3818,841 3714,666 3704,209
3852,683 3714,666 3704,209
3854,654 3714,666 3704,209
4791,236 3714,666 3704,209
3854,654 3714,666 3704,209
3886,261 3714,666 3704,209
3937,303 3714,666 3704,209
4645,191 3714,666 3704,209
4003,982 3714,666 3704,209
4137,667 3714,666 3704,209
4381,313 3714,666 3704,209
4009,315 3714,666 3704,209
4281,993 3714,666 3704,209
4294,608 3714,666 3704,209
3714,666 3714,666 3704,209
3714,666 3714,666 3704,209
3718,526 3714,666 3704,209
4132,819 3714,666 3704,209
3730,578 3714,666 3704,209
3735,911 3714,666 3704,209
3918,551 3714,666 3704,209
3735,911 3714,666 3704,209
3741,035 3714,666 3704,209
3818,841 3714,666 3704,209
3818,841 3714,666 3704,209
3818,841 3714,666 3704,209
3852,683 3714,666 3704,209
4698,136 3714,666 3704,209
3854,654 3714,666 3704,209
3854,654 3714,666 3704,209
3886,261 3714,666 3704,209
3905,326 3714,666 3704,209
3937,303 3714,666 3704,209
3585,842 3585,842 3585,842
3714,666 3585,842 3585,842
3913,640 3585,842 3585,842
3714,666 3585,842 3585,842
4341,946 3585,842 3585,842
3723,859 3585,842 3585,842
3730,578 3585,842 3585,842
3735,911 3585,842 3585,842
3735,911 3585,842 3585,842
4128,892 3585,842 3585,842
3818,841 3585,842 3585,842
3818,841 3585,842 3585,842
3818,841 3585,842 3585,842
3852,683 3585,842 3585,842
3854,654 3585,842 3585,842
3854,654 3585,842 3585,842
4594,426 3585,842 3585,842
3880,928 3585,842 3585,842
3886,261 3585,842 3585,842
3905,326 3585,842 3585,842
3585,842 3585,842 3585,842
3694,128 3585,842 3585,842
3739,805 3585,842 3585,842
3714,666 3585,842 3585,842
4331,157 3585,842 3585,842
3955,852 3585,842 3585,842
3730,578 3585,842 3585,842
3735,911 3585,842 3585,842
3735,911 3585,842 3585,842
3735,911 3585,842 3585,842
3735,911 3585,842 3585,842
3735,911 3585,842 3585,842
3746,368 3585,842 3585,842
3746,368 3585,842 3585,842
3787,139 3585,842 3585,842
4882,917 3585,842 3585,842
3794,139 3585,842 3585,842
3858,297 3585,842 3585,842
3818,841 3585,842 3585,842
3818,841 3585,842 3585,842
3585,842 3585,842 3585,842
3658,315 3585,842 3585,842
3694,128 3585,842 3585,842
3698,876 3585,842 3585,842
3704,209 3585,842 3585,842
3714,666 3585,842 3585,842
4550,488 3585,842 3585,842
6037,292 3585,842 3585,842
3735,911 3585,842 3585,842
3735,911 3585,842 3585,842
3735,911 3585,842 3585,842
3735,911 3585,842 3585,842
3735,911 3585,842 3585,842
3735,911 3585,842 3585,842
3735,911 3585,842 3585,842
3735,911 3585,842 3585,842
3735,911 3585,842 3585,842
5630,927 3585,842 3585,842
3746,368 3585,842 3585,842
3746,368 3585,842 3585,842
5297,054 3575,385 3575,385
4641,289 3575,385 3575,385
3585,842 3575,385 3575,385
3658,315 3575,385 3575,385
4742,976 3575,385 3575,385
3698,876 3575,385 3575,385
3704,209 3575,385 3575,385
3714,666 3575,385 3575,385
5638,016 3575,385 3575,385
7256,308 3575,385 3575,385
3733,304 3575,385 3575,385
5620,950 3575,385 3575,385
3730,578 3575,385 3575,385
5077,393 3575,385 3575,385
3735,911 3575,385 3575,385
3735,911 3575,385 3575,385
3735,911 3575,385 3575,385
3735,911 3575,385 3575,385
4539,374 3575,385 3575,385
5420,726 3575,385 3575,385
3575,385 3575,385 3575,385
3575,385 3575,385 3575,385
4175,059 3575,385 3575,385
4538,360 3575,385 3575,385
3658,315 3575,385 3575,385
4435,356 3575,385 3575,385
3698,876 3575,385 3575,385
3704,209 3575,385 3575,385
3709,333 3575,385 3575,385
3714,666 3575,385 3575,385
5667,075 3575,385 3575,385
3714,666 3575,385 3575,385
6253,752 3575,385 3575,385
3730,578 3575,385 3575,385
3733,304 3575,385 3575,385
3735,911 3575,385 3575,385
3735,911 3575,385 3575,385
3735,911 3575,385 3575,385
3735,911 3575,385 3575,385
3735,911 3575,385 3575,385
3550,737 3575,385 3575,385
3575,385 3575,385 3575,385
3658,315 3575,385 3575,385
4003,897 3575,385 3575,385
3704,209 3575,385 3575,385
3619,127 3575,385 3575,385
3704,209 3575,385 3575,385
5569,482 3575,385 3575,385
5247,406 3575,385 3575,385
3714,666 3575,385 3575,385
3714,666 3575,385 3575,385
6007,443 3575,385 3575,385
3730,578 3575,385 3575,385
4837,881 3575,385 3575,385
5868,107 3575,385 3575,385
3735,911 3575,385 3575,385
3735,911 3575,385 3575,385
3735,911 3575,385 3575,385
3893,394 3575,385 3575,385
5124,919 3575,385 3575,385
4121,037 3550,737 3550,737
3575,385 3550,737 3550,737
3619,127 3550,737 3550,737
3658,315 3550,737 3550,737
4146,289 3550,737 3550,737
3704,209 3550,737 3550,737
3704,209 3550,737 3550,737
3704,209 3550,737 3550,737
3711,949 3550,737 3550,737
3714,666 3550,737 3550,737
3714,666 3550,737 3550,737
3714,666 3550,737 3550,737
3714,666 3550,737 3550,737
3698,876 3550,737 3550,737
3735,911 3550,737 3550,737
4517,186 3550,737 3550,737
3735,911 3550,737 3550,737
3735,911 3550,737 3550,737
5872,789 3550,737 3550,737
4723,487 3550,737 3550,737
3575,385 3575,385 3550,737
3575,385 3575,385 3550,737
4878,449 3575,385 3550,737
4456,106 3575,385 3550,737
3658,315 3575,385 3550,737
4855,942 3575,385 3550,737
3698,876 3575,385 3550,737
3704,209 3575,385 3550,737
3704,209 3575,385 3550,737
3704,209 3575,385 3550,737
3704,209 3575,385 3550,737
4913,855 3575,385 3550,737
3711,949 3575,385 3550,737
5027,247 3575,385 3550,737
3714,666 3575,385 3550,737
3714,666 3575,385 3550,737
3714,666 3575,385 3550,737
3735,911 3575,385 3550,737
3735,911 3575,385 3550,737
3735,911 3575,385 3550,737
3575,385 3575,385 3550,737
3575,385 3575,385 3550,737
4145,007 3575,385 3550,737
3575,385 3575,385 3550,737
4528,123 3575,385 3550,737
3585,842 3575,385 3550,737
3628,233 3575,385 3550,737
3658,315 3575,385 3550,737
4157,239 3575,385 3550,737
3704,209 3575,385 3550,737
3704,209 3575,385 3550,737
3704,209 3575,385 3550,737
3704,209 3575,385 3550,737
3704,209 3575,385 3550,737
3704,209 3575,385 3550,737
4641,054 3575,385 3550,737
3711,949 3575,385 3550,737
3714,666 3575,385 3550,737
4368,230 3575,385 3550,737
3714,666 3575,385 3550,737
3575,385 3575,385 3550,737
4139,210 3575,385 3550,737
3575,385 3575,385 3550,737
3848,995 3575,385 3550,737
3575,385 3575,385 3550,737
5319,232 3575,385 3550,737
3575,385 3575,385 3550,737
3575,385 3575,385 3550,737
3585,842 3575,385 3550,737
3628,233 3575,385 3550,737
3906,326 3575,385 3550,737
3704,209 3575,385 3550,737
3704,209 3575,385 3550,737
5280,317 3575,385 3550,737
4235,325 3575,385 3550,737
3704,209 3575,385 3550,737
4815,415 3575,385 3550,737
3704,209 3575,385 3550,737
4243,286 3575,385 3550,737
3704,209 3575,385 3550,737
3575,385 3575,385 3550,737
3930,933 3575,385 3550,737
3992,485 3575,385 3550,737
3575,385 3575,385 3550,737
3575,385 3575,385 3550,737
3575,385 3575,385 3550,737
3585,842 3575,385 3550,737
3949,305 3575,385 3550,737
3617,776 3575,385 3550,737
3628,233 3575,385 3550,737
3658,315 3575,385 3550,737
4425,618 3575,385 3550,737
3704,209 3575,385 3550,737
4908,238 3575,385 3550,737
3704,209 3575,385 3550,737
3704,209 3575,385 3550,737
5514,877 3575,385 3550,737
3704,209 3575,385 3550,737
4693,198 3575,385 3550,737
3704,209 3575,385 3550,737
3944,747 3557,293 3550,737
3575,385 3557,293 3550,737
3575,385 3557,293 3550,737
3575,385 3557,293 3550,737
3575,385 3557,293 3550,737
3575,385 3557,293 3550,737
4342,035 3557,293 3550,737
3575,385 3557,293 3550,737
3824,369 3557,293 3550,737
3575,385 3557,293 3550,737
3575,385 3557,293 3550,737
3585,842 3557,293 3550,737
5487,356 3557,293 3550,737
3617,776 3557,293 3550,737
3628,233 3557,293 3550,737
3628,233 3557,293 3550,737
3649,350 3557,293 3550,737
4437,259 3557,293 3550,737
4212,690 3557,293 3550,737
3704,209 3557,293 3550,737
3499,409 3499,409 3499,409
3499,409 3499,409 3499,409
3499,409 3499,409 3499,409
3575,385 3499,409 3499,409
3575,385 3499,409 3499,409
3575,385 3499,409 3499,409
3575,385 3499,409 3499,409
3575,385 3499,409 3499,409
3575,385 3499,409 3499,409
3575,385 3499,409 3499,409
3575,385 3499,409 3499,409
3575,385 3499,409 3499,409
4605,201 3499,409 3499,409
3575,385 3499,409 3499,409
3585,842 3499,409 3499,409
3609,524 3499,409 3499,409
3610,256 3499,409 3499,409
3610,256 3499,409 3499,409
5078,344 3499,409 3499,409
3617,776 3499,409 3499,409
4307,503 3499,409 3499,409
3499,409 3499,409 3499,409
3499,409 3499,409 3499,409
3567,750 3499,409 3499,409
3567,750 3499,409 3499,409
3567,750 3499,409 3499,409
3575,385 3499,409 3499,409
3575,385 3499,409 3499,409
4157,420 3499,409 3499,409
3575,385 3499,409 3499,409
3575,385 3499,409 3499,409
3575,385 3499,409 3499,409
3575,385 3499,409 3499,409
4127,277 3499,409 3499,409
3575,385 3499,409 3499,409
5551,217 3499,409 3499,409
3575,385 3499,409 3499,409
4635,784 3499,409 3499,409
3585,842 3499,409 3499,409
3609,524 3499,409 3499,409
3499,409 3499,409 3499,409
3499,409 3499,409 3499,409
3557,293 3499,409 3499,409
3764,094 3499,409 3499,409
5182,200 3499,409 3499,409
3567,750 3499,409 3499,409
3824,199 3499,409 3499,409
3567,750 3499,409 3499,409
3575,385 3499,409 3499,409
3575,385 3499,409 3499,409
3575,385 3499,409 3499,409
3575,385 3499,409 3499,409
3575,385 3499,409 3499,409
3575,385 3499,409 3499,409
3575,385 3499,409 3499,409
3575,385 3499,409 3499,409
3575,385 3499,409 3499,409
3575,385 3499,409 3499,409
3787,909 3499,409 3499,409
3575,385 3499,409 3499,409
4405,580 3488,952 3488,952
3499,409 3488,952 3488,952
3499,409 3488,952 3488,952
3557,293 3488,952 3488,952
3557,293 3488,952 3488,952
3557,293 3488,952 3488,952
3557,293 3488,952 3488,952
5161,764 3488,952 3488,952
4454,717 3488,952 3488,952
3575,385 3488,952 3488,952
3575,385 3488,952 3488,952
3575,385 3488,952 3488,952
3575,385 3488,952 3488,952
3575,385 3488,952 3488,952
3575,385 3488,952 3488,952
3759,757 3488,952 3488,952
3455,335 3488,952 3488,952
4060,980 3488,952 3488,952
3575,385 3488,952 3488,952
3575,385 3488,952 3488,952
3455,335 3455,335 3455,335
3488,952 3455,335 3455,335
5049,635 3455,335 3455,335
5705,202 3455,335 3455,335
4544,369 3455,335 3455,335
3557,293 3455,335 3455,335
3557,293 3455,335 3455,335
6013,042 3455,335 3455,335
3557,293 3455,335 3455,335
3557,293 3455,335 3455,335
3557,293 3455,335 3455,335
3567,750 3455,335 3455,335
3575,385 3455,335 3455,335
3898,526 3455,335 3455,335
3575,385 3455,335 3455,335
3575,385 3455,335 3455,335
5852,322 3455,335 3455,335
4020,184 3455,335 3455,335
4947,036 3455,335 3455,335
3575,385 3455,335 3455,335
3455,335 3455,335 3455,335
3488,952 3455,335 3455,335
3499,409 3455,335 3455,335
3557,293 3455,335 3455,335
3557,293 3455,335 3455,335
3557,293 3455,335 3455,335
3557,293 3455,335 3455,335
3557,293 3455,335 3455,335
5206,601 3455,335 3455,335
3567,750 3455,335 3455,335
3575,385 3455,335 3455,335
3575,385 3455,335 3455,335
3575,385 3455,335 3455,335
3575,385 3455,335 3455,335
3907,827 3455,335 3455,335
3575,385 3455,335 3455,335
3575,385 3455,335 3455,335
3575,385 3455,335 3455,335
4458,116 3455,335 3455,335
4020,184 3455,335 3455,335
3437,243 3437,243 3437,243
3455,335 3437,243 3437,243
4263,609 3437,243 3437,243
3499,409 3437,243 3437,243
3557,293 3437,243 3437,243
3557,293 3437,243 3437,243
4390,734 3437,243 3437,243
5549,260 3437,243 3437,243
5224,729 3437,243 3437,243
3557,293 3437,243 3437,243
3730,235 3437,243 3437,243
3557,293 3437,243 3437,243
3557,293 3437,243 3437,243
3727,613 3437,243 3437,243
5193,233 3437,243 3437,243
3575,385 3437,243 3437,243
3575,385 3437,243 3437,243
3575,385 3437,243 3437,243
3575,385 3437,243 3437,243
3575,385 3437,243 3437,243
4837,483 3437,243 3437,243
3455,335 3437,243 3437,243
3455,335 3437,243 3437,243
5855,311 3437,243 3437,243
3919,831 3437,243 3437,243
3557,293 3437,243 3437,243
3557,293 3437,243 3437,243
3557,293 3437,243 3437,243
3557,293 3437,243 3437,243
3557,293 3437,243 3437,243
3557,293 3437,243 3437,243
4146,510 3437,243 3437,243
3557,293 3437,243 3437,243
3557,293 3437,243 3437,243
5544,652 3437,243 3437,243
3557,293 3437,243 3437,243
3575,385 3437,243 3437,243
3575,385 3437,243 3437,243
3575,385 3437,243 3437,243
3575,385 3437,243 3437,243
3455,335 3455,335 3437,243
3455,335 3455,335 3437,243
5010,176 3455,335 3437,243
4733,549 3455,335 3437,243
3557,293 3455,335 3437,243
3557,293 3455,335 3437,243
3557,293 3455,335 3437,243
4986,982 3455,335 3437,243
3557,293 3455,335 3437,243
3557,293 3455,335 3437,243
3557,293 3455,335 3437,243
3557,293 3455,335 3437,243
3557,293 3455,335 3437,243
4445,325 3455,335 3437,243
3557,293 3455,335 3437,243
3575,385 3455,335 3437,243
3575,385 3455,335 3437,243
3575,385 3455,335 3437,243
3575,385 3455,335 3437,243
3575,385 3455,335 3437,243
3437,243 3437,243 3437,243
3437,243 3437,243 3437,243
3455,335 3437,243 3437,243
3790,658 3437,243 3437,243
3865,887 3437,243 3437,243
3813,742 3437,243 3437,243
3557,293 3437,243 3437,243
3557,293 3437,243 3437,243
3557,293 3437,243 3437,243
3557,293 3437,243 3437,243
5921,040 3437,243 3437,243
4921,850 3437,243 3437,243
3557,293 3437,243 3437,243
3557,293 3437,243 3437,243
3557,293 3437,243 3437,243
3557,293 3437,243 3437,243
3557,293 3437,243 3437,243
3557,293 3437,243 3437,243
3575,385 3437,243 3437,243
3575,385 3437,243 3437,243
4526,068 3437,243 3437,243
3437,243 3437,243 3437,243
3437,243 3437,243 3437,243
4032,865 3437,243 3437,243
3591,432 3437,243 3437,243
3557,293 3437,243 3437,243
4757,907 3437,243 3437,243
4951,401 3437,243 3437,243
6220,381 3437,243 3437,243
3557,293 3437,243 3437,243
3557,293 3437,243 3437,243
3557,293 3437,243 3437,243
3845,483 3437,243 3437,243
5210,517 3437,243 3437,243
3557,293 3437,243 3437,243
3557,293 3437,243 3437,243
5041,088 3437,243 3437,243
3575,385 3437,243 3437,243
3575,385 3437,243 3437,243
3575,385 3437,243 3437,243
3813,778 3437,243 3437,243
3437,243 3437,243 3437,243
4034,723 3437,243 3437,243
3964,565 3437,243 3437,243
3557,293 3437,243 3437,243
3557,293 3437,243 3437,243
3557,293 3437,243 3437,243
3557,293 3437,243 3437,243
3557,293 3437,243 3437,243
3557,293 3437,243 3437,243
3557,293 3437,243 3437,243
3557,293 3437,243 3437,243
3557,293 3437,243 3437,243
3575,385 3437,243 3437,243
5425,274 3437,243 3437,243
3575,385 3437,243 3437,243
3575,385 3437,243 3437,243
3831,834 3437,243 3437,243
3591,432 3437,243 3437,243
3629,949 3437,243 3437,243
3437,243 3437,243 3437,243
3437,243 3437,243 3437,243
3437,243 3437,243 3437,243
3557,293 3437,243 3437,243
3557,293 3437,243 3437,243
4138,711 3437,243 3437,243
3789,286 3437,243 3437,243
3557,293 3437,243 3437,243
5684,732 3437,243 3437,243
3557,293 3437,243 3437,243
3557,293 3437,243 3437,243
3508,491 3437,243 3437,243
3557,293 3437,243 3437,243
3557,293 3437,243 3437,243
3557,293 3437,243 3437,243
3557,293 3437,243 3437,243
3557,293 3437,243 3437,243
3702,293 3437,243 3437,243
3557,293 3437,243 3437,243
3575,385 3437,243 3437,243
5714,357 3437,243 3437,243
3437,243 3437,243 3437,243
3437,243 3437,243 3437,243
3999,720 3437,243 3437,243
3478,868 3437,243 3437,243
3508,491 3437,243 3437,243
3557,293 3437,243 3437,243
3557,293 3437,243 3437,243
5316,050 3437,243 3437,243
3557,293 3437,243 3437,243
4331,112 3437,243 3437,243
3557,293 3437,243 3437,243
3557,293 3437,243 3437,243
3557,293 3437,243 3437,243
3557,293 3437,243 3437,243
4995,697 3437,243 3437,243
3557,293 3437,243 3437,243
5208,699 3437,243 3437,243
4408,109 3437,243 3437,243
3557,293 3437,243 3437,243
3395,250 3437,243 3437,243
4756,951 3437,243 3437,243
3437,243 3437,243 3437,243
3478,868 3437,243 3437,243
3478,868 3437,243 3437,243
3508,491 3437,243 3437,243
3557,293 3437,243 3437,243
3557,293 3437,243 3437,243
3557,293 3437,243 3437,243
3557,293 3437,243 3437,243
3557,293 3437,243 3437,243
4206,701 3437,243 3437,243
3557,293 3437,243 3437,243
3952,909 3437,243 3437,243
3557,293 3437,243 3437,243
3557,293 3437,243 3437,243
3557,293 3437,243 3437,243
3755,900 3437,243 3437,243
4977,382 3437,243 3437,243
3557,293 3437,243 3437,243
3395,250 3395,250 3395,250
3437,243 3395,250 3395,250
3478,868 3395,250 3395,250
3478,868 3395,250 3395,250
4279,235 3395,250 3395,250
4221,389 3395,250 3395,250
3557,293 3395,250 3395,250
3557,293 3395,250 3395,250
3557,293 3395,250 3395,250
4320,145 3395,250 3395,250
3557,293 3395,250 3395,250
6197,122 3395,250 3395,250
3557,293 3395,250 3395,250
3557,293 3395,250 3395,250
3557,293 3395,250 3395,250
3838,538 3395,250 3395,250
3557,293 3395,250 3395,250
3557,293 3395,250 3395,250
3557,293 3395,250 3395,250
3557,293 3395,250 3395,250
3395,250 3395,250 3395,250
4858,189 3395,250 3395,250
3437,243 3395,250 3395,250
4141,739 3395,250 3395,250
3478,868 3395,250 3395,250
3478,868 3395,250 3395,250
3508,491 3395,250 3395,250
3557,293 3395,250 3395,250
3557,293 3395,250 3395,250
3557,293 3395,250 3395,250
3557,293 3395,250 3395,250
3557,293 3395,250 3395,250
4896,635 3395,250 3395,250
3557,293 3395,250 3395,250
3557,293 3395,250 3395,250
3557,293 3395,250 3395,250
3557,293 3395,250 3395,250
3557,293 3395,250 3395,250
3557,293 3395,250 3395,250
3842,981 3395,250 3395,250
3395,250 3395,250 3395,250
5126,007 3395,250 3395,250
3437,243 3395,250 3395,250
3437,243 3395,250 3395,250
4475,562 3395,250 3395,250
3478,868 3395,250 3395,250
3478,868 3395,250 3395,250
3478,868 3395,250 3395,250
3508,491 3395,250 3395,250
5633,422 3395,250 3395,250
5040,359 3395,250 3395,250
3557,293 3395,250 3395,250
3557,293 3395,250 3395,250
3557,293 3395,250 3395,250
3557,293 3395,250 3395,250
3557,293 3395,250 3395,250
3557,293 3395,250 3395,250
3557,293 3395,250 3395,250
3557,293 3395,250 3395,250
3557,293 3395,250 3395,250
3395,250 3395,250 3395,250
3437,243 3395,250 3395,250
3437,243 3395,250 3395,250
3437,243 3395,250 3395,250
3437,243 3395,250 3395,250
4767,947 3395,250 3395,250
3478,868 3395,250 3395,250
3478,868 3395,250 3395,250
3478,868 3395,250 3395,250
3478,868 3395,250 3395,250
3873,676 3395,250 3395,250
3508,491 3395,250 3395,250
3557,293 3395,250 3395,250
3557,293 3395,250 3395,250
6062,017 3395,250 3395,250
3557,293 3395,250 3395,250
4026,147 3395,250 3395,250
3557,293 3395,250 3395,250
5340,156 3395,250 3395,250
3557,293 3395,250 3395,250
3395,250 3395,250 3395,250
3437,243 3395,250 3395,250
3437,243 3395,250 3395,250
3437,243 3395,250 3395,250
3437,243 3395,250 3395,250
4661,597 3395,250 3395,250
4949,595 3395,250 3395,250
5817,789 3395,250 3395,250
4496,571 3395,250 3395,250
4244,034 3395,250 3395,250
3478,868 3395,250 3395,250
4536,754 3395,250 3395,250
4716,391 3395,250 3395,250
3478,868 3395,250 3395,250
3478,868 3395,250 3395,250
3478,868 3395,250 3395,250
5500,886 3395,250 3395,250
3508,491 3395,250 3395,250
4531,637 3395,250 3395,250
3813,742 3395,250 3395,250
4683,701 3388,441 3388,441
3395,250 3388,441 3388,441
3437,243 3388,441 3388,441
3437,243 3388,441 3388,441
3437,243 3388,441 3388,441
4873,805 3388,441 3388,441
3437,243 3388,441 3388,441
3688,614 3388,441 3388,441
3437,243 3388,441 3388,441
3437,243 3388,441 3388,441
3437,243 3388,441 3388,441
3478,868 3388,441 3388,441
3478,868 3388,441 3388,441
3478,868 3388,441 3388,441
3478,868 3388,441 3388,441
3478,868 3388,441 3388,441
3478,868 3388,441 3388,441
3508,491 3388,441 3388,441
3557,293 3388,441 3388,441
3735,126 3388,441 3388,441
3126,833 3126,833 3126,833
3388,441 3126,833 3126,833
4288,900 3126,833 3126,833
3395,250 3126,833 3126,833
3437,243 3126,833 3126,833
3437,243 3126,833 3126,833
3437,243 3126,833 3126,833
5466,383 3126,833 3126,833
3437,243 3126,833 3126,833
3437,243 3126,833 3126,833
3437,243 3126,833 3126,833
3437,243 3126,833 3126,833
4685,274 3126,833 3126,833
3437,243 3126,833 3126,833
3437,243 3126,833 3126,833
3574,078 3126,833 3126,833
4402,131 3126,833 3126,833
3830,418 3126,833 3126,833
3437,243 3126,833 3126,833
3478,868 3126,833 3126,833
3126,833 3126,833 3126,833
4821,164 3126,833 3126,833
3388,441 3126,833 3126,833
5276,450 3126,833 3126,833
3388,441 3126,833 3126,833
3388,441 3126,833 3126,833
3388,441 3126,833 3126,833
3395,250 3126,833 3126,833
3437,243 3126,833 3126,833
3856,242 3126,833 3126,833
4726,801 3126,833 3126,833
3437,243 3126,833 3126,833
3437,243 3126,833 3126,833
3437,243 3126,833 3126,833
3437,243 3126,833 3126,833
3437,243 3126,833 3126,833
4114,772 3126,833 3126,833
3437,243 3126,833 3126,833
3437,243 3126,833 3126,833
3437,243 3126,833 3126,833
3126,833 3126,833 3126,833
3126,833 3126,833 3126,833
3201,448 3126,833 3126,833
3250,250 3126,833 3126,833
3250,250 3126,833 3126,833
3313,826 3126,833 3126,833
3388,441 3126,833 3126,833
3388,441 3126,833 3126,833
3388,441 3126,833 3126,833
4842,598 3126,833 3126,833
3395,250 3126,833 3126,833
3395,250 3126,833 3126,833
3437,243 3126,833 3126,833
3437,243 3126,833 3126,833
3437,243 3126,833 3126,833
3437,243 3126,833 3126,833
4706,041 3126,833 3126,833
3437,243 3126,833 3126,833
3437,243 3126,833 3126,833
3437,243 3126,833 3126,833
3592,054 3126,833 3126,833
3126,833 3126,833 3126,833
3126,833 3126,833 3126,833
3126,833 3126,833 3126,833
4103,870 3126,833 3126,833
3175,731 3126,833 3126,833
6366,930 3126,833 3126,833
3201,448 3126,833 3126,833
3250,250 3126,833 3126,833
5298,557 3126,833 3126,833
3293,051 3126,833 3126,833
4436,860 3126,833 3126,833
4644,825 3126,833 3126,833
3388,441 3126,833 3126,833
3388,441 3126,833 3126,833
3388,441 3126,833 3126,833
3388,441 3126,833 3126,833
3395,250 3126,833 3126,833
3567,697 3126,833 3126,833
3437,243 3126,833 3126,833
3105,316 3105,316 3105,316
6492,025 3105,316 3105,316
3126,833 3105,316 3105,316
4861,552 3105,316 3105,316
3490,482 3105,316 3105,316
3756,225 3105,316 3105,316
3201,448 3105,316 3105,316
3377,585 3105,316 3105,316
4125,364 3105,316 3105,316
4142,278 3105,316 3105,316
3223,655 3105,316 3105,316
3250,250 3105,316 3105,316
3628,018 3105,316 3105,316
3293,051 3105,316 3105,316
5494,427 3105,316 3105,316
3472,770 3105,316 3105,316
4095,053 3105,316 3105,316
3388,441 3105,316 3105,316
3388,441 3105,316 3105,316
3388,441 3105,316 3105,316
3105,316 3105,316 3105,316
3126,833 3105,316 3105,316
3201,448 3105,316 3105,316
3201,448 3105,316 3105,316
3201,448 3105,316 3105,316
3207,337 3105,316 3105,316
3223,655 3105,316 3105,316
3223,655 3105,316 3105,316
3250,250 3105,316 3105,316
3250,250 3105,316 3105,316
4845,556 3105,316 3105,316
4090,352 3105,316 3105,316
3377,585 3105,316 3105,316
4853,532 3105,316 3105,316
3388,441 3105,316 3105,316
3388,441 3105,316 3105,316
3388,441 3105,316 3105,316
3388,441 3105,316 3105,316
4358,191 3105,316 3105,316
3490,482 3105,316 3105,316
3105,316 3105,316 3105,316
4317,933 3105,316 3105,316
3201,448 3105,316 3105,316
5387,221 3105,316 3105,316
3201,448 3105,316 3105,316
3201,448 3105,316 3105,316
6261,222 3105,316 3105,316
3201,448 3105,316 3105,316
3201,448 3105,316 3105,316
3207,337 3105,316 3105,316
4494,461 3105,316 3105,316
3221,676 3105,316 3105,316
4530,374 3105,316 3105,316
4908,153 3105,316 3105,316
3293,051 3105,316 3105,316
3297,817 3105,316 3105,316
3313,826 3105,316 3105,316
3377,585 3105,316 3105,316
3388,441 3105,316 3105,316
3388,441 3105,316 3105,316
3105,316 3105,316 3105,316
3149,040 3105,316 3105,316
3201,448 3105,316 3105,316
3201,448 3105,316 3105,316
4630,561 3105,316 3105,316
4859,883 3105,316 3105,316
3201,448 3105,316 3105,316
3201,448 3105,316 3105,316
3201,448 3105,316 3105,316
4426,291 3105,316 3105,316
3201,448 3105,316 3105,316
4447,163 3105,316 3105,316
4151,470 3105,316 3105,316
3221,676 3105,316 3105,316
3260,707 3105,316 3105,316
5667,816 3105,316 3105,316
3297,817 3105,316 3105,316
3313,826 3105,316 3105,316
4444,906 3105,316 3105,316
6165,196 3105,316 3105,316
3105,316 3105,316 3105,316
3126,833 3105,316 3105,316
3143,334 3105,316 3105,316
3149,040 3105,316 3105,316
3149,040 3105,316 3105,316
3201,448 3105,316 3105,316
3201,448 3105,316 3105,316
3201,448 3105,316 3105,316
3201,448 3105,316 3105,316
3201,448 3105,316 3105,316
3201,448 3105,316 3105,316
3201,448 3105,316 3105,316
3201,448 3105,316 3105,316
5552,959 3105,316 3105,316
3221,676 3105,316 3105,316
5817,901 3105,316 3105,316
3297,817 3105,316 3105,316
3313,826 3105,316 3105,316
3831,960 3105,316 3105,316
3320,024 3105,316 3105,316
3065,830 3065,830 3065,830
3065,830 3065,830 3065,830
6756,113 3065,830 3065,830
5818,291 3065,830 3065,830
3126,833 3065,830 3065,830
3126,833 3065,830 3065,830
3370,056 3065,830 3065,830
3143,334 3065,830 3065,830
3149,040 3065,830 3065,830
3149,040 3065,830 3065,830
3201,448 3065,830 3065,830
4385,942 3065,830 3065,830
3201,448 3065,830 3065,830
3201,448 3065,830 3065,830
3201,448 3065,830 3065,830
3201,448 3065,830 3065,830
3201,448 3065,830 3065,830
3201,448 3065,830 3065,830
3201,448 3065,830 3065,830
4530,036 3065,830 3065,830
3065,830 3065,830 3065,830
3065,830 3065,830 3065,830
3105,316 3065,830 3065,830
3126,833 3065,830 3065,830
2982,561 3065,830 3065,830
3816,794 3065,830 3065,830
3126,833 3065,830 3065,830
3126,833 3065,830 3065,830
3126,833 3065,830 3065,830
4830,542 3065,830 3065,830
4547,748 3065,830 3065,830
3149,040 3065,830 3065,830
3201,448 3065,830 3065,830
3956,385 3065,830 3065,830
5411,040 3065,830 3065,830
5717,994 3065,830 3065,830
3620,258 3065,830 3065,830
3201,448 3065,830 3065,830
3201,448 3065,830 3065,830
3201,448 3065,830 3065,830
2982,561 2982,561 2982,561
3004,106 2982,561 2982,561
3056,514 2982,561 2982,561
3056,514 2982,561 2982,561
3056,514 2982,561 2982,561
3065,830 2982,561 2982,561
3065,830 2982,561 2982,561
3065,830 2982,561 2982,561
3078,721 2982,561 2982,561
3105,316 2982,561 2982,561
4677,272 2982,561 2982,561
3126,833 2982,561 2982,561
3126,833 2982,561 2982,561
5154,953 2982,561 2982,561
4671,184 2982,561 2982,561
3384,903 2982,561 2982,561
3126,833 2982,561 2982,561
3452,175 2982,561 2982,561
3126,833 2982,561 2982,561
3126,833 2982,561 2982,561
2981,899 2981,899 2981,899
2982,561 2981,899 2981,899
2982,561 2981,899 2981,899
3004,106 2981,899 2981,899
3056,514 2981,899 2981,899
3056,514 2981,899 2981,899
3056,514 2981,899 2981,899
3338,407 2981,899 2981,899
3065,830 2981,899 2981,899
3065,830 2981,899 2981,899
3065,830 2981,899 2981,899
3078,721 2981,899 2981,899
3105,316 2981,899 2981,899
3126,833 2981,899 2981,899
3126,833 2981,899 2981,899
3126,833 2981,899 2981,899
3884,385 2981,899 2981,899
3126,833 2981,899 2981,899
3126,833 2981,899 2981,899
3126,833 2981,899 2981,899
2837,627 2837,627 2837,627
5870,874 2837,627 2837,627
4013,326 2837,627 2837,627
2981,899 2837,627 2837,627
2981,899 2837,627 2837,627
2982,561 2837,627 2837,627
2982,561 2837,627 2837,627
3002,213 2837,627 2837,627
5142,876 2837,627 2837,627
3004,106 2837,627 2837,627
3056,514 2837,627 2837,627
3056,514 2837,627 2837,627
3056,514 2837,627 2837,627
3056,514 2837,627 2837,627
3056,514 2837,627 2837,627
4141,318 2837,627 2837,627
3065,830 2837,627 2837,627
3065,830 2837,627 2837,627
5496,797 2837,627 2837,627
3078,721 2837,627 2837,627
2837,627 2837,627 2837,627
3634,764 2837,627 2837,627
2981,899 2837,627 2837,627
2981,899 2837,627 2837,627
2981,899 2837,627 2837,627
3157,626 2837,627 2837,627
2982,561 2837,627 2837,627
2991,215 2837,627 2837,627
2991,215 2837,627 2837,627
3002,213 2837,627 2837,627
3002,213 2837,627 2837,627
4190,147 2837,627 2837,627
3004,106 2837,627 2837,627
3004,106 2837,627 2837,627
3004,106 2837,627 2837,627
3056,514 2837,627 2837,627
3056,514 2837,627 2837,627
3056,514 2837,627 2837,627
3056,514 2837,627 2837,627
3056,514 2837,627 2837,627
2837,627 2837,627 2837,627
2846,943 2837,627 2837,627
5532,596 2837,627 2837,627
3946,209 2837,627 2837,627
2981,899 2837,627 2837,627
2981,899 2837,627 2837,627
2981,899 2837,627 2837,627
4751,051 2837,627 2837,627
2981,899 2837,627 2837,627
4795,059 2837,627 2837,627
5042,215 2837,627 2837,627
2981,899 2837,627 2837,627
2982,561 2837,627 2837,627
2991,215 2837,627 2837,627
4154,695 2837,627 2837,627
3002,213 2837,627 2837,627
3002,213 2837,627 2837,627
3004,106 2837,627 2837,627
4174,357 2837,627 2837,627
3004,106 2837,627 2837,627
2837,627 2837,627 2837,627
2837,627 2837,627 2837,627
4049,120 2837,627 2837,627
4205,871 2837,627 2837,627
2981,899 2837,627 2837,627
2981,899 2837,627 2837,627
2981,899 2837,627 2837,627
2981,899 2837,627 2837,627
2981,899 2837,627 2837,627
2981,899 2837,627 2837,627
2981,899 2837,627 2837,627
5198,126 2837,627 2837,627
2981,899 2837,627 2837,627
5534,675 2837,627 2837,627
2991,215 2837,627 2837,627
2991,215 2837,627 2837,627
3002,213 2837,627 2837,627
3002,213 2837,627 2837,627
3925,752 2837,627 2837,627
3004,106 2837,627 2837,627
2837,627 2837,627 2837,627
3829,107 2837,627 2837,627
2837,627 2837,627 2837,627
2927,598 2837,627 2837,627
2927,598 2837,627 2837,627
2981,899 2837,627 2837,627
2981,899 2837,627 2837,627
3930,306 2837,627 2837,627
2981,899 2837,627 2837,627
4343,396 2837,627 2837,627
2981,899 2837,627 2837,627
2981,899 2837,627 2837,627
2981,899 2837,627 2837,627
2981,899 2837,627 2837,627
2981,899 2837,627 2837,627
2981,899 2837,627 2837,627
4663,798 2837,627 2837,627
4335,861 2837,627 2837,627
3002,213 2837,627 2837,627
4916,878 2837,627 2837,627
4230,003 2837,627 2837,627
4871,563 2837,627 2837,627
2837,627 2837,627 2837,627
4346,849 2837,627 2837,627
2837,627 2837,627 2837,627
2927,598 2837,627 2837,627
2927,598 2837,627 2837,627
2927,598 2837,627 2837,627
2981,899 2837,627 2837,627
2981,899 2837,627 2837,627
2981,899 2837,627 2837,627
4069,724 2837,627 2837,627
2981,899 2837,627 2837,627
3189,394 2837,627 2837,627
3133,366 2837,627 2837,627
2981,899 2837,627 2837,627
2981,899 2837,627 2837,627
3409,752 2837,627 2837,627
2981,899 2837,627 2837,627
2981,899 2837,627 2837,627
5187,288 2783,326 2783,326
2837,627 2783,326 2783,326
2837,627 2783,326 2783,326
4795,359 2783,326 2783,326
2837,627 2783,326 2783,326
4677,897 2783,326 2783,326
2837,627 2783,326 2783,326
2837,627 2783,326 2783,326
2927,598 2783,326 2783,326
2927,598 2783,326 2783,326
2927,598 2783,326 2783,326
2981,899 2783,326 2783,326
3948,081 2783,326 2783,326
3908,963 2783,326 2783,326
5804,183 2783,326 2783,326
2981,899 2783,326 2783,326
2981,899 2783,326 2783,326
5718,884 2783,326 2783,326
2981,899 2783,326 2783,326
2981,899 2783,326 2783,326
2783,326 2783,326 2783,326
2837,627 2783,326 2783,326
4569,534 2783,326 2783,326
3466,677 2783,326 2783,326
2837,627 2783,326 2783,326
2837,627 2783,326 2783,326
2837,627 2783,326 2783,326
3151,341 2783,326 2783,326
2837,627 2783,326 2783,326
3381,426 2783,326 2783,326
2927,598 2783,326 2783,326
2927,598 2783,326 2783,326
5173,141 2783,326 2783,326
4087,082 2783,326 2783,326
2981,899 2783,326 2783,326
2981,899 2783,326 2783,326
2981,899 2783,326 2783,326
2981,899 2783,326 2783,326
2981,899 2783,326 2783,326
2981,899 2783,326 2783,326
2783,326 2783,326 2783,326
2837,627 2783,326 2783,326
2837,627 2783,326 2783,326
2837,627 2783,326 2783,326
5374,336 2783,326 2783,326
2837,627 2783,326 2783,326
2837,627 2783,326 2783,326
2837,627 2783,326 2783,326
2837,627 2783,326 2783,326
4126,669 2783,326 2783,326
2927,598 2783,326 2783,326
2927,598 2783,326 2783,326
2981,899 2783,326 2783,326
4835,613 2783,326 2783,326
5586,234 2783,326 2783,326
2981,899 2783,326 2783,326
2981,899 2783,326 2783,326
5225,825 2783,326 2783,326
2981,899 2783,326 2783,326
2981,899 2783,326 2783,326
2783,326 2783,326 2783,326
2837,627 2783,326 2783,326
4647,768 2783,326 2783,326
2888,429 2783,326 2783,326
3343,844 2783,326 2783,326
2837,627 2783,326 2783,326
4902,206 2783,326 2783,326
2837,627 2783,326 2783,326
4317,180 2783,326 2783,326
2837,627 2783,326 2783,326
2927,598 2783,326 2783,326
2927,598 2783,326 2783,326
2927,598 2783,326 2783,326
2927,598 2783,326 2783,326
3855,750 2783,326 2783,326
2981,899 2783,326 2783,326
2981,899 2783,326 2783,326
4800,439 2783,326 2783,326
2981,899 2783,326 2783,326
2981,899 2783,326 2783,326
4504,946 2783,326 2783,326
2783,326 2783,326 2783,326
3839,496 2783,326 2783,326
5307,337 2783,326 2783,326
2837,627 2783,326 2783,326
2837,627 2783,326 2783,326
2925,363 2783,326 2783,326
2837,627 2783,326 2783,326
2837,627 2783,326 2783,326
2837,627 2783,326 2783,326
2883,644 2783,326 2783,326
2888,429 2783,326 2783,326
2927,598 2783,326 2783,326
2927,598 2783,326 2783,326
2927,598 2783,326 2783,326
2927,598 2783,326 2783,326
4214,772 2783,326 2783,326
2981,899 2783,326 2783,326
3542,897 2783,326 2783,326
2981,899 2783,326 2783,326
6425,752 2783,326 2783,326
2783,326 2783,326 2783,326
2837,627 2783,326 2783,326
3405,715 2783,326 2783,326
2837,627 2783,326 2783,326
4366,245 2783,326 2783,326
2837,627 2783,326 2783,326
2837,627 2783,326 2783,326
2837,627 2783,326 2783,326
2837,627 2783,326 2783,326
2873,210 2783,326 2783,326
2883,644 2783,326 2783,326
2883,644 2783,326 2783,326
2888,429 2783,326 2783,326
2925,363 2783,326 2783,326
2927,598 2783,326 2783,326
2927,598 2783,326 2783,326
2927,598 2783,326 2783,326
3582,499 2783,326 2783,326
2927,598 2783,326 2783,326
2783,326 2783,326 2783,326
2783,326 2783,326 2783,326
2783,326 2783,326 2783,326
2783,326 2783,326 2783,326
6137,973 2783,326 2783,326
2837,627 2783,326 2783,326
2837,627 2783,326 2783,326
2837,627 2783,326 2783,326
2837,627 2783,326 2783,326
2837,627 2783,326 2783,326
3496,029 2783,326 2783,326
2837,627 2783,326 2783,326
2837,627 2783,326 2783,326
2837,627 2783,326 2783,326
2837,627 2783,326 2783,326
2846,943 2783,326 2783,326
2873,210 2783,326 2783,326
3086,234 2783,326 2783,326
3063,934 2783,326 2783,326
5880,147 2783,326 2783,326
2735,977 2735,977 2735,977
2783,326 2735,977 2735,977
2783,326 2735,977 2735,977
4310,829 2735,977 2735,977
2783,326 2735,977 2735,977
2783,326 2735,977 2735,977
2783,326 2735,977 2735,977
2837,627 2735,977 2735,977
4166,495 2735,977 2735,977
2837,627 2735,977 2735,977
4939,926 2735,977 2735,977
4274,640 2735,977 2735,977
2837,627 2735,977 2735,977
2837,627 2735,977 2735,977
2837,627 2735,977 2735,977
2837,627 2735,977 2735,977
2837,627 2735,977 2735,977
2837,627 2735,977 2735,977
2837,627 2735,977 2735,977
2837,627 2735,977 2735,977
2735,977 2735,977 2735,977
4595,274 2735,977 2735,977
2783,326 2735,977 2735,977
2783,326 2735,977 2735,977
4508,198 2735,977 2735,977
3088,486 2735,977 2735,977
2783,326 2735,977 2735,977
2902,915 2735,977 2735,977
4831,852 2735,977 2735,977
2783,326 2735,977 2735,977
2783,326 2735,977 2735,977
2783,326 2735,977 2735,977
5205,778 2735,977 2735,977
2837,627 2735,977 2735,977
4166,495 2735,977 2735,977
2837,627 2735,977 2735,977
5421,326 2735,977 2735,977
2837,627 2735,977 2735,977
2837,627 2735,977 2735,977
2837,627 2735,977 2735,977
3305,858 2735,977 2735,977
5448,239 2735,977 2735,977
2783,326 2735,977 2735,977
2783,326 2735,977 2735,977
2783,326 2735,977 2735,977
2783,326 2735,977 2735,977
2783,326 2735,977 2735,977
3678,972 2735,977 2735,977
2783,326 2735,977 2735,977
2783,326 2735,977 2735,977
2783,326 2735,977 2735,977
4731,033 2735,977 2735,977
2783,326 2735,977 2735,977
2809,593 2735,977 2735,977
4142,923 2735,977 2735,977
2837,627 2735,977 2735,977
2837,627 2735,977 2735,977
2837,627 2735,977 2735,977
2837,627 2735,977 2735,977
2837,627 2735,977 2735,977
2760,512 2760,512 2735,977
5208,824 2760,512 2735,977
2783,326 2760,512 2735,977
2783,326 2760,512 2735,977
4842,385 2760,512 2735,977
2783,326 2760,512 2735,977
4148,169 2760,512 2735,977
6026,758 2760,512 2735,977
2783,326 2760,512 2735,977
3065,954 2760,512 2735,977
3525,112 2760,512 2735,977
2783,326 2760,512 2735,977
2783,326 2760,512 2735,977
2809,593 2760,512 2735,977
5956,051 2760,512 2735,977
2809,593 2760,512 2735,977
5709,317 2760,512 2735,977
2837,627 2760,512 2735,977
2837,627 2760,512 2735,977
2837,627 2760,512 2735,977
2760,512 2760,512 2735,977
2783,326 2760,512 2735,977
2783,326 2760,512 2735,977
2783,326 2760,512 2735,977
2783,326 2760,512 2735,977
2783,326 2760,512 2735,977
6367,634 2760,512 2735,977
2783,326 2760,512 2735,977
2783,326 2760,512 2735,977
2783,326 2760,512 2735,977
2783,326 2760,512 2735,977
4441,361 2760,512 2735,977
2783,326 2760,512 2735,977
2783,326 2760,512 2735,977
4633,026 2760,512 2735,977
2809,593 2760,512 2735,977
2809,593 2760,512 2735,977
2809,593 2760,512 2735,977
2837,627 2760,512 2735,977
2837,627 2760,512 2735,977
2760,512 2760,512 2735,977
2783,326 2760,512 2735,977
2783,326 2760,512 2735,977
2783,326 2760,512 2735,977
2783,326 2760,512 2735,977
2783,326 2760,512 2735,977
2783,326 2760,512 2735,977
2783,326 2760,512 2735,977
2783,326 2760,512 2735,977
3080,168 2760,512 2735,977
2827,292 2760,512 2735,977
2783,326 2760,512 2735,977
3617,466 2760,512 2735,977
3253,887 2760,512 2735,977
2783,326 2760,512 2735,977
2783,326 2760,512 2735,977
2809,593 2760,512 2735,977
4474,469 2760,512 2735,977
2809,593 2760,512 2735,977
2837,627 2760,512 2735,977
2735,977 2735,977 2735,977
2760,512 2735,977 2735,977
2783,326 2735,977 2735,977
4100,701 2735,977 2735,977
4297,868 2735,977 2735,977
2783,326 2735,977 2735,977
2783,326 2735,977 2735,977
2783,326 2735,977 2735,977
2783,326 2735,977 2735,977
2783,326 2735,977 2735,977
2783,326 2735,977 2735,977
2783,326 2735,977 2735,977
2783,326 2735,977 2735,977
2783,326 2735,977 2735,977
2783,326 2735,977 2735,977
2783,326 2735,977 2735,977
2998,565 2735,977 2735,977
2783,326 2735,977 2735,977
3967,000 2735,977 2735,977
2783,326 2735,977 2735,977
2735,977 2735,977 2735,977
2760,512 2735,977 2735,977
2760,512 2735,977 2735,977
2783,326 2735,977 2735,977
2783,326 2735,977 2735,977
2783,326 2735,977 2735,977
2783,326 2735,977 2735,977
3615,003 2735,977 2735,977
3962,335 2735,977 2735,977
4374,101 2735,977 2735,977
2783,326 2735,977 2735,977
2783,326 2735,977 2735,977
2805,082 2735,977 2735,977
2783,326 2735,977 2735,977
2943,567 2735,977 2735,977
3812,816 2735,977 2735,977
2783,326 2735,977 2735,977
2783,326 2735,977 2735,977
3925,822 2735,977 2735,977
2783,326 2735,977 2735,977
