nrOsobnika current best_current best_global
1 5846,863 5537,971 2792,366
2 5972,989 5537,971 2792,366
3 6540,699 5537,971 2792,366
4 6012,919 5537,971 2792,366
5 6009,076 5537,971 2792,366
6 5735,665 5537,971 2792,366
7 6119,626 5537,971 2792,366
8 5760,789 5537,971 2792,366
9 5983,130 5537,971 2792,366
10 6354,296 5537,971 2792,366
11 6461,337 5537,971 2792,366
12 6173,783 5537,971 2792,366
13 7269,383 5537,971 2792,366
14 7014,831 5537,971 2792,366
15 6255,321 5537,971 2792,366
16 5936,946 5537,971 2792,366
17 6001,032 5537,971 2792,366
18 5868,269 5537,971 2792,366
19 6229,362 5537,971 2792,366
20 6242,450 5537,971 2792,366
21 5537,971 5353,050 2792,366
22 5591,042 5353,050 2792,366
23 5685,066 5353,050 2792,366
24 5695,500 5353,050 2792,366
25 5702,634 5353,050 2792,366
26 5735,665 5353,050 2792,366
27 5760,789 5353,050 2792,366
28 5846,863 5353,050 2792,366
29 5868,269 5353,050 2792,366
30 5936,946 5353,050 2792,366
31 5972,989 5353,050 2792,366
32 5983,130 5353,050 2792,366
33 6001,032 5353,050 2792,366
34 6009,076 5353,050 2792,366
35 6012,919 5353,050 2792,366
36 6038,448 5353,050 2792,366
37 6090,481 5353,050 2792,366
38 6119,626 5353,050 2792,366
39 6130,370 5353,050 2792,366
40 6173,783 5353,050 2792,366
41 5353,050 5278,177 2792,366
42 5407,586 5278,177 2792,366
43 5488,475 5278,177 2792,366
44 5498,066 5278,177 2792,366
45 5537,971 5278,177 2792,366
46 6810,232 5278,177 2792,366
47 5591,042 5278,177 2792,366
48 5648,013 5278,177 2792,366
49 5685,066 5278,177 2792,366
50 5695,500 5278,177 2792,366
51 5702,634 5278,177 2792,366
52 5735,665 5278,177 2792,366
53 5744,219 5278,177 2792,366
54 5745,294 5278,177 2792,366
55 5760,789 5278,177 2792,366
56 5846,863 5278,177 2792,366
57 5868,269 5278,177 2792,366
58 5880,095 5278,177 2792,366
59 5936,946 5278,177 2792,366
60 5950,014 5278,177 2792,366
61 5278,177 5033,779 2792,366
62 5319,965 5033,779 2792,366
63 5353,050 5033,779 2792,366
64 5363,448 5033,779 2792,366
65 5368,220 5033,779 2792,366
66 5407,586 5033,779 2792,366
67 5442,331 5033,779 2792,366
68 5488,475 5033,779 2792,366
69 5498,066 5033,779 2792,366
70 5537,971 5033,779 2792,366
71 5591,042 5033,779 2792,366
72 5648,013 5033,779 2792,366
73 5685,066 5033,779 2792,366
74 5693,800 5033,779 2792,366
75 5695,500 5033,779 2792,366
76 5695,980 5033,779 2792,366
77 5702,634 5033,779 2792,366
78 5735,665 5033,779 2792,366
79 5988,588 5033,779 2792,366
80 5744,219 5033,779 2792,366
81 5033,779 5033,779 2792,366
82 5247,176 5033,779 2792,366
83 5278,177 5033,779 2792,366
84 5319,965 5033,779 2792,366
85 5321,852 5033,779 2792,366
86 5353,050 5033,779 2792,366
87 5363,448 5033,779 2792,366
88 5368,220 5033,779 2792,366
89 5399,990 5033,779 2792,366
90 5407,586 5033,779 2792,366
91 5442,331 5033,779 2792,366
92 5466,415 5033,779 2792,366
93 5488,475 5033,779 2792,366
94 5492,483 5033,779 2792,366
95 5498,066 5033,779 2792,366
96 5537,971 5033,779 2792,366
97 5556,471 5033,779 2792,366
98 5591,042 5033,779 2792,366
99 5648,013 5033,779 2792,366
100 5675,598 5033,779 2792,366
101 5033,779 4721,061 2792,366
102 5081,628 4721,061 2792,366
103 5094,730 4721,061 2792,366
104 5247,176 4721,061 2792,366
105 5249,519 4721,061 2792,366
106 5278,177 4721,061 2792,366
107 5319,965 4721,061 2792,366
108 5321,852 4721,061 2792,366
109 5809,904 4721,061 2792,366
110 5363,448 4721,061 2792,366
111 5368,220 4721,061 2792,366
112 5399,990 4721,061 2792,366
113 5404,014 4721,061 2792,366
114 5407,586 4721,061 2792,366
115 5442,331 4721,061 2792,366
116 5443,405 4721,061 2792,366
117 5466,415 4721,061 2792,366
118 5488,475 4721,061 2792,366
119 5492,483 4721,061 2792,366
120 5498,066 4721,061 2792,366
121 4721,061 4721,061 2792,366
122 5433,948 4721,061 2792,366
123 5033,779 4721,061 2792,366
124 5077,314 4721,061 2792,366
125 5081,628 4721,061 2792,366
126 5094,730 4721,061 2792,366
127 5117,866 4721,061 2792,366
128 5199,479 4721,061 2792,366
129 5210,386 4721,061 2792,366
130 5247,176 4721,061 2792,366
131 5249,519 4721,061 2792,366
132 5270,977 4721,061 2792,366
133 5811,097 4721,061 2792,366
134 5319,965 4721,061 2792,366
135 5321,852 4721,061 2792,366
136 5363,448 4721,061 2792,366
137 5368,220 4721,061 2792,366
138 5381,196 4721,061 2792,366
139 5382,088 4721,061 2792,366
140 5399,990 4721,061 2792,366
141 4721,061 4420,916 2792,366
142 5033,779 4420,916 2792,366
143 5071,484 4420,916 2792,366
144 5077,314 4420,916 2792,366
145 5081,628 4420,916 2792,366
146 5094,730 4420,916 2792,366
147 5117,866 4420,916 2792,366
148 5154,158 4420,916 2792,366
149 5866,170 4420,916 2792,366
150 5210,386 4420,916 2792,366
151 5247,176 4420,916 2792,366
152 5249,519 4420,916 2792,366
153 5270,977 4420,916 2792,366
154 5288,214 4420,916 2792,366
155 5319,965 4420,916 2792,366
156 5321,852 4420,916 2792,366
157 5324,158 4420,916 2792,366
158 5334,297 4420,916 2792,366
159 6441,606 4420,916 2792,366
160 5363,448 4420,916 2792,366
161 4420,916 4315,830 2792,366
162 4693,567 4315,830 2792,366
163 4721,061 4315,830 2792,366
164 4883,649 4315,830 2792,366
165 4991,731 4315,830 2792,366
166 5033,779 4315,830 2792,366
167 5045,808 4315,830 2792,366
168 5071,484 4315,830 2792,366
169 5077,314 4315,830 2792,366
170 5081,628 4315,830 2792,366
171 5094,730 4315,830 2792,366
172 5117,866 4315,830 2792,366
173 5123,623 4315,830 2792,366
174 5154,158 4315,830 2792,366
175 6064,537 4315,830 2792,366
176 5210,386 4315,830 2792,366
177 5217,750 4315,830 2792,366
178 5247,176 4315,830 2792,366
179 5249,519 4315,830 2792,366
180 5485,933 4315,830 2792,366
181 4315,830 3897,221 2792,366
182 4361,338 3897,221 2792,366
183 4420,916 3897,221 2792,366
184 4420,916 3897,221 2792,366
185 4693,567 3897,221 2792,366
186 4721,061 3897,221 2792,366
187 4842,604 3897,221 2792,366
188 4853,470 3897,221 2792,366
189 4883,649 3897,221 2792,366
190 4922,398 3897,221 2792,366
191 5379,454 3897,221 2792,366
192 4991,731 3897,221 2792,366
193 5033,779 3897,221 2792,366
194 5033,779 3897,221 2792,366
195 5045,808 3897,221 2792,366
196 5071,484 3897,221 2792,366
197 5077,314 3897,221 2792,366
198 5081,628 3897,221 2792,366
199 5091,470 3897,221 2792,366
200 5094,730 3897,221 2792,366
201 5140,134 4272,125 2792,366
202 4272,125 4272,125 2792,366
203 4315,830 4272,125 2792,366
204 4315,830 4272,125 2792,366
205 4361,338 4272,125 2792,366
206 4403,143 4272,125 2792,366
207 4420,916 4272,125 2792,366
208 4420,916 4272,125 2792,366
209 4516,273 4272,125 2792,366
210 4693,567 4272,125 2792,366
211 4693,567 4272,125 2792,366
212 4721,061 4272,125 2792,366
213 4842,604 4272,125 2792,366
214 4842,604 4272,125 2792,366
215 4853,470 4272,125 2792,366
216 4883,649 4272,125 2792,366
217 4910,642 4272,125 2792,366
218 4921,005 4272,125 2792,366
219 5568,082 4272,125 2792,366
220 4960,458 4272,125 2792,366
221 4272,125 4272,125 2792,366
222 4272,125 4272,125 2792,366
223 4315,830 4272,125 2792,366
224 4315,830 4272,125 2792,366
225 4315,830 4272,125 2792,366
226 4361,338 4272,125 2792,366
227 4403,143 4272,125 2792,366
228 4420,916 4272,125 2792,366
229 4420,916 4272,125 2792,366
230 4420,916 4272,125 2792,366
231 4420,916 4272,125 2792,366
232 4516,273 4272,125 2792,366
233 4531,266 4272,125 2792,366
234 4634,759 4272,125 2792,366
235 4634,759 4272,125 2792,366
236 4693,567 4272,125 2792,366
237 4693,567 4272,125 2792,366
238 4693,567 4272,125 2792,366
239 4693,567 4272,125 2792,366
240 4721,061 4272,125 2792,366
241 4272,125 4261,762 2792,366
242 4272,125 4261,762 2792,366
243 4272,125 4261,762 2792,366
244 4272,125 4261,762 2792,366
245 4272,125 4261,762 2792,366
246 4315,830 4261,762 2792,366
247 4315,830 4261,762 2792,366
248 4315,830 4261,762 2792,366
249 5213,181 4261,762 2792,366
250 4315,830 4261,762 2792,366
251 4320,135 4261,762 2792,366
252 4327,212 4261,762 2792,366
253 5869,951 4261,762 2792,366
254 4403,143 4261,762 2792,366
255 4403,143 4261,762 2792,366
256 4420,916 4261,762 2792,366
257 4420,916 4261,762 2792,366
258 4420,916 4261,762 2792,366
259 4420,916 4261,762 2792,366
260 4420,916 4261,762 2792,366
261 4261,762 4261,762 2792,366
262 5176,946 4261,762 2792,366
263 4272,125 4261,762 2792,366
264 4272,125 4261,762 2792,366
265 4272,125 4261,762 2792,366
266 4272,125 4261,762 2792,366
267 4272,125 4261,762 2792,366
268 4315,830 4261,762 2792,366
269 4315,830 4261,762 2792,366
270 4315,830 4261,762 2792,366
271 4315,830 4261,762 2792,366
272 4315,830 4261,762 2792,366
273 4315,830 4261,762 2792,366
274 4315,830 4261,762 2792,366
275 4320,135 4261,762 2792,366
276 4327,212 4261,762 2792,366
277 4327,212 4261,762 2792,366
278 4331,963 4261,762 2792,366
279 4331,963 4261,762 2792,366
280 4345,903 4261,762 2792,366
281 4261,762 4261,762 2792,366
282 4261,762 4261,762 2792,366
283 4261,762 4261,762 2792,366
284 4261,762 4261,762 2792,366
285 4261,762 4261,762 2792,366
286 4261,762 4261,762 2792,366
287 4272,125 4261,762 2792,366
288 4272,125 4261,762 2792,366
289 4272,125 4261,762 2792,366
290 4272,125 4261,762 2792,366
291 4617,015 4261,762 2792,366
292 4542,477 4261,762 2792,366
293 4272,125 4261,762 2792,366
294 4272,125 4261,762 2792,366
295 4272,125 4261,762 2792,366
296 4272,125 4261,762 2792,366
297 4315,830 4261,762 2792,366
298 4315,830 4261,762 2792,366
299 4315,830 4261,762 2792,366
300 4315,830 4261,762 2792,366
301 4261,762 4261,762 2792,366
302 4261,762 4261,762 2792,366
303 4261,762 4261,762 2792,366
304 4261,762 4261,762 2792,366
305 4261,762 4261,762 2792,366
306 4261,762 4261,762 2792,366
307 4261,762 4261,762 2792,366
308 4261,762 4261,762 2792,366
309 4261,762 4261,762 2792,366
310 4261,762 4261,762 2792,366
311 4261,762 4261,762 2792,366
312 4261,762 4261,762 2792,366
313 4261,762 4261,762 2792,366
314 4272,125 4261,762 2792,366
315 4272,125 4261,762 2792,366
316 4272,125 4261,762 2792,366
317 4272,125 4261,762 2792,366
318 4272,125 4261,762 2792,366
319 4272,125 4261,762 2792,366
320 4272,125 4261,762 2792,366
321 4261,762 4261,762 2792,366
322 4261,762 4261,762 2792,366
323 4261,762 4261,762 2792,366
324 4261,762 4261,762 2792,366
325 4261,762 4261,762 2792,366
326 4261,762 4261,762 2792,366
327 4261,762 4261,762 2792,366
328 4261,762 4261,762 2792,366
329 4261,762 4261,762 2792,366
330 4261,762 4261,762 2792,366
331 4261,762 4261,762 2792,366
332 4261,762 4261,762 2792,366
333 5995,433 4261,762 2792,366
334 4261,762 4261,762 2792,366
335 4261,762 4261,762 2792,366
336 4261,762 4261,762 2792,366
337 4261,762 4261,762 2792,366
338 4261,762 4261,762 2792,366
339 4261,762 4261,762 2792,366
340 4261,762 4261,762 2792,366
341 4261,762 4261,762 2792,366
342 4261,762 4261,762 2792,366
343 4261,762 4261,762 2792,366
344 4261,762 4261,762 2792,366
345 4261,762 4261,762 2792,366
346 4261,762 4261,762 2792,366
347 4261,762 4261,762 2792,366
348 4261,762 4261,762 2792,366
349 4261,762 4261,762 2792,366
350 4261,762 4261,762 2792,366
351 4261,762 4261,762 2792,366
352 4261,762 4261,762 2792,366
353 4261,762 4261,762 2792,366
354 4261,762 4261,762 2792,366
355 4261,762 4261,762 2792,366
356 4261,762 4261,762 2792,366
357 4261,762 4261,762 2792,366
358 4261,762 4261,762 2792,366
359 4261,762 4261,762 2792,366
360 4261,762 4261,762 2792,366
361 4261,762 4261,762 2792,366
362 4261,762 4261,762 2792,366
363 4261,762 4261,762 2792,366
364 4261,762 4261,762 2792,366
365 4261,762 4261,762 2792,366
366 4261,762 4261,762 2792,366
367 4261,762 4261,762 2792,366
368 4261,762 4261,762 2792,366
369 4261,762 4261,762 2792,366
370 4261,762 4261,762 2792,366
371 4261,762 4261,762 2792,366
372 4261,762 4261,762 2792,366
373 4261,762 4261,762 2792,366
374 5262,604 4261,762 2792,366
375 4261,762 4261,762 2792,366
376 4261,762 4261,762 2792,366
377 4261,762 4261,762 2792,366
378 4261,762 4261,762 2792,366
379 4261,762 4261,762 2792,366
380 4261,762 4261,762 2792,366
381 4261,762 4261,762 2792,366
382 4261,762 4261,762 2792,366
383 4261,762 4261,762 2792,366
384 4261,762 4261,762 2792,366
385 4261,762 4261,762 2792,366
386 4261,762 4261,762 2792,366
387 6683,292 4261,762 2792,366
388 4261,762 4261,762 2792,366
389 4261,762 4261,762 2792,366
390 4261,762 4261,762 2792,366
391 4261,762 4261,762 2792,366
392 4261,762 4261,762 2792,366
393 4261,762 4261,762 2792,366
394 4261,762 4261,762 2792,366
395 4261,762 4261,762 2792,366
396 4261,762 4261,762 2792,366
397 4261,762 4261,762 2792,366
398 4261,762 4261,762 2792,366
399 4319,094 4261,762 2792,366
400 4261,762 4261,762 2792,366
401 4261,762 4261,762 2792,366
402 4261,762 4261,762 2792,366
403 4261,762 4261,762 2792,366
404 5539,282 4261,762 2792,366
405 4261,762 4261,762 2792,366
406 4261,762 4261,762 2792,366
407 4261,762 4261,762 2792,366
408 4261,762 4261,762 2792,366
409 4261,762 4261,762 2792,366
410 4261,762 4261,762 2792,366
411 4261,762 4261,762 2792,366
412 4261,762 4261,762 2792,366
413 4261,762 4261,762 2792,366
414 4261,762 4261,762 2792,366
415 4261,762 4261,762 2792,366
416 4261,762 4261,762 2792,366
417 4261,762 4261,762 2792,366
418 4261,762 4261,762 2792,366
419 4261,762 4261,762 2792,366
420 4261,762 4261,762 2792,366
421 4261,762 4261,762 2792,366
422 4261,762 4261,762 2792,366
423 4261,762 4261,762 2792,366
424 4261,762 4261,762 2792,366
425 4261,762 4261,762 2792,366
426 4261,762 4261,762 2792,366
427 4261,762 4261,762 2792,366
428 4261,762 4261,762 2792,366
429 4261,762 4261,762 2792,366
430 4261,762 4261,762 2792,366
431 4261,762 4261,762 2792,366
432 4261,762 4261,762 2792,366
433 4261,762 4261,762 2792,366
434 4261,762 4261,762 2792,366
435 4261,762 4261,762 2792,366
436 4261,762 4261,762 2792,366
437 4261,762 4261,762 2792,366
438 4261,762 4261,762 2792,366
439 4261,762 4261,762 2792,366
440 4261,762 4261,762 2792,366
441 4261,762 4261,762 2792,366
442 4261,762 4261,762 2792,366
443 4261,762 4261,762 2792,366
444 4261,762 4261,762 2792,366
445 4261,762 4261,762 2792,366
446 4261,762 4261,762 2792,366
447 4261,762 4261,762 2792,366
448 4261,762 4261,762 2792,366
449 4261,762 4261,762 2792,366
450 4261,762 4261,762 2792,366
451 4261,762 4261,762 2792,366
452 4261,762 4261,762 2792,366
453 4261,762 4261,762 2792,366
454 4261,762 4261,762 2792,366
455 4261,762 4261,762 2792,366
456 4261,762 4261,762 2792,366
457 4261,762 4261,762 2792,366
458 4261,762 4261,762 2792,366
459 4261,762 4261,762 2792,366
460 4261,762 4261,762 2792,366
461 4261,762 4261,762 2792,366
462 4261,762 4261,762 2792,366
463 4261,762 4261,762 2792,366
464 4261,762 4261,762 2792,366
465 4261,762 4261,762 2792,366
466 4261,762 4261,762 2792,366
467 4261,762 4261,762 2792,366
468 4261,762 4261,762 2792,366
469 4261,762 4261,762 2792,366
470 4261,762 4261,762 2792,366
471 4261,762 4261,762 2792,366
472 4261,762 4261,762 2792,366
473 4261,762 4261,762 2792,366
474 4261,762 4261,762 2792,366
475 4261,762 4261,762 2792,366
476 4261,762 4261,762 2792,366
477 4261,762 4261,762 2792,366
478 4261,762 4261,762 2792,366
479 4261,762 4261,762 2792,366
480 4261,762 4261,762 2792,366
481 4261,762 4261,762 2792,366
482 4261,762 4261,762 2792,366
483 4261,762 4261,762 2792,366
484 4261,762 4261,762 2792,366
485 4261,762 4261,762 2792,366
486 4261,762 4261,762 2792,366
487 4261,762 4261,762 2792,366
488 4261,762 4261,762 2792,366
489 4261,762 4261,762 2792,366
490 4261,762 4261,762 2792,366
491 4261,762 4261,762 2792,366
492 4261,762 4261,762 2792,366
493 4261,762 4261,762 2792,366
494 4261,762 4261,762 2792,366
495 4261,762 4261,762 2792,366
496 4261,762 4261,762 2792,366
497 4261,762 4261,762 2792,366
498 4261,762 4261,762 2792,366
499 4261,762 4261,762 2792,366
500 4261,762 4261,762 2792,366
501 4261,762 4261,762 2792,366
502 4261,762 4261,762 2792,366
503 4261,762 4261,762 2792,366
504 4261,762 4261,762 2792,366
505 4261,762 4261,762 2792,366
506 4261,762 4261,762 2792,366
507 4261,762 4261,762 2792,366
508 4261,762 4261,762 2792,366
509 4261,762 4261,762 2792,366
510 4261,762 4261,762 2792,366
511 4261,762 4261,762 2792,366
512 4261,762 4261,762 2792,366
513 4261,762 4261,762 2792,366
514 4261,762 4261,762 2792,366
515 4261,762 4261,762 2792,366
516 4261,762 4261,762 2792,366
517 4261,762 4261,762 2792,366
518 4924,503 4261,762 2792,366
519 4261,762 4261,762 2792,366
520 4261,762 4261,762 2792,366
521 4261,762 4261,762 2792,366
522 4261,762 4261,762 2792,366
523 4261,762 4261,762 2792,366
524 4261,762 4261,762 2792,366
525 4261,762 4261,762 2792,366
526 4261,762 4261,762 2792,366
527 4261,762 4261,762 2792,366
528 4261,762 4261,762 2792,366
529 4261,762 4261,762 2792,366
530 4261,762 4261,762 2792,366
531 4261,762 4261,762 2792,366
532 4261,762 4261,762 2792,366
533 4261,762 4261,762 2792,366
534 4261,762 4261,762 2792,366
535 4261,762 4261,762 2792,366
536 4261,762 4261,762 2792,366
537 4261,762 4261,762 2792,366
538 4261,762 4261,762 2792,366
539 4261,762 4261,762 2792,366
540 4261,762 4261,762 2792,366
541 4261,762 4261,762 2792,366
542 4261,762 4261,762 2792,366
543 4261,762 4261,762 2792,366
544 4261,762 4261,762 2792,366
545 4261,762 4261,762 2792,366
546 4261,762 4261,762 2792,366
547 4261,762 4261,762 2792,366
548 4866,360 4261,762 2792,366
549 4261,762 4261,762 2792,366
550 4261,762 4261,762 2792,366
551 4261,762 4261,762 2792,366
552 4261,762 4261,762 2792,366
553 4261,762 4261,762 2792,366
554 4261,762 4261,762 2792,366
555 4261,762 4261,762 2792,366
556 4261,762 4261,762 2792,366
557 4261,762 4261,762 2792,366
558 4261,762 4261,762 2792,366
559 4261,762 4261,762 2792,366
560 4261,762 4261,762 2792,366
561 4261,762 4261,762 2792,366
562 4261,762 4261,762 2792,366
563 4261,762 4261,762 2792,366
564 4261,762 4261,762 2792,366
565 4261,762 4261,762 2792,366
566 4261,762 4261,762 2792,366
567 4261,762 4261,762 2792,366
568 4261,762 4261,762 2792,366
569 4261,762 4261,762 2792,366
570 5325,134 4261,762 2792,366
571 4261,762 4261,762 2792,366
572 4261,762 4261,762 2792,366
573 4261,762 4261,762 2792,366
574 4261,762 4261,762 2792,366
575 4261,762 4261,762 2792,366
576 4261,762 4261,762 2792,366
577 4261,762 4261,762 2792,366
578 4261,762 4261,762 2792,366
579 4261,762 4261,762 2792,366
580 4261,762 4261,762 2792,366
581 4261,762 4261,762 2792,366
582 4261,762 4261,762 2792,366
583 4261,762 4261,762 2792,366
584 4261,762 4261,762 2792,366
585 4261,762 4261,762 2792,366
586 4261,762 4261,762 2792,366
587 4261,762 4261,762 2792,366
588 4261,762 4261,762 2792,366
589 4261,762 4261,762 2792,366
590 4261,762 4261,762 2792,366
591 4261,762 4261,762 2792,366
592 4261,762 4261,762 2792,366
593 4261,762 4261,762 2792,366
594 4261,762 4261,762 2792,366
595 4261,762 4261,762 2792,366
596 4261,762 4261,762 2792,366
597 4261,762 4261,762 2792,366
598 4261,762 4261,762 2792,366
599 4261,762 4261,762 2792,366
600 4261,762 4261,762 2792,366
601 4261,762 4261,762 2792,366
602 4261,762 4261,762 2792,366
603 4261,762 4261,762 2792,366
604 4261,762 4261,762 2792,366
605 4261,762 4261,762 2792,366
606 5479,910 4261,762 2792,366
607 4261,762 4261,762 2792,366
608 4261,762 4261,762 2792,366
609 4261,762 4261,762 2792,366
610 4261,762 4261,762 2792,366
611 4261,762 4261,762 2792,366
612 4261,762 4261,762 2792,366
613 4261,762 4261,762 2792,366
614 4261,762 4261,762 2792,366
615 4261,762 4261,762 2792,366
616 4261,762 4261,762 2792,366
617 4261,762 4261,762 2792,366
618 4261,762 4261,762 2792,366
619 4261,762 4261,762 2792,366
620 4261,762 4261,762 2792,366
621 4261,762 4261,762 2792,366
622 4261,762 4261,762 2792,366
623 4261,762 4261,762 2792,366
624 4261,762 4261,762 2792,366
625 4261,762 4261,762 2792,366
626 4261,762 4261,762 2792,366
627 4261,762 4261,762 2792,366
628 4261,762 4261,762 2792,366
629 4261,762 4261,762 2792,366
630 4261,762 4261,762 2792,366
631 4261,762 4261,762 2792,366
632 4261,762 4261,762 2792,366
633 4261,762 4261,762 2792,366
634 4261,762 4261,762 2792,366
635 4261,762 4261,762 2792,366
636 4261,762 4261,762 2792,366
637 4261,762 4261,762 2792,366
638 4261,762 4261,762 2792,366
639 4261,762 4261,762 2792,366
640 4261,762 4261,762 2792,366
641 4261,762 4261,762 2792,366
642 4261,762 4261,762 2792,366
643 4261,762 4261,762 2792,366
644 4261,762 4261,762 2792,366
645 4261,762 4261,762 2792,366
646 4261,762 4261,762 2792,366
647 4261,762 4261,762 2792,366
648 4261,762 4261,762 2792,366
649 4261,762 4261,762 2792,366
650 4261,762 4261,762 2792,366
651 4261,762 4261,762 2792,366
652 4261,762 4261,762 2792,366
653 4261,762 4261,762 2792,366
654 4261,762 4261,762 2792,366
655 4261,762 4261,762 2792,366
656 4261,762 4261,762 2792,366
657 4261,762 4261,762 2792,366
658 5233,809 4261,762 2792,366
659 4261,762 4261,762 2792,366
660 4261,762 4261,762 2792,366
661 4261,762 4261,762 2792,366
662 4261,762 4261,762 2792,366
663 4261,762 4261,762 2792,366
664 4261,762 4261,762 2792,366
665 4261,762 4261,762 2792,366
666 4261,762 4261,762 2792,366
667 4261,762 4261,762 2792,366
668 4261,762 4261,762 2792,366
669 4261,762 4261,762 2792,366
670 4261,762 4261,762 2792,366
671 4261,762 4261,762 2792,366
672 4261,762 4261,762 2792,366
673 4261,762 4261,762 2792,366
674 4261,762 4261,762 2792,366
675 5299,245 4261,762 2792,366
676 4261,762 4261,762 2792,366
677 4261,762 4261,762 2792,366
678 4261,762 4261,762 2792,366
679 4261,762 4261,762 2792,366
680 4261,762 4261,762 2792,366
681 4261,762 4261,762 2792,366
682 4261,762 4261,762 2792,366
683 4261,762 4261,762 2792,366
684 4261,762 4261,762 2792,366
685 4261,762 4261,762 2792,366
686 4261,762 4261,762 2792,366
687 4261,762 4261,762 2792,366
688 4261,762 4261,762 2792,366
689 4261,762 4261,762 2792,366
690 4261,762 4261,762 2792,366
691 4261,762 4261,762 2792,366
692 4261,762 4261,762 2792,366
693 4261,762 4261,762 2792,366
694 4261,762 4261,762 2792,366
695 4261,762 4261,762 2792,366
696 4261,762 4261,762 2792,366
697 4261,762 4261,762 2792,366
698 4261,762 4261,762 2792,366
699 4261,762 4261,762 2792,366
700 4261,762 4261,762 2792,366
701 4261,762 4261,762 2792,366
702 4261,762 4261,762 2792,366
703 4261,762 4261,762 2792,366
704 4261,762 4261,762 2792,366
705 4261,762 4261,762 2792,366
706 4261,762 4261,762 2792,366
707 4261,762 4261,762 2792,366
708 4261,762 4261,762 2792,366
709 4261,762 4261,762 2792,366
710 4261,762 4261,762 2792,366
711 4261,762 4261,762 2792,366
712 4261,762 4261,762 2792,366
713 4261,762 4261,762 2792,366
714 4261,762 4261,762 2792,366
715 4261,762 4261,762 2792,366
716 4261,762 4261,762 2792,366
717 4261,762 4261,762 2792,366
718 4261,762 4261,762 2792,366
719 4261,762 4261,762 2792,366
720 4261,762 4261,762 2792,366
721 4261,762 4261,762 2792,366
722 4261,762 4261,762 2792,366
723 4261,762 4261,762 2792,366
724 4261,762 4261,762 2792,366
725 4261,762 4261,762 2792,366
726 4261,762 4261,762 2792,366
727 4261,762 4261,762 2792,366
728 4261,762 4261,762 2792,366
729 4261,762 4261,762 2792,366
730 4261,762 4261,762 2792,366
731 4261,762 4261,762 2792,366
732 4377,589 4261,762 2792,366
733 4261,762 4261,762 2792,366
734 4261,762 4261,762 2792,366
735 4261,762 4261,762 2792,366
736 4972,777 4261,762 2792,366
737 4261,762 4261,762 2792,366
738 4261,762 4261,762 2792,366
739 4261,762 4261,762 2792,366
740 4261,762 4261,762 2792,366
741 4261,762 4261,762 2792,366
742 4261,762 4261,762 2792,366
743 4261,762 4261,762 2792,366
744 4261,762 4261,762 2792,366
745 4261,762 4261,762 2792,366
746 4261,762 4261,762 2792,366
747 4261,762 4261,762 2792,366
748 4261,762 4261,762 2792,366
749 4261,762 4261,762 2792,366
750 4261,762 4261,762 2792,366
751 4261,762 4261,762 2792,366
752 4261,762 4261,762 2792,366
753 4261,762 4261,762 2792,366
754 4261,762 4261,762 2792,366
755 4261,762 4261,762 2792,366
756 4261,762 4261,762 2792,366
757 4261,762 4261,762 2792,366
758 4261,762 4261,762 2792,366
759 4261,762 4261,762 2792,366
760 4261,762 4261,762 2792,366
761 4261,762 4258,008 2792,366
762 4261,762 4258,008 2792,366
763 4261,762 4258,008 2792,366
764 4261,762 4258,008 2792,366
765 4261,762 4258,008 2792,366
766 4261,762 4258,008 2792,366
767 4261,762 4258,008 2792,366
768 4261,762 4258,008 2792,366
769 4261,762 4258,008 2792,366
770 4683,912 4258,008 2792,366
771 4278,555 4258,008 2792,366
772 4261,762 4258,008 2792,366
773 4261,762 4258,008 2792,366
774 4261,762 4258,008 2792,366
775 4261,762 4258,008 2792,366
776 4261,762 4258,008 2792,366
777 4261,762 4258,008 2792,366
778 4261,762 4258,008 2792,366
779 4261,762 4258,008 2792,366
780 4258,008 4258,008 2792,366
781 4258,008 4258,008 2792,366
782 4261,762 4258,008 2792,366
783 4261,762 4258,008 2792,366
784 4261,762 4258,008 2792,366
785 4261,762 4258,008 2792,366
786 4407,494 4258,008 2792,366
787 4261,762 4258,008 2792,366
788 4261,762 4258,008 2792,366
789 4261,762 4258,008 2792,366
790 4261,762 4258,008 2792,366
791 4261,762 4258,008 2792,366
792 4261,762 4258,008 2792,366
793 4261,762 4258,008 2792,366
794 4261,762 4258,008 2792,366
795 4261,762 4258,008 2792,366
796 4261,762 4258,008 2792,366
797 4261,762 4258,008 2792,366
798 4261,762 4258,008 2792,366
799 4261,762 4258,008 2792,366
800 4261,762 4258,008 2792,366
