nrOsobnika current best_current best_global
1 5810,575 5201,030 3108,605
2 5825,802 5201,030 3108,605
3 7046,616 5201,030 3108,605
4 6606,808 5201,030 3108,605
5 6170,811 5201,030 3108,605
6 5697,393 5201,030 3108,605
7 5201,030 5201,030 3108,605
8 6912,636 5201,030 3108,605
9 6659,187 5201,030 3108,605
10 7073,854 5201,030 3108,605
11 7188,119 5201,030 3108,605
12 6378,341 5201,030 3108,605
13 6893,175 5201,030 3108,605
14 6903,667 5201,030 3108,605
15 6627,882 5201,030 3108,605
16 6050,389 5201,030 3108,605
17 6689,671 5201,030 3108,605
18 5973,700 5201,030 3108,605
19 6274,463 5201,030 3108,605
20 6216,442 5201,030 3108,605
21 5201,030 5018,100 3108,605
22 5323,363 5018,100 3108,605
23 5488,541 5018,100 3108,605
24 5527,337 5018,100 3108,605
25 5556,722 5018,100 3108,605
26 5697,393 5018,100 3108,605
27 5769,700 5018,100 3108,605
28 5810,575 5018,100 3108,605
29 5825,802 5018,100 3108,605
30 5898,954 5018,100 3108,605
31 5970,985 5018,100 3108,605
32 5973,700 5018,100 3108,605
33 6038,969 5018,100 3108,605
34 6045,097 5018,100 3108,605
35 6050,389 5018,100 3108,605
36 6091,465 5018,100 3108,605
37 6170,811 5018,100 3108,605
38 6216,442 5018,100 3108,605
39 6274,463 5018,100 3108,605
40 6325,372 5018,100 3108,605
41 5018,100 4817,475 3108,605
42 5270,114 4817,475 3108,605
43 5184,468 4817,475 3108,605
44 5201,030 4817,475 3108,605
45 5323,363 4817,475 3108,605
46 5423,011 4817,475 3108,605
47 5488,541 4817,475 3108,605
48 5973,895 4817,475 3108,605
49 5556,722 4817,475 3108,605
50 5578,880 4817,475 3108,605
51 5638,303 4817,475 3108,605
52 5930,704 4817,475 3108,605
53 5727,298 4817,475 3108,605
54 5763,885 4817,475 3108,605
55 5769,700 4817,475 3108,605
56 5810,575 4817,475 3108,605
57 5825,802 4817,475 3108,605
58 5852,565 4817,475 3108,605
59 5898,954 4817,475 3108,605
60 5913,079 4817,475 3108,605
61 4817,475 4475,454 3108,605
62 4871,895 4475,454 3108,605
63 5018,100 4475,454 3108,605
64 5119,588 4475,454 3108,605
65 5184,468 4475,454 3108,605
66 5201,030 4475,454 3108,605
67 5245,052 4475,454 3108,605
68 5270,114 4475,454 3108,605
69 5287,080 4475,454 3108,605
70 5323,363 4475,454 3108,605
71 5373,710 4475,454 3108,605
72 5423,011 4475,454 3108,605
73 5425,659 4475,454 3108,605
74 5488,541 4475,454 3108,605
75 5494,274 4475,454 3108,605
76 5556,722 4475,454 3108,605
77 5578,880 4475,454 3108,605
78 5594,123 4475,454 3108,605
79 5638,303 4475,454 3108,605
80 5640,565 4475,454 3108,605
81 4475,454 4475,454 3108,605
82 4747,603 4475,454 3108,605
83 4815,384 4475,454 3108,605
84 4817,475 4475,454 3108,605
85 4871,895 4475,454 3108,605
86 5018,100 4475,454 3108,605
87 5119,588 4475,454 3108,605
88 5131,887 4475,454 3108,605
89 5184,468 4475,454 3108,605
90 5194,185 4475,454 3108,605
91 5201,030 4475,454 3108,605
92 5234,266 4475,454 3108,605
93 5203,395 4475,454 3108,605
94 5245,052 4475,454 3108,605
95 5270,114 4475,454 3108,605
96 5287,080 4475,454 3108,605
97 5323,363 4475,454 3108,605
98 5373,710 4475,454 3108,605
99 5423,011 4475,454 3108,605
100 5425,659 4475,454 3108,605
101 4475,454 4475,454 3108,605
102 4616,846 4475,454 3108,605
103 4645,541 4475,454 3108,605
104 4726,997 4475,454 3108,605
105 5143,738 4475,454 3108,605
106 4787,824 4475,454 3108,605
107 4815,384 4475,454 3108,605
108 4817,475 4475,454 3108,605
109 4822,643 4475,454 3108,605
110 4850,804 4475,454 3108,605
111 4871,895 4475,454 3108,605
112 4874,371 4475,454 3108,605
113 5018,100 4475,454 3108,605
114 5078,244 4475,454 3108,605
115 5105,063 4475,454 3108,605
116 5119,588 4475,454 3108,605
117 5131,887 4475,454 3108,605
118 5161,735 4475,454 3108,605
119 5164,454 4475,454 3108,605
120 5184,468 4475,454 3108,605
121 4475,454 4049,318 3108,605
122 4475,454 4049,318 3108,605
123 4492,945 4049,318 3108,605
124 4504,225 4049,318 3108,605
125 4616,846 4049,318 3108,605
126 4645,541 4049,318 3108,605
127 4645,541 4049,318 3108,605
128 4668,092 4049,318 3108,605
129 4704,857 4049,318 3108,605
130 4726,997 4049,318 3108,605
131 4732,190 4049,318 3108,605
132 4784,631 4049,318 3108,605
133 4787,824 4049,318 3108,605
134 4815,384 4049,318 3108,605
135 4817,475 4049,318 3108,605
136 4822,643 4049,318 3108,605
137 4850,804 4049,318 3108,605
138 4871,895 4049,318 3108,605
139 4874,371 4049,318 3108,605
140 4968,049 4049,318 3108,605
141 4049,318 4049,318 3108,605
142 4475,454 4049,318 3108,605
143 4475,454 4049,318 3108,605
144 4492,945 4049,318 3108,605
145 4499,374 4049,318 3108,605
146 4504,225 4049,318 3108,605
147 4504,225 4049,318 3108,605
148 4574,455 4049,318 3108,605
149 4955,694 4049,318 3108,605
150 5142,865 4049,318 3108,605
151 4645,073 4049,318 3108,605
152 4645,541 4049,318 3108,605
153 4645,541 4049,318 3108,605
154 4645,541 4049,318 3108,605
155 4663,065 4049,318 3108,605
156 4668,092 4049,318 3108,605
157 4704,857 4049,318 3108,605
158 4726,997 4049,318 3108,605
159 4732,190 4049,318 3108,605
160 4755,131 4049,318 3108,605
161 4049,318 4049,318 3108,605
162 4152,237 4049,318 3108,605
163 4178,447 4049,318 3108,605
164 4475,454 4049,318 3108,605
165 4475,454 4049,318 3108,605
166 4492,945 4049,318 3108,605
167 4499,374 4049,318 3108,605
168 5956,772 4049,318 3108,605
169 4504,225 4049,318 3108,605
170 4574,455 4049,318 3108,605
171 4645,073 4049,318 3108,605
172 4645,541 4049,318 3108,605
173 4645,541 4049,318 3108,605
174 4645,541 4049,318 3108,605
175 4645,541 4049,318 3108,605
176 4663,065 4049,318 3108,605
177 4833,766 4049,318 3108,605
178 4692,454 4049,318 3108,605
179 4704,857 4049,318 3108,605
180 4726,997 4049,318 3108,605
181 4049,318 4035,137 3108,605
182 4152,237 4035,137 3108,605
183 4178,447 4035,137 3108,605
184 4267,633 4035,137 3108,605
185 4329,449 4035,137 3108,605
186 4421,010 4035,137 3108,605
187 4442,345 4035,137 3108,605
188 4459,983 4035,137 3108,605
189 4461,368 4035,137 3108,605
190 4475,454 4035,137 3108,605
191 4475,454 4035,137 3108,605
192 4481,227 4035,137 3108,605
193 4492,945 4035,137 3108,605
194 4499,374 4035,137 3108,605
195 4502,332 4035,137 3108,605
196 4504,225 4035,137 3108,605
197 4504,225 4035,137 3108,605
198 4574,455 4035,137 3108,605
199 4574,455 4035,137 3108,605
200 4597,617 4035,137 3108,605
201 4035,137 3991,518 3108,605
202 4294,906 3991,518 3108,605
203 4049,318 3991,518 3108,605
204 3991,518 3991,518 3108,605
205 4152,237 3991,518 3108,605
206 4152,842 3991,518 3108,605
207 4164,386 3991,518 3108,605
208 4178,447 3991,518 3108,605
209 4267,633 3991,518 3108,605
210 4329,449 3991,518 3108,605
211 4344,348 3991,518 3108,605
212 4410,336 3991,518 3108,605
213 4421,010 3991,518 3108,605
214 4421,010 3991,518 3108,605
215 4442,345 3991,518 3108,605
216 5466,767 3991,518 3108,605
217 4461,368 3991,518 3108,605
218 4475,454 3991,518 3108,605
219 4475,454 3991,518 3108,605
220 4481,227 3991,518 3108,605
221 3991,518 3990,826 3108,605
222 4035,137 3990,826 3108,605
223 4049,318 3990,826 3108,605
224 4049,318 3990,826 3108,605
225 4049,318 3990,826 3108,605
226 4082,283 3990,826 3108,605
227 4152,237 3990,826 3108,605
228 4152,842 3990,826 3108,605
229 4156,112 3990,826 3108,605
230 4164,386 3990,826 3108,605
231 4178,447 3990,826 3108,605
232 5087,265 3990,826 3108,605
233 4267,633 3990,826 3108,605
234 4294,906 3990,826 3108,605
235 4507,017 3990,826 3108,605
236 4344,348 3990,826 3108,605
237 4410,336 3990,826 3108,605
238 4421,010 3990,826 3108,605
239 4421,010 3990,826 3108,605
240 4442,345 3990,826 3108,605
241 3990,826 3879,640 3108,605
242 3991,518 3879,640 3108,605
243 3991,518 3879,640 3108,605
244 4035,137 3879,640 3108,605
245 4049,318 3879,640 3108,605
246 4049,318 3879,640 3108,605
247 4049,318 3879,640 3108,605
248 4082,283 3879,640 3108,605
249 4082,283 3879,640 3108,605
250 4106,582 3879,640 3108,605
251 4152,237 3879,640 3108,605
252 4152,237 3879,640 3108,605
253 4152,842 3879,640 3108,605
254 4156,112 3879,640 3108,605
255 4164,386 3879,640 3108,605
256 4164,386 3879,640 3108,605
257 4164,386 3879,640 3108,605
258 4178,447 3879,640 3108,605
259 4216,261 3879,640 3108,605
260 4255,602 3879,640 3108,605
261 3879,640 3808,527 3108,605
262 3975,545 3808,527 3108,605
263 3987,275 3808,527 3108,605
264 3990,826 3808,527 3108,605
265 3991,518 3808,527 3108,605
266 3991,518 3808,527 3108,605
267 3991,518 3808,527 3108,605
268 4012,351 3808,527 3108,605
269 4035,137 3808,527 3108,605
270 4049,318 3808,527 3108,605
271 4049,318 3808,527 3108,605
272 4049,318 3808,527 3108,605
273 4082,283 3808,527 3108,605
274 4082,283 3808,527 3108,605
275 4106,582 3808,527 3108,605
276 4110,336 3808,527 3108,605
277 4152,237 3808,527 3108,605
278 4152,237 3808,527 3108,605
279 4152,237 3808,527 3108,605
280 4152,842 3808,527 3108,605
281 3808,527 3796,065 3108,605
282 3856,576 3796,065 3108,605
283 3879,640 3796,065 3108,605
284 3879,640 3796,065 3108,605
285 3879,640 3796,065 3108,605
286 5214,658 3796,065 3108,605
287 3970,135 3796,065 3108,605
288 3975,545 3796,065 3108,605
289 3987,275 3796,065 3108,605
290 3987,275 3796,065 3108,605
291 3987,275 3796,065 3108,605
292 3990,826 3796,065 3108,605
293 3990,826 3796,065 3108,605
294 3991,518 3796,065 3108,605
295 3991,518 3796,065 3108,605
296 3991,518 3796,065 3108,605
297 3991,518 3796,065 3108,605
298 4012,351 3796,065 3108,605
299 4012,351 3796,065 3108,605
300 4012,351 3796,065 3108,605
301 3796,065 3727,416 3108,605
302 3808,527 3727,416 3108,605
303 3808,527 3727,416 3108,605
304 3856,576 3727,416 3108,605
305 3879,640 3727,416 3108,605
306 3879,640 3727,416 3108,605
307 3879,640 3727,416 3108,605
308 3879,640 3727,416 3108,605
309 3969,584 3727,416 3108,605
310 3970,135 3727,416 3108,605
311 3974,718 3727,416 3108,605
312 3975,545 3727,416 3108,605
313 3975,545 3727,416 3108,605
314 3982,198 3727,416 3108,605
315 3987,275 3727,416 3108,605
316 3987,275 3727,416 3108,605
317 3987,275 3727,416 3108,605
318 3990,826 3727,416 3108,605
319 3990,826 3727,416 3108,605
320 3990,826 3727,416 3108,605
321 3727,416 3727,416 3108,605
322 3727,416 3727,416 3108,605
323 3753,568 3727,416 3108,605
324 3796,065 3727,416 3108,605
325 3808,527 3727,416 3108,605
326 3808,527 3727,416 3108,605
327 3839,468 3727,416 3108,605
328 3856,576 3727,416 3108,605
329 3879,640 3727,416 3108,605
330 3879,640 3727,416 3108,605
331 3879,640 3727,416 3108,605
332 3879,640 3727,416 3108,605
333 3879,640 3727,416 3108,605
334 3879,640 3727,416 3108,605
335 3879,640 3727,416 3108,605
336 3969,584 3727,416 3108,605
337 3970,135 3727,416 3108,605
338 3974,718 3727,416 3108,605
339 3975,545 3727,416 3108,605
340 3975,545 3727,416 3108,605
341 3727,416 3582,019 3108,605
342 3727,416 3582,019 3108,605
343 3727,416 3582,019 3108,605
344 3727,416 3582,019 3108,605
345 3727,416 3582,019 3108,605
346 3753,568 3582,019 3108,605
347 3755,171 3582,019 3108,605
348 3796,065 3582,019 3108,605
349 3808,527 3582,019 3108,605
350 3808,527 3582,019 3108,605
351 3808,527 3582,019 3108,605
352 3827,027 3582,019 3108,605
353 3827,027 3582,019 3108,605
354 3827,700 3582,019 3108,605
355 3839,468 3582,019 3108,605
356 3839,468 3582,019 3108,605
357 3839,468 3582,019 3108,605
358 3839,468 3582,019 3108,605
359 3856,576 3582,019 3108,605
360 3866,273 3582,019 3108,605
361 3582,019 3582,019 3108,605
362 3727,416 3582,019 3108,605
363 3727,416 3582,019 3108,605
364 3727,416 3582,019 3108,605
365 3727,416 3582,019 3108,605
366 3727,416 3582,019 3108,605
367 3727,416 3582,019 3108,605
368 3727,416 3582,019 3108,605
369 3727,416 3582,019 3108,605
370 3727,416 3582,019 3108,605
371 3753,568 3582,019 3108,605
372 3755,171 3582,019 3108,605
373 3755,171 3582,019 3108,605
374 3755,171 3582,019 3108,605
375 3796,065 3582,019 3108,605
376 3796,065 3582,019 3108,605
377 3808,527 3582,019 3108,605
378 3808,527 3582,019 3108,605
379 3808,527 3582,019 3108,605
380 3808,527 3582,019 3108,605
381 4269,147 3582,019 3108,605
382 3593,292 3582,019 3108,605
383 3685,136 3582,019 3108,605
384 3727,416 3582,019 3108,605
385 3727,416 3582,019 3108,605
386 3727,416 3582,019 3108,605
387 3727,416 3582,019 3108,605
388 3727,416 3582,019 3108,605
389 3727,416 3582,019 3108,605
390 4278,701 3582,019 3108,605
391 3727,416 3582,019 3108,605
392 3727,416 3582,019 3108,605
393 3727,416 3582,019 3108,605
394 3727,416 3582,019 3108,605
395 3727,416 3582,019 3108,605
396 3727,416 3582,019 3108,605
397 3727,416 3582,019 3108,605
398 3727,416 3582,019 3108,605
399 3727,416 3582,019 3108,605
400 3727,416 3582,019 3108,605
401 3582,019 3582,019 3108,605
402 3582,019 3582,019 3108,605
403 3593,292 3582,019 3108,605
404 3685,136 3582,019 3108,605
405 3685,136 3582,019 3108,605
406 3727,416 3582,019 3108,605
407 5197,454 3582,019 3108,605
408 3727,416 3582,019 3108,605
409 3727,416 3582,019 3108,605
410 3727,416 3582,019 3108,605
411 3727,416 3582,019 3108,605
412 3727,416 3582,019 3108,605
413 3727,416 3582,019 3108,605
414 3727,416 3582,019 3108,605
415 3727,416 3582,019 3108,605
416 3727,416 3582,019 3108,605
417 3727,416 3582,019 3108,605
418 3727,416 3582,019 3108,605
419 3727,416 3582,019 3108,605
420 3727,416 3582,019 3108,605
421 3582,019 3582,019 3108,605
422 3582,019 3582,019 3108,605
423 3582,019 3582,019 3108,605
424 3582,019 3582,019 3108,605
425 4660,731 3582,019 3108,605
426 3593,292 3582,019 3108,605
427 3593,292 3582,019 3108,605
428 3685,136 3582,019 3108,605
429 3685,136 3582,019 3108,605
430 3695,980 3582,019 3108,605
431 3727,416 3582,019 3108,605
432 5149,930 3582,019 3108,605
433 3727,416 3582,019 3108,605
434 3727,416 3582,019 3108,605
435 3727,416 3582,019 3108,605
436 3727,416 3582,019 3108,605
437 3727,416 3582,019 3108,605
438 3727,416 3582,019 3108,605
439 3727,416 3582,019 3108,605
440 3727,416 3582,019 3108,605
441 3582,019 3582,019 3108,605
442 3582,019 3582,019 3108,605
443 3582,019 3582,019 3108,605
444 3582,019 3582,019 3108,605
445 3582,019 3582,019 3108,605
446 3582,019 3582,019 3108,605
447 3593,292 3582,019 3108,605
448 3593,292 3582,019 3108,605
449 3593,292 3582,019 3108,605
450 3593,292 3582,019 3108,605
451 3593,292 3582,019 3108,605
452 3593,292 3582,019 3108,605
453 3593,292 3582,019 3108,605
454 3593,292 3582,019 3108,605
455 3593,292 3582,019 3108,605
456 3685,136 3582,019 3108,605
457 3685,136 3582,019 3108,605
458 3685,136 3582,019 3108,605
459 3685,136 3582,019 3108,605
460 3685,136 3582,019 3108,605
461 3582,019 3582,019 3108,605
462 3582,019 3582,019 3108,605
463 3582,019 3582,019 3108,605
464 3582,019 3582,019 3108,605
465 5313,339 3582,019 3108,605
466 3582,019 3582,019 3108,605
467 3582,019 3582,019 3108,605
468 3582,019 3582,019 3108,605
469 3582,019 3582,019 3108,605
470 3582,019 3582,019 3108,605
471 4116,938 3582,019 3108,605
472 3582,019 3582,019 3108,605
473 3582,019 3582,019 3108,605
474 3582,019 3582,019 3108,605
475 3582,019 3582,019 3108,605
476 3582,019 3582,019 3108,605
477 3593,292 3582,019 3108,605
478 3593,292 3582,019 3108,605
479 3593,292 3582,019 3108,605
480 3593,292 3582,019 3108,605
481 3582,019 3582,019 3108,605
482 3582,019 3582,019 3108,605
483 3582,019 3582,019 3108,605
484 3582,019 3582,019 3108,605
485 4370,976 3582,019 3108,605
486 3582,019 3582,019 3108,605
487 3582,019 3582,019 3108,605
488 3582,019 3582,019 3108,605
489 3582,019 3582,019 3108,605
490 3582,019 3582,019 3108,605
491 3582,019 3582,019 3108,605
492 3582,019 3582,019 3108,605
493 3582,019 3582,019 3108,605
494 3582,019 3582,019 3108,605
495 3582,019 3582,019 3108,605
496 3582,019 3582,019 3108,605
497 3582,019 3582,019 3108,605
498 3582,019 3582,019 3108,605
499 3582,019 3582,019 3108,605
500 3582,019 3582,019 3108,605
501 3582,019 3582,019 3108,605
502 3582,019 3582,019 3108,605
503 3582,019 3582,019 3108,605
504 3582,019 3582,019 3108,605
505 3582,019 3582,019 3108,605
506 3582,019 3582,019 3108,605
507 3582,019 3582,019 3108,605
508 5361,938 3582,019 3108,605
509 3582,019 3582,019 3108,605
510 3582,019 3582,019 3108,605
511 3582,019 3582,019 3108,605
512 3582,019 3582,019 3108,605
513 3582,019 3582,019 3108,605
514 3582,019 3582,019 3108,605
515 3582,019 3582,019 3108,605
516 3582,019 3582,019 3108,605
517 3582,019 3582,019 3108,605
518 3582,019 3582,019 3108,605
519 3582,019 3582,019 3108,605
520 3582,019 3582,019 3108,605
521 6010,160 3582,019 3108,605
522 3582,019 3582,019 3108,605
523 3582,019 3582,019 3108,605
524 3582,019 3582,019 3108,605
525 3582,019 3582,019 3108,605
526 3582,019 3582,019 3108,605
527 3582,019 3582,019 3108,605
528 3582,019 3582,019 3108,605
529 3582,019 3582,019 3108,605
530 5654,299 3582,019 3108,605
531 3582,019 3582,019 3108,605
532 3582,019 3582,019 3108,605
533 3582,019 3582,019 3108,605
534 3582,019 3582,019 3108,605
535 3582,019 3582,019 3108,605
536 3582,019 3582,019 3108,605
537 6791,576 3582,019 3108,605
538 3582,019 3582,019 3108,605
539 3582,019 3582,019 3108,605
540 3582,019 3582,019 3108,605
541 3582,019 3582,019 3108,605
542 3582,019 3582,019 3108,605
543 3582,019 3582,019 3108,605
544 3582,019 3582,019 3108,605
545 3582,019 3582,019 3108,605
546 3582,019 3582,019 3108,605
547 3582,019 3582,019 3108,605
548 3582,019 3582,019 3108,605
549 3582,019 3582,019 3108,605
550 3582,019 3582,019 3108,605
551 3582,019 3582,019 3108,605
552 3582,019 3582,019 3108,605
553 3582,019 3582,019 3108,605
554 3582,019 3582,019 3108,605
555 3582,019 3582,019 3108,605
556 3582,019 3582,019 3108,605
557 3582,019 3582,019 3108,605
558 3582,019 3582,019 3108,605
559 3582,019 3582,019 3108,605
560 3582,019 3582,019 3108,605
561 3582,019 3582,019 3108,605
562 3582,019 3582,019 3108,605
563 3582,019 3582,019 3108,605
564 3582,019 3582,019 3108,605
565 3582,019 3582,019 3108,605
566 3582,019 3582,019 3108,605
567 3582,019 3582,019 3108,605
568 3582,019 3582,019 3108,605
569 3582,019 3582,019 3108,605
570 3582,019 3582,019 3108,605
571 3582,019 3582,019 3108,605
572 3582,019 3582,019 3108,605
573 3582,019 3582,019 3108,605
574 3582,019 3582,019 3108,605
575 3582,019 3582,019 3108,605
576 3582,019 3582,019 3108,605
577 3582,019 3582,019 3108,605
578 3582,019 3582,019 3108,605
579 3582,019 3582,019 3108,605
580 3582,019 3582,019 3108,605
581 3582,019 3582,019 3108,605
582 3582,019 3582,019 3108,605
583 3582,019 3582,019 3108,605
584 3582,019 3582,019 3108,605
585 3582,019 3582,019 3108,605
586 3582,019 3582,019 3108,605
587 3582,019 3582,019 3108,605
588 3582,019 3582,019 3108,605
589 3582,019 3582,019 3108,605
590 3582,019 3582,019 3108,605
591 3582,019 3582,019 3108,605
592 4090,726 3582,019 3108,605
593 3582,019 3582,019 3108,605
594 3582,019 3582,019 3108,605
595 3582,019 3582,019 3108,605
596 3582,019 3582,019 3108,605
597 3582,019 3582,019 3108,605
598 3582,019 3582,019 3108,605
599 3582,019 3582,019 3108,605
600 3582,019 3582,019 3108,605
601 3582,019 3582,019 3108,605
602 3582,019 3582,019 3108,605
603 3582,019 3582,019 3108,605
604 3582,019 3582,019 3108,605
605 3582,019 3582,019 3108,605
606 3582,019 3582,019 3108,605
607 3582,019 3582,019 3108,605
608 3582,019 3582,019 3108,605
609 3582,019 3582,019 3108,605
610 3582,019 3582,019 3108,605
611 3582,019 3582,019 3108,605
612 3582,019 3582,019 3108,605
613 5485,191 3582,019 3108,605
614 3582,019 3582,019 3108,605
615 3582,019 3582,019 3108,605
616 3582,019 3582,019 3108,605
617 3582,019 3582,019 3108,605
618 3582,019 3582,019 3108,605
619 3582,019 3582,019 3108,605
620 3582,019 3582,019 3108,605
621 4490,213 3582,019 3108,605
622 3582,019 3582,019 3108,605
623 3582,019 3582,019 3108,605
624 3582,019 3582,019 3108,605
625 3582,019 3582,019 3108,605
626 3582,019 3582,019 3108,605
627 6845,488 3582,019 3108,605
628 3582,019 3582,019 3108,605
629 3582,019 3582,019 3108,605
630 3582,019 3582,019 3108,605
631 3582,019 3582,019 3108,605
632 3582,019 3582,019 3108,605
633 3582,019 3582,019 3108,605
634 3582,019 3582,019 3108,605
635 3582,019 3582,019 3108,605
636 3582,019 3582,019 3108,605
637 4714,640 3582,019 3108,605
638 3582,019 3582,019 3108,605
639 3582,019 3582,019 3108,605
640 3582,019 3582,019 3108,605
641 3582,019 3582,019 3108,605
642 3582,019 3582,019 3108,605
643 3582,019 3582,019 3108,605
644 3582,019 3582,019 3108,605
645 3582,019 3582,019 3108,605
646 3582,019 3582,019 3108,605
647 3582,019 3582,019 3108,605
648 6355,530 3582,019 3108,605
649 3582,019 3582,019 3108,605
650 3582,019 3582,019 3108,605
651 3582,019 3582,019 3108,605
652 3582,019 3582,019 3108,605
653 3582,019 3582,019 3108,605
654 3582,019 3582,019 3108,605
655 3582,019 3582,019 3108,605
656 3582,019 3582,019 3108,605
657 3582,019 3582,019 3108,605
658 3582,019 3582,019 3108,605
659 3582,019 3582,019 3108,605
660 3582,019 3582,019 3108,605
661 3582,019 3582,019 3108,605
662 3582,019 3582,019 3108,605
663 3582,019 3582,019 3108,605
664 3582,019 3582,019 3108,605
665 3582,019 3582,019 3108,605
666 3582,019 3582,019 3108,605
667 3582,019 3582,019 3108,605
668 3582,019 3582,019 3108,605
669 3582,019 3582,019 3108,605
670 3582,019 3582,019 3108,605
671 3582,019 3582,019 3108,605
672 3582,019 3582,019 3108,605
673 3582,019 3582,019 3108,605
674 5783,752 3582,019 3108,605
675 3582,019 3582,019 3108,605
676 3582,019 3582,019 3108,605
677 3582,019 3582,019 3108,605
678 3582,019 3582,019 3108,605
679 3582,019 3582,019 3108,605
680 3582,019 3582,019 3108,605
681 3582,019 3582,019 3108,605
682 3582,019 3582,019 3108,605
683 3582,019 3582,019 3108,605
684 3582,019 3582,019 3108,605
685 3582,019 3582,019 3108,605
686 3582,019 3582,019 3108,605
687 3582,019 3582,019 3108,605
688 3582,019 3582,019 3108,605
689 3582,019 3582,019 3108,605
690 3582,019 3582,019 3108,605
691 3582,019 3582,019 3108,605
692 3582,019 3582,019 3108,605
693 3582,019 3582,019 3108,605
694 3582,019 3582,019 3108,605
695 3582,019 3582,019 3108,605
696 3582,019 3582,019 3108,605
697 3582,019 3582,019 3108,605
698 3582,019 3582,019 3108,605
699 3582,019 3582,019 3108,605
700 3582,019 3582,019 3108,605
701 3582,019 3529,852 3108,605
702 3582,019 3529,852 3108,605
703 3582,019 3529,852 3108,605
704 3529,852 3529,852 3108,605
705 3582,019 3529,852 3108,605
706 5587,295 3529,852 3108,605
707 3582,019 3529,852 3108,605
708 5586,225 3529,852 3108,605
709 3582,019 3529,852 3108,605
710 3582,019 3529,852 3108,605
711 3582,019 3529,852 3108,605
712 3582,019 3529,852 3108,605
713 3582,019 3529,852 3108,605
714 3582,019 3529,852 3108,605
715 3582,019 3529,852 3108,605
716 3582,019 3529,852 3108,605
717 3582,019 3529,852 3108,605
718 3582,019 3529,852 3108,605
719 3582,019 3529,852 3108,605
720 3582,019 3529,852 3108,605
721 3529,852 3529,852 3108,605
722 3582,019 3529,852 3108,605
723 3582,019 3529,852 3108,605
724 3582,019 3529,852 3108,605
725 3582,019 3529,852 3108,605
726 3582,019 3529,852 3108,605
727 3582,019 3529,852 3108,605
728 3582,019 3529,852 3108,605
729 3582,019 3529,852 3108,605
730 3582,019 3529,852 3108,605
731 3582,019 3529,852 3108,605
732 3582,019 3529,852 3108,605
733 3582,019 3529,852 3108,605
734 3582,019 3529,852 3108,605
735 3582,019 3529,852 3108,605
736 3582,019 3529,852 3108,605
737 3582,019 3529,852 3108,605
738 3582,019 3529,852 3108,605
739 3582,019 3529,852 3108,605
740 3582,019 3529,852 3108,605
741 3529,852 3529,852 3108,605
742 3529,852 3529,852 3108,605
743 3538,757 3529,852 3108,605
744 3538,757 3529,852 3108,605
745 3573,114 3529,852 3108,605
746 3582,019 3529,852 3108,605
747 3582,019 3529,852 3108,605
748 3582,019 3529,852 3108,605
749 3582,019 3529,852 3108,605
750 3582,019 3529,852 3108,605
751 3582,019 3529,852 3108,605
752 3582,019 3529,852 3108,605
753 3582,019 3529,852 3108,605
754 3582,019 3529,852 3108,605
755 3582,019 3529,852 3108,605
756 3582,019 3529,852 3108,605
757 3582,019 3529,852 3108,605
758 3582,019 3529,852 3108,605
759 3582,019 3529,852 3108,605
760 3582,019 3529,852 3108,605
761 3529,852 3529,852 3108,605
762 3529,852 3529,852 3108,605
763 3529,852 3529,852 3108,605
764 3538,757 3529,852 3108,605
765 3538,757 3529,852 3108,605
766 3538,757 3529,852 3108,605
767 3538,757 3529,852 3108,605
768 3538,757 3529,852 3108,605
769 3538,757 3529,852 3108,605
770 3538,757 3529,852 3108,605
771 3538,757 3529,852 3108,605
772 3538,757 3529,852 3108,605
773 3538,757 3529,852 3108,605
774 3573,114 3529,852 3108,605
775 3573,114 3529,852 3108,605
776 3573,114 3529,852 3108,605
777 3573,114 3529,852 3108,605
778 3582,019 3529,852 3108,605
779 3582,019 3529,852 3108,605
780 3582,019 3529,852 3108,605
781 3529,852 3529,852 3108,605
782 3529,852 3529,852 3108,605
783 3529,852 3529,852 3108,605
784 3529,852 3529,852 3108,605
785 3529,852 3529,852 3108,605
786 3529,852 3529,852 3108,605
787 3529,852 3529,852 3108,605
788 3529,852 3529,852 3108,605
789 3529,852 3529,852 3108,605
790 3529,852 3529,852 3108,605
791 3529,852 3529,852 3108,605
792 3538,757 3529,852 3108,605
793 3538,757 3529,852 3108,605
794 3538,757 3529,852 3108,605
795 3538,757 3529,852 3108,605
796 3538,757 3529,852 3108,605
797 3538,757 3529,852 3108,605
798 3538,757 3529,852 3108,605
799 3538,757 3529,852 3108,605
800 3538,757 3529,852 3108,605
