nrOsobnika current best_current best_global
1 6540,816 4837,458 3108,605
2 6285,576 4837,458 3108,605
3 6047,078 4837,458 3108,605
4 6592,771 4837,458 3108,605
5 6526,216 4837,458 3108,605
6 6290,128 4837,458 3108,605
7 5640,547 4837,458 3108,605
8 6343,313 4837,458 3108,605
9 6384,936 4837,458 3108,605
10 5749,557 4837,458 3108,605
11 6746,528 4837,458 3108,605
12 6726,981 4837,458 3108,605
13 6166,977 4837,458 3108,605
14 6832,445 4837,458 3108,605
15 5581,166 4837,458 3108,605
16 5925,540 4837,458 3108,605
17 6976,739 4837,458 3108,605
18 5750,215 4837,458 3108,605
19 7211,470 4837,458 3108,605
20 6055,987 4837,458 3108,605
21 4837,458 4837,458 3108,605
22 5456,219 4837,458 3108,605
23 5581,166 4837,458 3108,605
24 5625,340 4837,458 3108,605
25 5630,715 4837,458 3108,605
26 5640,547 4837,458 3108,605
27 5645,798 4837,458 3108,605
28 5706,365 4837,458 3108,605
29 5749,557 4837,458 3108,605
30 5750,215 4837,458 3108,605
31 5858,867 4837,458 3108,605
32 5925,540 4837,458 3108,605
33 5975,244 4837,458 3108,605
34 6010,818 4837,458 3108,605
35 6047,078 4837,458 3108,605
36 6055,987 4837,458 3108,605
37 6059,778 4837,458 3108,605
38 6104,610 4837,458 3108,605
39 6106,348 4837,458 3108,605
40 6121,200 4837,458 3108,605
41 4837,458 4730,561 3108,605
42 4956,309 4730,561 3108,605
43 5406,424 4730,561 3108,605
44 5456,219 4730,561 3108,605
45 5542,945 4730,561 3108,605
46 5581,166 4730,561 3108,605
47 5625,340 4730,561 3108,605
48 5630,715 4730,561 3108,605
49 5640,547 4730,561 3108,605
50 5645,798 4730,561 3108,605
51 5706,365 4730,561 3108,605
52 5749,557 4730,561 3108,605
53 5750,215 4730,561 3108,605
54 5840,784 4730,561 3108,605
55 6078,892 4730,561 3108,605
56 5906,048 4730,561 3108,605
57 5925,540 4730,561 3108,605
58 5961,876 4730,561 3108,605
59 5975,244 4730,561 3108,605
60 6002,877 4730,561 3108,605
61 4730,561 4466,218 3108,605
62 4837,458 4466,218 3108,605
63 4956,309 4466,218 3108,605
64 5137,181 4466,218 3108,605
65 5229,953 4466,218 3108,605
66 5347,213 4466,218 3108,605
67 5350,567 4466,218 3108,605
68 5406,424 4466,218 3108,605
69 5456,219 4466,218 3108,605
70 5516,269 4466,218 3108,605
71 5542,945 4466,218 3108,605
72 5581,166 4466,218 3108,605
73 5611,394 4466,218 3108,605
74 5625,340 4466,218 3108,605
75 5630,622 4466,218 3108,605
76 5630,715 4466,218 3108,605
77 5640,547 4466,218 3108,605
78 5645,798 4466,218 3108,605
79 5671,766 4466,218 3108,605
80 5706,365 4466,218 3108,605
81 4466,218 4466,218 3108,605
82 4730,561 4466,218 3108,605
83 4837,458 4466,218 3108,605
84 4956,309 4466,218 3108,605
85 5124,542 4466,218 3108,605
86 5137,181 4466,218 3108,605
87 5157,740 4466,218 3108,605
88 5191,996 4466,218 3108,605
89 5223,148 4466,218 3108,605
90 5229,953 4466,218 3108,605
91 5229,963 4466,218 3108,605
92 5274,504 4466,218 3108,605
93 5304,206 4466,218 3108,605
94 5347,213 4466,218 3108,605
95 6060,650 4466,218 3108,605
96 5406,424 4466,218 3108,605
97 5427,508 4466,218 3108,605
98 5456,219 4466,218 3108,605
99 5516,269 4466,218 3108,605
100 5542,945 4466,218 3108,605
101 4466,218 4417,229 3108,605
102 4470,766 4417,229 3108,605
103 4730,561 4417,229 3108,605
104 4738,517 4417,229 3108,605
105 4799,019 4417,229 3108,605
106 4837,458 4417,229 3108,605
107 4837,458 4417,229 3108,605
108 4849,966 4417,229 3108,605
109 4861,919 4417,229 3108,605
110 4956,309 4417,229 3108,605
111 4993,174 4417,229 3108,605
112 4994,212 4417,229 3108,605
113 5124,542 4417,229 3108,605
114 5137,181 4417,229 3108,605
115 5150,796 4417,229 3108,605
116 5157,740 4417,229 3108,605
117 5191,996 4417,229 3108,605
118 5194,446 4417,229 3108,605
119 5208,428 4417,229 3108,605
120 5223,148 4417,229 3108,605
121 4417,229 4288,697 3108,605
122 4466,218 4288,697 3108,605
123 4468,727 4288,697 3108,605
124 4470,766 4288,697 3108,605
125 4494,377 4288,697 3108,605
126 4547,006 4288,697 3108,605
127 4575,135 4288,697 3108,605
128 4679,129 4288,697 3108,605
129 4730,561 4288,697 3108,605
130 4738,517 4288,697 3108,605
131 4738,884 4288,697 3108,605
132 4751,125 4288,697 3108,605
133 4799,019 4288,697 3108,605
134 4817,894 4288,697 3108,605
135 4837,458 4288,697 3108,605
136 4837,458 4288,697 3108,605
137 5975,217 4288,697 3108,605
138 4854,020 4288,697 3108,605
139 4861,919 4288,697 3108,605
140 4912,313 4288,697 3108,605
141 4288,697 4144,494 3108,605
142 4362,148 4144,494 3108,605
143 4417,229 4144,494 3108,605
144 4423,383 4144,494 3108,605
145 4466,218 4144,494 3108,605
146 4468,727 4144,494 3108,605
147 4470,766 4144,494 3108,605
148 4494,377 4144,494 3108,605
149 4547,006 4144,494 3108,605
150 4549,230 4144,494 3108,605
151 4575,135 4144,494 3108,605
152 4581,833 4144,494 3108,605
153 5023,345 4144,494 3108,605
154 4679,129 4144,494 3108,605
155 4714,575 4144,494 3108,605
156 4730,561 4144,494 3108,605
157 4736,634 4144,494 3108,605
158 4738,517 4144,494 3108,605
159 4738,517 4144,494 3108,605
160 4738,884 4144,494 3108,605
161 5797,279 3977,340 3108,605
162 4288,697 3977,340 3108,605
163 4362,148 3977,340 3108,605
164 4417,229 3977,340 3108,605
165 4423,383 3977,340 3108,605
166 4466,218 3977,340 3108,605
167 4468,727 3977,340 3108,605
168 4470,766 3977,340 3108,605
169 4479,962 3977,340 3108,605
170 4482,551 3977,340 3108,605
171 4494,377 3977,340 3108,605
172 4496,152 3977,340 3108,605
173 4536,120 3977,340 3108,605
174 5319,322 3977,340 3108,605
175 4547,006 3977,340 3108,605
176 4549,230 3977,340 3108,605
177 4552,513 3977,340 3108,605
178 4575,135 3977,340 3108,605
179 4577,130 3977,340 3108,605
180 4581,833 3977,340 3108,605
181 3977,340 3926,427 3108,605
182 4109,513 3926,427 3108,605
183 4277,200 3926,427 3108,605
184 4288,697 3926,427 3108,605
185 4329,900 3926,427 3108,605
186 4362,148 3926,427 3108,605
187 4417,229 3926,427 3108,605
188 4423,383 3926,427 3108,605
189 4433,978 3926,427 3108,605
190 4466,218 3926,427 3108,605
191 4773,762 3926,427 3108,605
192 4468,727 3926,427 3108,605
193 4470,766 3926,427 3108,605
194 4479,962 3926,427 3108,605
195 4482,551 3926,427 3108,605
196 4494,377 3926,427 3108,605
197 4496,152 3926,427 3108,605
198 4536,120 3926,427 3108,605
199 4547,006 3926,427 3108,605
200 6569,270 3926,427 3108,605
201 5252,083 3871,933 3108,605
202 3957,622 3871,933 3108,605
203 3977,340 3871,933 3108,605
204 4109,513 3871,933 3108,605
205 4179,336 3871,933 3108,605
206 4277,200 3871,933 3108,605
207 6862,468 3871,933 3108,605
208 4312,446 3871,933 3108,605
209 4329,900 3871,933 3108,605
210 4362,148 3871,933 3108,605
211 4363,879 3871,933 3108,605
212 4364,260 3871,933 3108,605
213 4569,437 3871,933 3108,605
214 4423,383 3871,933 3108,605
215 4433,978 3871,933 3108,605
216 4466,218 3871,933 3108,605
217 4468,727 3871,933 3108,605
218 4470,766 3871,933 3108,605
219 4479,962 3871,933 3108,605
220 4480,629 3871,933 3108,605
221 3871,933 3848,189 3108,605
222 3957,622 3848,189 3108,605
223 3977,340 3848,189 3108,605
224 3993,746 3848,189 3108,605
225 4109,375 3848,189 3108,605
226 4109,513 3848,189 3108,605
227 4179,336 3848,189 3108,605
228 4277,200 3848,189 3108,605
229 4312,446 3848,189 3108,605
230 4329,900 3848,189 3108,605
231 4331,896 3848,189 3108,605
232 4355,137 3848,189 3108,605
233 4362,148 3848,189 3108,605
234 4363,879 3848,189 3108,605
235 4364,260 3848,189 3108,605
236 4370,167 3848,189 3108,605
237 4423,383 3848,189 3108,605
238 4432,730 3848,189 3108,605
239 4433,978 3848,189 3108,605
240 5057,150 3848,189 3108,605
241 3848,189 3848,189 3108,605
242 3871,933 3848,189 3108,605
243 3957,622 3848,189 3108,605
244 3969,265 3848,189 3108,605
245 3977,340 3848,189 3108,605
246 3993,746 3848,189 3108,605
247 4000,806 3848,189 3108,605
248 6275,327 3848,189 3108,605
249 4099,592 3848,189 3108,605
250 4109,375 3848,189 3108,605
251 4109,513 3848,189 3108,605
252 4179,336 3848,189 3108,605
253 4277,200 3848,189 3108,605
254 4312,446 3848,189 3108,605
255 4321,542 3848,189 3108,605
256 4326,368 3848,189 3108,605
257 4329,900 3848,189 3108,605
258 4331,896 3848,189 3108,605
259 4334,590 3848,189 3108,605
260 4355,137 3848,189 3108,605
261 3848,189 3597,790 3108,605
262 3871,933 3597,790 3108,605
263 3957,622 3597,790 3108,605
264 3969,265 3597,790 3108,605
265 3977,340 3597,790 3108,605
266 3993,746 3597,790 3108,605
267 4000,806 3597,790 3108,605
268 4026,323 3597,790 3108,605
269 4099,592 3597,790 3108,605
270 4109,375 3597,790 3108,605
271 4109,513 3597,790 3108,605
272 4179,336 3597,790 3108,605
273 4219,022 3597,790 3108,605
274 4277,200 3597,790 3108,605
275 4312,446 3597,790 3108,605
276 4321,542 3597,790 3108,605
277 4326,368 3597,790 3108,605
278 4329,900 3597,790 3108,605
279 4331,896 3597,790 3108,605
280 4334,590 3597,790 3108,605
281 3597,790 3344,642 3108,605
282 3789,200 3344,642 3108,605
283 3834,756 3344,642 3108,605
284 3848,189 3344,642 3108,605
285 3871,933 3344,642 3108,605
286 3876,461 3344,642 3108,605
287 3957,622 3344,642 3108,605
288 3958,404 3344,642 3108,605
289 3969,265 3344,642 3108,605
290 3977,340 3344,642 3108,605
291 4645,879 3344,642 3108,605
292 3993,746 3344,642 3108,605
293 4000,806 3344,642 3108,605
294 4026,323 3344,642 3108,605
295 4077,072 3344,642 3108,605
296 4099,592 3344,642 3108,605
297 4109,375 3344,642 3108,605
298 4109,375 3344,642 3108,605
299 4109,513 3344,642 3108,605
300 4179,336 3344,642 3108,605
301 3344,642 3229,013 3108,605
302 3371,106 3229,013 3108,605
303 3520,005 3229,013 3108,605
304 3593,912 3229,013 3108,605
305 3597,790 3229,013 3108,605
306 3730,368 3229,013 3108,605
307 3732,924 3229,013 3108,605
308 3789,200 3229,013 3108,605
309 3834,756 3229,013 3108,605
310 3848,109 3229,013 3108,605
311 3848,189 3229,013 3108,605
312 3871,933 3229,013 3108,605
313 3876,461 3229,013 3108,605
314 3943,480 3229,013 3108,605
315 3957,622 3229,013 3108,605
316 3958,404 3229,013 3108,605
317 3969,265 3229,013 3108,605
318 3977,340 3229,013 3108,605
319 3993,746 3229,013 3108,605
320 4000,806 3229,013 3108,605
321 3229,013 3067,398 3067,398
322 3314,255 3067,398 3067,398
323 3315,112 3067,398 3067,398
324 3344,642 3067,398 3067,398
325 3371,106 3067,398 3067,398
326 3394,869 3067,398 3067,398
327 3397,346 3067,398 3067,398
328 3520,005 3067,398 3067,398
329 3593,912 3067,398 3067,398
330 3597,790 3067,398 3067,398
331 3610,536 3067,398 3067,398
332 3623,376 3067,398 3067,398
333 3730,368 3067,398 3067,398
334 3732,924 3067,398 3067,398
335 3789,200 3067,398 3067,398
336 3834,756 3067,398 3067,398
337 3845,289 3067,398 3067,398
338 3848,109 3067,398 3067,398
339 3848,189 3067,398 3067,398
340 3857,393 3067,398 3067,398
341 3067,398 3067,398 3067,398
342 3229,013 3067,398 3067,398
343 4066,671 3067,398 3067,398
344 3229,013 3067,398 3067,398
345 3772,489 3067,398 3067,398
346 3315,112 3067,398 3067,398
347 3344,642 3067,398 3067,398
348 3344,642 3067,398 3067,398
349 3344,642 3067,398 3067,398
350 3371,106 3067,398 3067,398
351 3394,869 3067,398 3067,398
352 3397,346 3067,398 3067,398
353 3520,005 3067,398 3067,398
354 3593,912 3067,398 3067,398
355 3597,790 3067,398 3067,398
356 3597,790 3067,398 3067,398
357 3610,536 3067,398 3067,398
358 3610,698 3067,398 3067,398
359 3620,840 3067,398 3067,398
360 4300,668 3067,398 3067,398
361 3067,398 3067,398 3067,398
362 3143,005 3067,398 3067,398
363 3197,608 3067,398 3067,398
364 3229,013 3067,398 3067,398
365 4963,253 3067,398 3067,398
366 3229,013 3067,398 3067,398
367 3281,717 3067,398 3067,398
368 3285,954 3067,398 3067,398
369 3315,112 3067,398 3067,398
370 3331,643 3067,398 3067,398
371 3344,642 3067,398 3067,398
372 3344,642 3067,398 3067,398
373 3344,642 3067,398 3067,398
374 3344,642 3067,398 3067,398
375 3344,642 3067,398 3067,398
376 3354,965 3067,398 3067,398
377 3371,106 3067,398 3067,398
378 3371,106 3067,398 3067,398
379 3394,869 3067,398 3067,398
380 3397,346 3067,398 3067,398
381 3067,398 3067,398 3067,398
382 3067,398 3067,398 3067,398
383 3095,554 3067,398 3067,398
384 3143,005 3067,398 3067,398
385 3197,608 3067,398 3067,398
386 3229,013 3067,398 3067,398
387 3229,013 3067,398 3067,398
388 3229,013 3067,398 3067,398
389 3231,104 3067,398 3067,398
390 3253,545 3067,398 3067,398
391 3260,135 3067,398 3067,398
392 3281,717 3067,398 3067,398
393 3285,954 3067,398 3067,398
394 3315,112 3067,398 3067,398
395 3317,481 3067,398 3067,398
396 3331,643 3067,398 3067,398
397 3337,158 3067,398 3067,398
398 3344,642 3067,398 3067,398
399 3344,642 3067,398 3067,398
400 3344,642 3067,398 3067,398
401 3067,398 2951,769 2951,769
402 3067,398 2951,769 2951,769
403 3074,882 2951,769 2951,769
404 3091,002 2951,769 2951,769
405 3095,554 2951,769 2951,769
406 3143,005 2951,769 2951,769
407 3144,506 2951,769 2951,769
408 3197,608 2951,769 2951,769
409 3229,013 2951,769 2951,769
410 3229,013 2951,769 2951,769
411 3229,013 2951,769 2951,769
412 3229,013 2951,769 2951,769
413 3231,104 2951,769 2951,769
414 3253,545 2951,769 2951,769
415 3260,135 2951,769 2951,769
416 3260,135 2951,769 2951,769
417 3281,717 2951,769 2951,769
418 3285,954 2951,769 2951,769
419 3315,112 2951,769 2951,769
420 3317,481 2951,769 2951,769
421 2951,769 2951,769 2951,769
422 2951,769 2951,769 2951,769
423 2951,769 2951,769 2951,769
424 3067,398 2951,769 2951,769
425 3067,398 2951,769 2951,769
426 3070,624 2951,769 2951,769
427 3074,882 2951,769 2951,769
428 3091,002 2951,769 2951,769
429 3095,554 2951,769 2951,769
430 3098,871 2951,769 2951,769
431 3143,005 2951,769 2951,769
432 3144,506 2951,769 2951,769
433 3144,506 2951,769 2951,769
434 3150,489 2951,769 2951,769
435 3156,357 2951,769 2951,769
436 3173,813 2951,769 2951,769
437 3197,608 2951,769 2951,769
438 3197,608 2951,769 2951,769
439 3198,626 2951,769 2951,769
440 3206,110 2951,769 2951,769
441 2951,769 2951,769 2951,769
442 2951,769 2951,769 2951,769
443 2951,769 2951,769 2951,769
444 2951,769 2951,769 2951,769
445 2951,769 2951,769 2951,769
446 2951,769 2951,769 2951,769
447 2959,253 2951,769 2951,769
448 2959,253 2951,769 2951,769
449 5057,306 2951,769 2951,769
450 3034,067 2951,769 2951,769
451 3067,398 2951,769 2951,769
452 3067,398 2951,769 2951,769
453 3068,688 2951,769 2951,769
454 3070,624 2951,769 2951,769
455 3074,882 2951,769 2951,769
456 3074,882 2951,769 2951,769
457 3074,882 2951,769 2951,769
458 3091,002 2951,769 2951,769
459 3095,554 2951,769 2951,769
460 3098,871 2951,769 2951,769
461 2951,769 2951,769 2951,769
462 2951,769 2951,769 2951,769
463 2951,769 2951,769 2951,769
464 2951,769 2951,769 2951,769
465 2951,769 2951,769 2951,769
466 3875,626 2951,769 2951,769
467 2951,769 2951,769 2951,769
468 2951,769 2951,769 2951,769
469 2951,769 2951,769 2951,769
470 2951,769 2951,769 2951,769
471 2951,769 2951,769 2951,769
472 2951,769 2951,769 2951,769
473 4898,845 2951,769 2951,769
474 2951,769 2951,769 2951,769
475 2951,769 2951,769 2951,769
476 2951,769 2951,769 2951,769
477 2959,253 2951,769 2951,769
478 2959,253 2951,769 2951,769
479 2959,253 2951,769 2951,769
480 2959,253 2951,769 2951,769
481 2951,769 2951,769 2951,769
482 2951,769 2951,769 2951,769
483 2951,769 2951,769 2951,769
484 2951,769 2951,769 2951,769
485 2951,769 2951,769 2951,769
486 4249,092 2951,769 2951,769
487 2951,769 2951,769 2951,769
488 2951,769 2951,769 2951,769
489 2951,769 2951,769 2951,769
490 2951,769 2951,769 2951,769
491 2951,769 2951,769 2951,769
492 2951,769 2951,769 2951,769
493 2951,769 2951,769 2951,769
494 2951,769 2951,769 2951,769
495 2951,769 2951,769 2951,769
496 2951,769 2951,769 2951,769
497 2951,769 2951,769 2951,769
498 2951,769 2951,769 2951,769
499 2951,769 2951,769 2951,769
500 2951,769 2951,769 2951,769
501 2951,769 2951,769 2951,769
502 2951,769 2951,769 2951,769
503 2951,769 2951,769 2951,769
504 2951,769 2951,769 2951,769
505 2951,769 2951,769 2951,769
506 2951,769 2951,769 2951,769
507 2951,769 2951,769 2951,769
508 2951,769 2951,769 2951,769
509 2951,769 2951,769 2951,769
510 2951,769 2951,769 2951,769
511 3434,738 2951,769 2951,769
512 2951,769 2951,769 2951,769
513 2951,769 2951,769 2951,769
514 2951,769 2951,769 2951,769
515 2951,769 2951,769 2951,769
516 2951,769 2951,769 2951,769
517 2951,769 2951,769 2951,769
518 2951,769 2951,769 2951,769
519 2951,769 2951,769 2951,769
520 2951,769 2951,769 2951,769
521 2951,769 2951,769 2951,769
522 2951,769 2951,769 2951,769
523 2951,769 2951,769 2951,769
524 2951,769 2951,769 2951,769
525 2951,769 2951,769 2951,769
526 2951,769 2951,769 2951,769
527 2951,769 2951,769 2951,769
528 2951,769 2951,769 2951,769
529 2951,769 2951,769 2951,769
530 2951,769 2951,769 2951,769
531 2951,769 2951,769 2951,769
532 2951,769 2951,769 2951,769
533 2951,769 2951,769 2951,769
534 2951,769 2951,769 2951,769
535 2951,769 2951,769 2951,769
536 2951,769 2951,769 2951,769
537 2951,769 2951,769 2951,769
538 2951,769 2951,769 2951,769
539 2951,769 2951,769 2951,769
540 2951,769 2951,769 2951,769
541 2951,769 2951,769 2951,769
542 2951,769 2951,769 2951,769
543 2951,769 2951,769 2951,769
544 4262,219 2951,769 2951,769
545 2951,769 2951,769 2951,769
546 2951,769 2951,769 2951,769
547 2951,769 2951,769 2951,769
548 2951,769 2951,769 2951,769
549 2951,769 2951,769 2951,769
550 2951,769 2951,769 2951,769
551 2951,769 2951,769 2951,769
552 2951,769 2951,769 2951,769
553 2951,769 2951,769 2951,769
554 2951,769 2951,769 2951,769
555 2951,769 2951,769 2951,769
556 2951,769 2951,769 2951,769
557 2951,769 2951,769 2951,769
558 2951,769 2951,769 2951,769
559 2951,769 2951,769 2951,769
560 2951,769 2951,769 2951,769
561 2951,769 2951,769 2951,769
562 2951,769 2951,769 2951,769
563 2951,769 2951,769 2951,769
564 2951,769 2951,769 2951,769
565 2951,769 2951,769 2951,769
566 2951,769 2951,769 2951,769
567 2951,769 2951,769 2951,769
568 2951,769 2951,769 2951,769
569 2951,769 2951,769 2951,769
570 2951,769 2951,769 2951,769
571 4357,912 2951,769 2951,769
572 2951,769 2951,769 2951,769
573 2951,769 2951,769 2951,769
574 2951,769 2951,769 2951,769
575 2951,769 2951,769 2951,769
576 2951,769 2951,769 2951,769
577 2951,769 2951,769 2951,769
578 2951,769 2951,769 2951,769
579 2951,769 2951,769 2951,769
580 2951,769 2951,769 2951,769
581 2951,769 2951,769 2951,769
582 2951,769 2951,769 2951,769
583 2951,769 2951,769 2951,769
584 2951,769 2951,769 2951,769
585 4446,503 2951,769 2951,769
586 2951,769 2951,769 2951,769
587 2951,769 2951,769 2951,769
588 2951,769 2951,769 2951,769
589 2951,769 2951,769 2951,769
590 2951,769 2951,769 2951,769
591 2951,769 2951,769 2951,769
592 5192,009 2951,769 2951,769
593 2951,769 2951,769 2951,769
594 2951,769 2951,769 2951,769
595 2951,769 2951,769 2951,769
596 2951,769 2951,769 2951,769
597 2951,769 2951,769 2951,769
598 2951,769 2951,769 2951,769
599 2951,769 2951,769 2951,769
600 2951,769 2951,769 2951,769
601 2951,769 2951,769 2951,769
602 2951,769 2951,769 2951,769
603 2951,769 2951,769 2951,769
604 2951,769 2951,769 2951,769
605 4327,679 2951,769 2951,769
606 2951,769 2951,769 2951,769
607 2951,769 2951,769 2951,769
608 2951,769 2951,769 2951,769
609 2951,769 2951,769 2951,769
610 2951,769 2951,769 2951,769
611 2951,769 2951,769 2951,769
612 2951,769 2951,769 2951,769
613 2951,769 2951,769 2951,769
614 2951,769 2951,769 2951,769
615 2951,769 2951,769 2951,769
616 2951,769 2951,769 2951,769
617 2951,769 2951,769 2951,769
618 2951,769 2951,769 2951,769
619 4308,255 2951,769 2951,769
620 2951,769 2951,769 2951,769
621 2951,769 2951,769 2951,769
622 2951,769 2951,769 2951,769
623 2951,769 2951,769 2951,769
624 2951,769 2951,769 2951,769
625 2951,769 2951,769 2951,769
626 2951,769 2951,769 2951,769
627 2951,769 2951,769 2951,769
628 4938,198 2951,769 2951,769
629 2951,769 2951,769 2951,769
630 2951,769 2951,769 2951,769
631 2951,769 2951,769 2951,769
632 2951,769 2951,769 2951,769
633 2951,769 2951,769 2951,769
634 2951,769 2951,769 2951,769
635 2951,769 2951,769 2951,769
636 2951,769 2951,769 2951,769
637 2951,769 2951,769 2951,769
638 2951,769 2951,769 2951,769
639 4414,399 2951,769 2951,769
640 4892,741 2951,769 2951,769
641 2951,769 2951,769 2951,769
642 2951,769 2951,769 2951,769
643 2951,769 2951,769 2951,769
644 2951,769 2951,769 2951,769
645 2951,769 2951,769 2951,769
646 2951,769 2951,769 2951,769
647 2951,769 2951,769 2951,769
648 2951,769 2951,769 2951,769
649 4587,080 2951,769 2951,769
650 2951,769 2951,769 2951,769
651 2951,769 2951,769 2951,769
652 2951,769 2951,769 2951,769
653 2951,769 2951,769 2951,769
654 2951,769 2951,769 2951,769
655 2951,769 2951,769 2951,769
656 2951,769 2951,769 2951,769
657 2951,769 2951,769 2951,769
658 2951,769 2951,769 2951,769
659 2951,769 2951,769 2951,769
660 2951,769 2951,769 2951,769
661 2951,769 2951,769 2951,769
662 2951,769 2951,769 2951,769
663 2951,769 2951,769 2951,769
664 2951,769 2951,769 2951,769
665 2951,769 2951,769 2951,769
666 2951,769 2951,769 2951,769
667 2951,769 2951,769 2951,769
668 2951,769 2951,769 2951,769
669 2951,769 2951,769 2951,769
670 2951,769 2951,769 2951,769
671 3676,955 2951,769 2951,769
672 2951,769 2951,769 2951,769
673 2951,769 2951,769 2951,769
674 2951,769 2951,769 2951,769
675 2951,769 2951,769 2951,769
676 2951,769 2951,769 2951,769
677 2951,769 2951,769 2951,769
678 2951,769 2951,769 2951,769
679 3708,332 2951,769 2951,769
680 2951,769 2951,769 2951,769
681 2951,769 2951,769 2951,769
682 2951,769 2951,769 2951,769
683 2951,769 2951,769 2951,769
684 2951,769 2951,769 2951,769
685 2951,769 2951,769 2951,769
686 2951,769 2951,769 2951,769
687 2951,769 2951,769 2951,769
688 2951,769 2951,769 2951,769
689 2951,769 2951,769 2951,769
690 2951,769 2951,769 2951,769
691 2951,769 2951,769 2951,769
692 2951,769 2951,769 2951,769
693 2951,769 2951,769 2951,769
694 2951,769 2951,769 2951,769
695 2951,769 2951,769 2951,769
696 2951,769 2951,769 2951,769
697 2951,769 2951,769 2951,769
698 2951,769 2951,769 2951,769
699 2951,769 2951,769 2951,769
700 2951,769 2951,769 2951,769
701 2951,769 2951,769 2951,769
702 2951,769 2951,769 2951,769
703 2951,769 2951,769 2951,769
704 2951,769 2951,769 2951,769
705 2951,769 2951,769 2951,769
706 2951,769 2951,769 2951,769
707 2951,769 2951,769 2951,769
708 2951,769 2951,769 2951,769
709 2951,769 2951,769 2951,769
710 4179,584 2951,769 2951,769
711 2951,769 2951,769 2951,769
712 2951,769 2951,769 2951,769
713 2951,769 2951,769 2951,769
714 2951,769 2951,769 2951,769
715 2951,769 2951,769 2951,769
716 2951,769 2951,769 2951,769
717 2951,769 2951,769 2951,769
718 2951,769 2951,769 2951,769
719 2951,769 2951,769 2951,769
720 2951,769 2951,769 2951,769
721 2951,769 2951,769 2951,769
722 2951,769 2951,769 2951,769
723 2951,769 2951,769 2951,769
724 2951,769 2951,769 2951,769
725 2951,769 2951,769 2951,769
726 2951,769 2951,769 2951,769
727 5306,975 2951,769 2951,769
728 2951,769 2951,769 2951,769
729 2951,769 2951,769 2951,769
730 2951,769 2951,769 2951,769
731 2951,769 2951,769 2951,769
732 2951,769 2951,769 2951,769
733 2951,769 2951,769 2951,769
734 2951,769 2951,769 2951,769
735 2951,769 2951,769 2951,769
736 2951,769 2951,769 2951,769
737 2951,769 2951,769 2951,769
738 2951,769 2951,769 2951,769
739 2951,769 2951,769 2951,769
740 2951,769 2951,769 2951,769
741 2951,769 2951,769 2951,769
742 2951,769 2951,769 2951,769
743 2951,769 2951,769 2951,769
744 2951,769 2951,769 2951,769
745 2951,769 2951,769 2951,769
746 2951,769 2951,769 2951,769
747 2951,769 2951,769 2951,769
748 2951,769 2951,769 2951,769
749 2951,769 2951,769 2951,769
750 2951,769 2951,769 2951,769
751 2951,769 2951,769 2951,769
752 2951,769 2951,769 2951,769
753 2951,769 2951,769 2951,769
754 2951,769 2951,769 2951,769
755 2951,769 2951,769 2951,769
756 2951,769 2951,769 2951,769
757 2951,769 2951,769 2951,769
758 2951,769 2951,769 2951,769
759 2951,769 2951,769 2951,769
760 2951,769 2951,769 2951,769
761 4169,794 2951,769 2951,769
762 2951,769 2951,769 2951,769
763 2951,769 2951,769 2951,769
764 2951,769 2951,769 2951,769
765 2951,769 2951,769 2951,769
766 2951,769 2951,769 2951,769
767 2951,769 2951,769 2951,769
768 2951,769 2951,769 2951,769
769 2951,769 2951,769 2951,769
770 2951,769 2951,769 2951,769
771 2951,769 2951,769 2951,769
772 4352,870 2951,769 2951,769
773 4508,372 2951,769 2951,769
774 2951,769 2951,769 2951,769
775 2951,769 2951,769 2951,769
776 2951,769 2951,769 2951,769
777 2951,769 2951,769 2951,769
778 2951,769 2951,769 2951,769
779 2951,769 2951,769 2951,769
780 2951,769 2951,769 2951,769
781 2951,769 2951,769 2951,769
782 2951,769 2951,769 2951,769
783 2951,769 2951,769 2951,769
784 2951,769 2951,769 2951,769
785 2951,769 2951,769 2951,769
786 2951,769 2951,769 2951,769
787 2951,769 2951,769 2951,769
788 2951,769 2951,769 2951,769
789 2951,769 2951,769 2951,769
790 2951,769 2951,769 2951,769
791 2951,769 2951,769 2951,769
792 2951,769 2951,769 2951,769
793 2951,769 2951,769 2951,769
794 2951,769 2951,769 2951,769
795 2951,769 2951,769 2951,769
796 2951,769 2951,769 2951,769
797 2951,769 2951,769 2951,769
798 2951,769 2951,769 2951,769
799 2951,769 2951,769 2951,769
800 2951,769 2951,769 2951,769
