nrOsobnika current best_current best_global
1 5425,484 5165,333 3647,633
2 6957,650 5165,333 3647,633
3 6563,694 5165,333 3647,633
4 6368,743 5165,333 3647,633
5 6750,739 5165,333 3647,633
6 6841,261 5165,333 3647,633
7 6533,918 5165,333 3647,633
8 6689,813 5165,333 3647,633
9 6645,599 5165,333 3647,633
10 6553,516 5165,333 3647,633
11 5963,729 5165,333 3647,633
12 7009,802 5165,333 3647,633
13 7345,924 5165,333 3647,633
14 6432,754 5165,333 3647,633
15 5564,521 5165,333 3647,633
16 6492,556 5165,333 3647,633
17 5658,473 5165,333 3647,633
18 5496,212 5165,333 3647,633
19 7184,262 5165,333 3647,633
20 7152,772 5165,333 3647,633
21 5165,333 4728,440 3647,633
22 5425,484 4728,440 3647,633
23 5496,212 4728,440 3647,633
24 5624,695 4728,440 3647,633
25 5658,473 4728,440 3647,633
26 5666,567 4728,440 3647,633
27 5880,704 4728,440 3647,633
28 5906,915 4728,440 3647,633
29 5915,350 4728,440 3647,633
30 5960,762 4728,440 3647,633
31 5963,729 4728,440 3647,633
32 5972,666 4728,440 3647,633
33 6026,173 4728,440 3647,633
34 6126,660 4728,440 3647,633
35 6173,736 4728,440 3647,633
36 6188,100 4728,440 3647,633
37 6215,643 4728,440 3647,633
38 6290,899 4728,440 3647,633
39 6368,743 4728,440 3647,633
40 6432,754 4728,440 3647,633
41 4728,440 4728,440 3647,633
42 5036,942 4728,440 3647,633
43 5165,333 4728,440 3647,633
44 5270,058 4728,440 3647,633
45 5353,450 4728,440 3647,633
46 5425,484 4728,440 3647,633
47 5496,212 4728,440 3647,633
48 5571,184 4728,440 3647,633
49 5624,695 4728,440 3647,633
50 5658,473 4728,440 3647,633
51 5666,567 4728,440 3647,633
52 5720,379 4728,440 3647,633
53 5748,754 4728,440 3647,633
54 5880,704 4728,440 3647,633
55 5906,915 4728,440 3647,633
56 5915,350 4728,440 3647,633
57 5960,762 4728,440 3647,633
58 5963,729 4728,440 3647,633
59 5972,666 4728,440 3647,633
60 6026,173 4728,440 3647,633
61 4728,440 4682,003 3647,633
62 5036,942 4682,003 3647,633
63 5114,903 4682,003 3647,633
64 5118,778 4682,003 3647,633
65 5165,333 4682,003 3647,633
66 5183,162 4682,003 3647,633
67 5252,179 4682,003 3647,633
68 5263,825 4682,003 3647,633
69 5270,058 4682,003 3647,633
70 5296,246 4682,003 3647,633
71 5353,450 4682,003 3647,633
72 5357,040 4682,003 3647,633
73 5374,770 4682,003 3647,633
74 5425,484 4682,003 3647,633
75 5446,173 4682,003 3647,633
76 5496,212 4682,003 3647,633
77 5518,849 4682,003 3647,633
78 5571,184 4682,003 3647,633
79 5587,896 4682,003 3647,633
80 5624,695 4682,003 3647,633
81 4682,003 4608,785 3647,633
82 4728,440 4608,785 3647,633
83 4739,906 4608,785 3647,633
84 4942,617 4608,785 3647,633
85 5036,942 4608,785 3647,633
86 5114,903 4608,785 3647,633
87 5483,548 4608,785 3647,633
88 5156,752 4608,785 3647,633
89 5165,333 4608,785 3647,633
90 5183,162 4608,785 3647,633
91 5238,587 4608,785 3647,633
92 5247,785 4608,785 3647,633
93 5252,179 4608,785 3647,633
94 5263,825 4608,785 3647,633
95 5270,058 4608,785 3647,633
96 5296,246 4608,785 3647,633
97 5307,749 4608,785 3647,633
98 5353,450 4608,785 3647,633
99 5356,816 4608,785 3647,633
100 5357,040 4608,785 3647,633
101 4608,785 4533,069 3647,633
102 4533,069 4533,069 3647,633
103 4728,440 4533,069 3647,633
104 4739,906 4533,069 3647,633
105 4942,617 4533,069 3647,633
106 5036,942 4533,069 3647,633
107 5114,903 4533,069 3647,633
108 5130,155 4533,069 3647,633
109 5156,752 4533,069 3647,633
110 5163,309 4533,069 3647,633
111 5165,333 4533,069 3647,633
112 5170,480 4533,069 3647,633
113 5183,162 4533,069 3647,633
114 5186,093 4533,069 3647,633
115 5198,262 4533,069 3647,633
116 5238,587 4533,069 3647,633
117 5247,785 4533,069 3647,633
118 5252,179 4533,069 3647,633
119 5263,825 4533,069 3647,633
120 5270,058 4533,069 3647,633
121 4533,069 4367,086 3647,633
122 4608,785 4367,086 3647,633
123 4728,440 4367,086 3647,633
124 4728,440 4367,086 3647,633
125 4739,906 4367,086 3647,633
126 4804,190 4367,086 3647,633
127 4870,611 4367,086 3647,633
128 4942,617 4367,086 3647,633
129 5006,591 4367,086 3647,633
130 5036,942 4367,086 3647,633
131 5053,697 4367,086 3647,633
132 5069,727 4367,086 3647,633
133 5114,903 4367,086 3647,633
134 5130,155 4367,086 3647,633
135 5156,752 4367,086 3647,633
136 5157,027 4367,086 3647,633
137 5163,309 4367,086 3647,633
138 5165,333 4367,086 3647,633
139 5170,480 4367,086 3647,633
140 5183,162 4367,086 3647,633
141 4367,086 4071,879 3647,633
142 4533,069 4071,879 3647,633
143 4551,534 4071,879 3647,633
144 4608,785 4071,879 3647,633
145 4625,688 4071,879 3647,633
146 4728,440 4071,879 3647,633
147 4728,440 4071,879 3647,633
148 4738,524 4071,879 3647,633
149 4739,906 4071,879 3647,633
150 4751,895 4071,879 3647,633
151 4761,611 4071,879 3647,633
152 4791,482 4071,879 3647,633
153 4804,190 4071,879 3647,633
154 4870,611 4071,879 3647,633
155 4942,617 4071,879 3647,633
156 4942,617 4071,879 3647,633
157 4985,372 4071,879 3647,633
158 5006,591 4071,879 3647,633
159 5036,942 4071,879 3647,633
160 5053,697 4071,879 3647,633
161 4071,879 4071,879 3647,633
162 4682,933 4071,879 3647,633
163 4367,086 4071,879 3647,633
164 4533,069 4071,879 3647,633
165 4551,534 4071,879 3647,633
166 4551,534 4071,879 3647,633
167 4608,785 4071,879 3647,633
168 4625,688 4071,879 3647,633
169 4625,688 4071,879 3647,633
170 4725,144 4071,879 3647,633
171 5005,761 4071,879 3647,633
172 4728,440 4071,879 3647,633
173 4728,440 4071,879 3647,633
174 4738,524 4071,879 3647,633
175 4739,906 4071,879 3647,633
176 4739,906 4071,879 3647,633
177 4751,895 4071,879 3647,633
178 4751,895 4071,879 3647,633
179 4761,611 4071,879 3647,633
180 4791,482 4071,879 3647,633
181 4884,524 4156,848 3647,633
182 4301,388 4156,848 3647,633
183 4325,082 4156,848 3647,633
184 4358,707 4156,848 3647,633
185 6255,305 4156,848 3647,633
186 4533,069 4156,848 3647,633
187 4551,534 4156,848 3647,633
188 4551,534 4156,848 3647,633
189 4600,463 4156,848 3647,633
190 4608,785 4156,848 3647,633
191 4625,688 4156,848 3647,633
192 4625,688 4156,848 3647,633
193 4646,239 4156,848 3647,633
194 4659,894 4156,848 3647,633
195 4682,933 4156,848 3647,633
196 4711,125 4156,848 3647,633
197 4725,144 4156,848 3647,633
198 4728,440 4156,848 3647,633
199 4728,440 4156,848 3647,633
200 5472,492 4156,848 3647,633
201 4156,848 3815,461 3647,633
202 4158,204 3815,461 3647,633
203 4295,359 3815,461 3647,633
204 4301,388 3815,461 3647,633
205 4325,082 3815,461 3647,633
206 4358,707 3815,461 3647,633
207 4533,069 3815,461 3647,633
208 4551,534 3815,461 3647,633
209 4551,534 3815,461 3647,633
210 4594,195 3815,461 3647,633
211 4600,463 3815,461 3647,633
212 4608,785 3815,461 3647,633
213 4615,583 3815,461 3647,633
214 4625,688 3815,461 3647,633
215 4625,688 3815,461 3647,633
216 4646,239 3815,461 3647,633
217 4659,894 3815,461 3647,633
218 4682,933 3815,461 3647,633
219 4711,125 3815,461 3647,633
220 4715,205 3815,461 3647,633
221 3815,461 3815,461 3647,633
222 4032,504 3815,461 3647,633
223 4156,848 3815,461 3647,633
224 4158,204 3815,461 3647,633
225 4232,810 3815,461 3647,633
226 4295,359 3815,461 3647,633
227 4301,388 3815,461 3647,633
228 4325,082 3815,461 3647,633
229 6128,827 3815,461 3647,633
230 4369,307 3815,461 3647,633
231 4372,419 3815,461 3647,633
232 4510,200 3815,461 3647,633
233 4510,699 3815,461 3647,633
234 4533,069 3815,461 3647,633
235 4551,534 3815,461 3647,633
236 4551,534 3815,461 3647,633
237 4565,122 3815,461 3647,633
238 4573,202 3815,461 3647,633
239 4594,195 3815,461 3647,633
240 4600,463 3815,461 3647,633
241 3815,461 3815,461 3647,633
242 4032,504 3815,461 3647,633
243 4042,379 3815,461 3647,633
244 4156,848 3815,461 3647,633
245 4156,848 3815,461 3647,633
246 4158,204 3815,461 3647,633
247 4182,393 3815,461 3647,633
248 4211,436 3815,461 3647,633
249 4232,810 3815,461 3647,633
250 4259,047 3815,461 3647,633
251 4295,359 3815,461 3647,633
252 4295,359 3815,461 3647,633
253 4301,388 3815,461 3647,633
254 4325,082 3815,461 3647,633
255 4325,082 3815,461 3647,633
256 4329,296 3815,461 3647,633
257 4343,322 3815,461 3647,633
258 4344,389 3815,461 3647,633
259 4369,307 3815,461 3647,633
260 4372,419 3815,461 3647,633
261 3815,461 3815,461 3647,633
262 3815,461 3815,461 3647,633
263 4016,990 3815,461 3647,633
264 4032,504 3815,461 3647,633
265 4032,504 3815,461 3647,633
266 4033,593 3815,461 3647,633
267 4042,379 3815,461 3647,633
268 4042,379 3815,461 3647,633
269 4131,224 3815,461 3647,633
270 4156,848 3815,461 3647,633
271 4156,848 3815,461 3647,633
272 4158,204 3815,461 3647,633
273 4182,393 3815,461 3647,633
274 4211,436 3815,461 3647,633
275 4232,810 3815,461 3647,633
276 4259,047 3815,461 3647,633
277 4268,332 3815,461 3647,633
278 4295,359 3815,461 3647,633
279 4295,359 3815,461 3647,633
280 4295,359 3815,461 3647,633
281 3815,461 3815,461 3647,633
282 3815,461 3815,461 3647,633
283 3983,751 3815,461 3647,633
284 4016,990 3815,461 3647,633
285 4032,504 3815,461 3647,633
286 4032,504 3815,461 3647,633
287 4032,504 3815,461 3647,633
288 4033,593 3815,461 3647,633
289 4042,379 3815,461 3647,633
290 4042,379 3815,461 3647,633
291 4042,379 3815,461 3647,633
292 5153,212 3815,461 3647,633
293 4096,802 3815,461 3647,633
294 4116,244 3815,461 3647,633
295 4131,224 3815,461 3647,633
296 4156,848 3815,461 3647,633
297 4156,848 3815,461 3647,633
298 4158,204 3815,461 3647,633
299 4158,204 3815,461 3647,633
300 4159,889 3815,461 3647,633
301 3815,461 3815,461 3647,633
302 3815,461 3815,461 3647,633
303 3905,682 3815,461 3647,633
304 3983,751 3815,461 3647,633
305 4016,990 3815,461 3647,633
306 4032,504 3815,461 3647,633
307 4032,504 3815,461 3647,633
308 4032,504 3815,461 3647,633
309 4032,504 3815,461 3647,633
310 4032,504 3815,461 3647,633
311 4033,593 3815,461 3647,633
312 4033,593 3815,461 3647,633
313 4042,379 3815,461 3647,633
314 4042,379 3815,461 3647,633
315 4042,379 3815,461 3647,633
316 4042,548 3815,461 3647,633
317 4061,527 3815,461 3647,633
318 4061,527 3815,461 3647,633
319 4067,941 3815,461 3647,633
320 4068,042 3815,461 3647,633
321 3815,461 3706,039 3647,633
322 3815,461 3706,039 3647,633
323 3905,682 3706,039 3647,633
324 3933,097 3706,039 3647,633
325 3983,751 3706,039 3647,633
326 3993,484 3706,039 3647,633
327 4016,990 3706,039 3647,633
328 4032,504 3706,039 3647,633
329 4032,504 3706,039 3647,633
330 4032,504 3706,039 3647,633
331 4032,504 3706,039 3647,633
332 4032,504 3706,039 3647,633
333 4032,504 3706,039 3647,633
334 4032,504 3706,039 3647,633
335 4032,504 3706,039 3647,633
336 4032,504 3706,039 3647,633
337 4033,593 3706,039 3647,633
338 4033,593 3706,039 3647,633
339 4042,379 3706,039 3647,633
340 4042,379 3706,039 3647,633
341 3706,039 3706,039 3647,633
342 3727,970 3706,039 3647,633
343 3744,363 3706,039 3647,633
344 3815,461 3706,039 3647,633
345 3815,461 3706,039 3647,633
346 3905,682 3706,039 3647,633
347 3933,097 3706,039 3647,633
348 3983,751 3706,039 3647,633
349 3993,484 3706,039 3647,633
350 4006,954 3706,039 3647,633
351 4015,476 3706,039 3647,633
352 4016,990 3706,039 3647,633
353 4032,504 3706,039 3647,633
354 4032,504 3706,039 3647,633
355 4032,504 3706,039 3647,633
356 4032,504 3706,039 3647,633
357 4032,504 3706,039 3647,633
358 4032,504 3706,039 3647,633
359 4032,504 3706,039 3647,633
360 4032,504 3706,039 3647,633
361 3706,039 3582,725 3582,725
362 3727,970 3582,725 3582,725
363 3727,970 3582,725 3582,725
364 3729,999 3582,725 3582,725
365 3744,363 3582,725 3582,725
366 3802,667 3582,725 3582,725
367 3815,461 3582,725 3582,725
368 3815,461 3582,725 3582,725
369 3866,002 3582,725 3582,725
370 3866,002 3582,725 3582,725
371 3905,682 3582,725 3582,725
372 3905,682 3582,725 3582,725
373 3933,097 3582,725 3582,725
374 3933,097 3582,725 3582,725
375 3983,751 3582,725 3582,725
376 3993,484 3582,725 3582,725
377 4006,954 3582,725 3582,725
378 4015,476 3582,725 3582,725
379 4016,670 3582,725 3582,725
380 4016,670 3582,725 3582,725
381 3582,725 3367,489 3367,489
382 3594,971 3367,489 3367,489
383 3634,224 3367,489 3367,489
384 3698,778 3367,489 3367,489
385 3706,039 3367,489 3367,489
386 3727,970 3367,489 3367,489
387 3727,970 3367,489 3367,489
388 3729,427 3367,489 3367,489
389 3729,999 3367,489 3367,489
390 3744,363 3367,489 3367,489
391 3802,667 3367,489 3367,489
392 3802,667 3367,489 3367,489
393 3802,667 3367,489 3367,489
394 3815,461 3367,489 3367,489
395 4406,906 3367,489 3367,489
396 3815,461 3367,489 3367,489
397 3825,297 3367,489 3367,489
398 3838,229 3367,489 3367,489
399 3976,726 3367,489 3367,489
400 3866,002 3367,489 3367,489
401 3367,489 3285,381 3285,381
402 3582,725 3285,381 3285,381
403 3582,725 3285,381 3285,381
404 3593,178 3285,381 3285,381
405 3594,971 3285,381 3285,381
406 3598,663 3285,381 3285,381
407 3634,224 3285,381 3285,381
408 3698,778 3285,381 3285,381
409 3978,997 3285,381 3285,381
410 3714,172 3285,381 3285,381
411 3727,970 3285,381 3285,381
412 3727,970 3285,381 3285,381
413 3729,427 3285,381 3285,381
414 3729,999 3285,381 3285,381
415 3729,999 3285,381 3285,381
416 3729,999 3285,381 3285,381
417 3744,363 3285,381 3285,381
418 3748,385 3285,381 3285,381
419 3802,667 3285,381 3285,381
420 3802,667 3285,381 3285,381
421 3285,381 3139,673 3139,673
422 3367,489 3139,673 3139,673
423 3582,725 3139,673 3139,673
424 3582,725 3139,673 3139,673
425 3593,178 3139,673 3139,673
426 3593,178 3139,673 3139,673
427 3594,971 3139,673 3139,673
428 3598,663 3139,673 3139,673
429 3634,224 3139,673 3139,673
430 3634,224 3139,673 3139,673
431 4589,341 3139,673 3139,673
432 3634,675 3139,673 3139,673
433 3647,976 3139,673 3139,673
434 3698,778 3139,673 3139,673
435 3698,778 3139,673 3139,673
436 4736,277 3139,673 3139,673
437 3715,333 3139,673 3139,673
438 3727,970 3139,673 3139,673
439 3727,970 3139,673 3139,673
440 3729,427 3139,673 3139,673
441 3139,673 3108,605 3108,605
442 3285,381 3108,605 3108,605
443 3367,489 3108,605 3108,605
444 3459,233 3108,605 3108,605
445 3506,702 3108,605 3108,605
446 3565,342 3108,605 3108,605
447 3576,587 3108,605 3108,605
448 3582,725 3108,605 3108,605
449 3582,725 3108,605 3108,605
450 3593,178 3108,605 3108,605
451 3593,178 3108,605 3108,605
452 3594,971 3108,605 3108,605
453 3594,971 3108,605 3108,605
454 3598,663 3108,605 3108,605
455 3634,224 3108,605 3108,605
456 4580,899 3108,605 3108,605
457 3634,675 3108,605 3108,605
458 3634,675 3108,605 3108,605
459 3639,734 3108,605 3108,605
460 3647,976 3108,605 3108,605
461 3680,779 3108,605 3108,605
462 3139,673 3108,605 3108,605
463 3139,673 3108,605 3108,605
464 3139,673 3108,605 3108,605
465 3285,381 3108,605 3108,605
466 3367,489 3108,605 3108,605
467 3367,489 3108,605 3108,605
468 3415,435 3108,605 3108,605
469 3440,842 3108,605 3108,605
470 3445,901 3108,605 3108,605
471 3447,255 3108,605 3108,605
472 3452,671 3108,605 3108,605
473 3459,233 3108,605 3108,605
474 3486,759 3108,605 3108,605
475 3506,702 3108,605 3108,605
476 3513,031 3108,605 3108,605
477 3565,342 3108,605 3108,605
478 3576,587 3108,605 3108,605
479 3582,725 3108,605 3108,605
480 3582,725 3108,605 3108,605
481 3108,605 3108,605 3108,605
482 3108,605 3108,605 3108,605
483 3139,673 3108,605 3108,605
484 3139,673 3108,605 3108,605
485 3139,673 3108,605 3108,605
486 3189,714 3108,605 3108,605
487 3206,803 3108,605 3108,605
488 3213,360 3108,605 3108,605
489 3214,714 3108,605 3108,605
490 3280,490 3108,605 3108,605
491 3285,381 3108,605 3108,605
492 3285,381 3108,605 3108,605
493 3319,469 3108,605 3108,605
494 3349,105 3108,605 3108,605
495 3366,551 3108,605 3108,605
496 3366,551 3108,605 3108,605
497 3367,489 3108,605 3108,605
498 3367,489 3108,605 3108,605
499 3372,214 3108,605 3108,605
500 3415,435 3108,605 3108,605
501 3108,605 3108,605 3108,605
502 3108,605 3108,605 3108,605
503 3108,605 3108,605 3108,605
504 3139,673 3108,605 3108,605
505 3139,673 3108,605 3108,605
506 3139,673 3108,605 3108,605
507 3139,673 3108,605 3108,605
508 3139,673 3108,605 3108,605
509 3139,673 3108,605 3108,605
510 3139,673 3108,605 3108,605
511 3139,673 3108,605 3108,605
512 3189,714 3108,605 3108,605
513 3206,803 3108,605 3108,605
514 3206,803 3108,605 3108,605
515 3213,360 3108,605 3108,605
516 3213,360 3108,605 3108,605
517 3214,714 3108,605 3108,605
518 3214,714 3108,605 3108,605
519 3280,490 3108,605 3108,605
520 3280,490 3108,605 3108,605
521 3108,605 3108,605 3108,605
522 3108,605 3108,605 3108,605
523 3108,605 3108,605 3108,605
524 3108,605 3108,605 3108,605
525 3108,605 3108,605 3108,605
526 3108,605 3108,605 3108,605
527 3108,605 3108,605 3108,605
528 3108,605 3108,605 3108,605
529 3139,673 3108,605 3108,605
530 3139,673 3108,605 3108,605
531 3139,673 3108,605 3108,605
532 3139,673 3108,605 3108,605
533 3139,673 3108,605 3108,605
534 3139,673 3108,605 3108,605
535 3139,673 3108,605 3108,605
536 3139,673 3108,605 3108,605
537 3139,673 3108,605 3108,605
538 3157,437 3108,605 3108,605
539 3139,673 3108,605 3108,605
540 3139,673 3108,605 3108,605
541 3376,139 3108,605 3108,605
542 3108,605 3108,605 3108,605
543 3108,605 3108,605 3108,605
544 3108,605 3108,605 3108,605
545 3108,605 3108,605 3108,605
546 3108,605 3108,605 3108,605
547 3108,605 3108,605 3108,605
548 3108,605 3108,605 3108,605
549 3108,605 3108,605 3108,605
550 3108,605 3108,605 3108,605
551 3108,605 3108,605 3108,605
552 3108,605 3108,605 3108,605
553 3108,605 3108,605 3108,605
554 3108,605 3108,605 3108,605
555 3139,673 3108,605 3108,605
556 3139,673 3108,605 3108,605
557 3139,673 3108,605 3108,605
558 3139,673 3108,605 3108,605
559 3139,673 3108,605 3108,605
560 3139,673 3108,605 3108,605
561 3108,605 3108,605 3108,605
562 3108,605 3108,605 3108,605
563 3108,605 3108,605 3108,605
564 5123,868 3108,605 3108,605
565 3108,605 3108,605 3108,605
566 4518,106 3108,605 3108,605
567 3108,605 3108,605 3108,605
568 3108,605 3108,605 3108,605
569 3108,605 3108,605 3108,605
570 3108,605 3108,605 3108,605
571 3108,605 3108,605 3108,605
572 3108,605 3108,605 3108,605
573 3108,605 3108,605 3108,605
574 3108,605 3108,605 3108,605
575 3108,605 3108,605 3108,605
576 3108,605 3108,605 3108,605
577 3108,605 3108,605 3108,605
578 3108,605 3108,605 3108,605
579 4224,448 3108,605 3108,605
580 3108,605 3108,605 3108,605
581 3108,605 3108,605 3108,605
582 3108,605 3108,605 3108,605
583 3108,605 3108,605 3108,605
584 3108,605 3108,605 3108,605
585 3108,605 3108,605 3108,605
586 3108,605 3108,605 3108,605
587 3108,605 3108,605 3108,605
588 3108,605 3108,605 3108,605
589 3108,605 3108,605 3108,605
590 3108,605 3108,605 3108,605
591 3108,605 3108,605 3108,605
592 3108,605 3108,605 3108,605
593 3108,605 3108,605 3108,605
594 3108,605 3108,605 3108,605
595 3108,605 3108,605 3108,605
596 3108,605 3108,605 3108,605
597 3108,605 3108,605 3108,605
598 3108,605 3108,605 3108,605
599 3108,605 3108,605 3108,605
600 3108,605 3108,605 3108,605
601 5317,959 3108,605 3108,605
602 3108,605 3108,605 3108,605
603 3108,605 3108,605 3108,605
604 3108,605 3108,605 3108,605
605 3108,605 3108,605 3108,605
606 3108,605 3108,605 3108,605
607 3108,605 3108,605 3108,605
608 3108,605 3108,605 3108,605
609 3108,605 3108,605 3108,605
610 3108,605 3108,605 3108,605
611 3108,605 3108,605 3108,605
612 3108,605 3108,605 3108,605
613 3108,605 3108,605 3108,605
614 3108,605 3108,605 3108,605
615 3108,605 3108,605 3108,605
616 3108,605 3108,605 3108,605
617 3108,605 3108,605 3108,605
618 3108,605 3108,605 3108,605
619 3108,605 3108,605 3108,605
620 3108,605 3108,605 3108,605
621 3108,605 3108,605 3108,605
622 3247,818 3108,605 3108,605
623 3108,605 3108,605 3108,605
624 3108,605 3108,605 3108,605
625 3108,605 3108,605 3108,605
626 3108,605 3108,605 3108,605
627 3108,605 3108,605 3108,605
628 3108,605 3108,605 3108,605
629 3108,605 3108,605 3108,605
630 3108,605 3108,605 3108,605
631 3108,605 3108,605 3108,605
632 3108,605 3108,605 3108,605
633 3108,605 3108,605 3108,605
634 3876,804 3108,605 3108,605
635 3108,605 3108,605 3108,605
636 3108,605 3108,605 3108,605
637 3108,605 3108,605 3108,605
638 3108,605 3108,605 3108,605
639 3108,605 3108,605 3108,605
640 3108,605 3108,605 3108,605
641 3108,605 3108,605 3108,605
642 3108,605 3108,605 3108,605
643 3108,605 3108,605 3108,605
644 3108,605 3108,605 3108,605
645 3108,605 3108,605 3108,605
646 3108,605 3108,605 3108,605
647 3108,605 3108,605 3108,605
648 3108,605 3108,605 3108,605
649 3108,605 3108,605 3108,605
650 3108,605 3108,605 3108,605
651 3108,605 3108,605 3108,605
652 3108,605 3108,605 3108,605
653 3783,360 3108,605 3108,605
654 3108,605 3108,605 3108,605
655 3108,605 3108,605 3108,605
656 3108,605 3108,605 3108,605
657 3108,605 3108,605 3108,605
658 3108,605 3108,605 3108,605
659 3108,605 3108,605 3108,605
660 3108,605 3108,605 3108,605
661 3108,605 3108,605 3108,605
662 3108,605 3108,605 3108,605
663 3108,605 3108,605 3108,605
664 3108,605 3108,605 3108,605
665 3108,605 3108,605 3108,605
666 3108,605 3108,605 3108,605
667 3108,605 3108,605 3108,605
668 3108,605 3108,605 3108,605
669 3108,605 3108,605 3108,605
670 3108,605 3108,605 3108,605
671 3108,605 3108,605 3108,605
672 3108,605 3108,605 3108,605
673 3108,605 3108,605 3108,605
674 3108,605 3108,605 3108,605
675 3108,605 3108,605 3108,605
676 3108,605 3108,605 3108,605
677 3108,605 3108,605 3108,605
678 3108,605 3108,605 3108,605
679 3108,605 3108,605 3108,605
680 3108,605 3108,605 3108,605
681 3108,605 3108,605 3108,605
682 3108,605 3108,605 3108,605
683 3108,605 3108,605 3108,605
684 3108,605 3108,605 3108,605
685 3108,605 3108,605 3108,605
686 3108,605 3108,605 3108,605
687 3108,605 3108,605 3108,605
688 3108,605 3108,605 3108,605
689 3108,605 3108,605 3108,605
690 3108,605 3108,605 3108,605
691 3108,605 3108,605 3108,605
692 3108,605 3108,605 3108,605
693 3108,605 3108,605 3108,605
694 3108,605 3108,605 3108,605
695 3108,605 3108,605 3108,605
696 3108,605 3108,605 3108,605
697 3108,605 3108,605 3108,605
698 3108,605 3108,605 3108,605
699 3108,605 3108,605 3108,605
700 3108,605 3108,605 3108,605
701 3108,605 3108,605 3108,605
702 3108,605 3108,605 3108,605
703 3108,605 3108,605 3108,605
704 3108,605 3108,605 3108,605
705 3108,605 3108,605 3108,605
706 3108,605 3108,605 3108,605
707 5460,063 3108,605 3108,605
708 3108,605 3108,605 3108,605
709 3108,605 3108,605 3108,605
710 3108,605 3108,605 3108,605
711 3108,605 3108,605 3108,605
712 4433,304 3108,605 3108,605
713 3108,605 3108,605 3108,605
714 3108,605 3108,605 3108,605
715 3108,605 3108,605 3108,605
716 3108,605 3108,605 3108,605
717 3108,605 3108,605 3108,605
718 3108,605 3108,605 3108,605
719 3108,605 3108,605 3108,605
720 3108,605 3108,605 3108,605
721 3108,605 3108,605 3108,605
722 3108,605 3108,605 3108,605
723 3108,605 3108,605 3108,605
724 3108,605 3108,605 3108,605
725 3108,605 3108,605 3108,605
726 3108,605 3108,605 3108,605
727 3108,605 3108,605 3108,605
728 3108,605 3108,605 3108,605
729 3108,605 3108,605 3108,605
730 3108,605 3108,605 3108,605
731 4531,009 3108,605 3108,605
732 3108,605 3108,605 3108,605
733 3108,605 3108,605 3108,605
734 3108,605 3108,605 3108,605
735 3108,605 3108,605 3108,605
736 3108,605 3108,605 3108,605
737 3108,605 3108,605 3108,605
738 3108,605 3108,605 3108,605
739 3108,605 3108,605 3108,605
740 3108,605 3108,605 3108,605
741 3108,605 3108,605 3108,605
742 3108,605 3108,605 3108,605
743 3108,605 3108,605 3108,605
744 3108,605 3108,605 3108,605
745 3108,605 3108,605 3108,605
746 3108,605 3108,605 3108,605
747 3108,605 3108,605 3108,605
748 3108,605 3108,605 3108,605
749 3108,605 3108,605 3108,605
750 6324,491 3108,605 3108,605
751 3108,605 3108,605 3108,605
752 3108,605 3108,605 3108,605
753 3108,605 3108,605 3108,605
754 3108,605 3108,605 3108,605
755 3108,605 3108,605 3108,605
756 3108,605 3108,605 3108,605
757 3108,605 3108,605 3108,605
758 3108,605 3108,605 3108,605
759 3108,605 3108,605 3108,605
760 3108,605 3108,605 3108,605
761 3108,605 3108,605 3108,605
762 3108,605 3108,605 3108,605
763 3108,605 3108,605 3108,605
764 3108,605 3108,605 3108,605
765 3108,605 3108,605 3108,605
766 3108,605 3108,605 3108,605
767 3108,605 3108,605 3108,605
768 3108,605 3108,605 3108,605
769 3108,605 3108,605 3108,605
770 3108,605 3108,605 3108,605
771 3108,605 3108,605 3108,605
772 3108,605 3108,605 3108,605
773 3108,605 3108,605 3108,605
774 3108,605 3108,605 3108,605
775 3108,605 3108,605 3108,605
776 3108,605 3108,605 3108,605
777 3108,605 3108,605 3108,605
778 3108,605 3108,605 3108,605
779 3108,605 3108,605 3108,605
780 3108,605 3108,605 3108,605
781 3108,605 3108,605 3108,605
782 3108,605 3108,605 3108,605
783 3108,605 3108,605 3108,605
784 3108,605 3108,605 3108,605
785 3108,605 3108,605 3108,605
786 3108,605 3108,605 3108,605
787 3108,605 3108,605 3108,605
788 3108,605 3108,605 3108,605
789 3108,605 3108,605 3108,605
790 4180,902 3108,605 3108,605
791 3108,605 3108,605 3108,605
792 3108,605 3108,605 3108,605
793 3108,605 3108,605 3108,605
794 3108,605 3108,605 3108,605
795 3108,605 3108,605 3108,605
796 3108,605 3108,605 3108,605
797 3108,605 3108,605 3108,605
798 3108,605 3108,605 3108,605
799 3108,605 3108,605 3108,605
800 3108,605 3108,605 3108,605
