nrOsobnika current best_current best_global
1 7356,645 5473,151 3108,605
2 6796,193 5473,151 3108,605
3 6274,008 5473,151 3108,605
4 5636,268 5473,151 3108,605
5 5703,897 5473,151 3108,605
6 5582,931 5473,151 3108,605
7 6808,945 5473,151 3108,605
8 6270,386 5473,151 3108,605
9 6052,611 5473,151 3108,605
10 5979,548 5473,151 3108,605
11 6439,753 5473,151 3108,605
12 6867,337 5473,151 3108,605
13 5877,458 5473,151 3108,605
14 6916,100 5473,151 3108,605
15 6032,222 5473,151 3108,605
16 6540,193 5473,151 3108,605
17 5708,381 5473,151 3108,605
18 5918,429 5473,151 3108,605
19 5992,767 5473,151 3108,605
20 6109,349 5473,151 3108,605
21 5473,151 5343,372 3108,605
22 5462,465 5343,372 3108,605
23 6058,466 5343,372 3108,605
24 5588,595 5343,372 3108,605
25 5636,268 5343,372 3108,605
26 5703,897 5343,372 3108,605
27 5708,381 5343,372 3108,605
28 5837,420 5343,372 3108,605
29 5877,458 5343,372 3108,605
30 5879,321 5343,372 3108,605
31 5918,429 5343,372 3108,605
32 5979,548 5343,372 3108,605
33 5992,767 5343,372 3108,605
34 5993,506 5343,372 3108,605
35 6032,222 5343,372 3108,605
36 6052,611 5343,372 3108,605
37 6062,217 5343,372 3108,605
38 6109,349 5343,372 3108,605
39 6188,959 5343,372 3108,605
40 6232,280 5343,372 3108,605
41 5343,372 5025,363 3108,605
42 5461,595 5025,363 3108,605
43 5462,465 5025,363 3108,605
44 6674,704 5025,363 3108,605
45 5557,154 5025,363 3108,605
46 5560,828 5025,363 3108,605
47 5573,212 5025,363 3108,605
48 5588,595 5025,363 3108,605
49 5636,268 5025,363 3108,605
50 5703,897 5025,363 3108,605
51 5708,381 5025,363 3108,605
52 5735,313 5025,363 3108,605
53 6563,848 5025,363 3108,605
54 5820,354 5025,363 3108,605
55 5830,761 5025,363 3108,605
56 6252,625 5025,363 3108,605
57 5859,714 5025,363 3108,605
58 5870,333 5025,363 3108,605
59 5877,458 5025,363 3108,605
60 5879,321 5025,363 3108,605
61 5025,363 4996,322 3108,605
62 5256,282 4996,322 3108,605
63 5343,372 4996,322 3108,605
64 5406,124 4996,322 3108,605
65 5445,459 4996,322 3108,605
66 5461,595 4996,322 3108,605
67 5462,465 4996,322 3108,605
68 5470,503 4996,322 3108,605
69 5540,677 4996,322 3108,605
70 5557,154 4996,322 3108,605
71 5560,828 4996,322 3108,605
72 5959,426 4996,322 3108,605
73 5588,595 4996,322 3108,605
74 5616,200 4996,322 3108,605
75 5619,563 4996,322 3108,605
76 5636,268 4996,322 3108,605
77 5703,897 4996,322 3108,605
78 5708,381 4996,322 3108,605
79 5725,380 4996,322 3108,605
80 5735,313 4996,322 3108,605
81 6259,366 4709,783 3108,605
82 6302,971 4709,783 3108,605
83 5068,728 4709,783 3108,605
84 5088,691 4709,783 3108,605
85 5936,147 4709,783 3108,605
86 5299,934 4709,783 3108,605
87 5343,372 4709,783 3108,605
88 5406,124 4709,783 3108,605
89 5414,683 4709,783 3108,605
90 5445,459 4709,783 3108,605
91 5461,595 4709,783 3108,605
92 5462,465 4709,783 3108,605
93 5470,503 4709,783 3108,605
94 5478,115 4709,783 3108,605
95 5537,463 4709,783 3108,605
96 5540,570 4709,783 3108,605
97 5540,677 4709,783 3108,605
98 5557,154 4709,783 3108,605
99 5560,828 4709,783 3108,605
100 5425,513 4709,783 3108,605
101 4709,783 4709,783 3108,605
102 4942,441 4709,783 3108,605
103 5068,728 4709,783 3108,605
104 5088,691 4709,783 3108,605
105 5103,042 4709,783 3108,605
106 5194,290 4709,783 3108,605
107 5299,934 4709,783 3108,605
108 5316,821 4709,783 3108,605
109 5343,372 4709,783 3108,605
110 5393,177 4709,783 3108,605
111 5406,124 4709,783 3108,605
112 5414,683 4709,783 3108,605
113 5425,513 4709,783 3108,605
114 5428,244 4709,783 3108,605
115 5445,459 4709,783 3108,605
116 5461,595 4709,783 3108,605
117 5462,465 4709,783 3108,605
118 5470,503 4709,783 3108,605
119 5478,115 4709,783 3108,605
120 5536,397 4709,783 3108,605
121 4709,783 4709,783 3108,605
122 4942,441 4709,783 3108,605
123 4953,489 4709,783 3108,605
124 4982,850 4709,783 3108,605
125 5027,733 4709,783 3108,605
126 5068,728 4709,783 3108,605
127 5081,825 4709,783 3108,605
128 5088,691 4709,783 3108,605
129 5103,042 4709,783 3108,605
130 5167,117 4709,783 3108,605
131 5194,290 4709,783 3108,605
132 5233,455 4709,783 3108,605
133 5290,876 4709,783 3108,605
134 5299,934 4709,783 3108,605
135 5300,903 4709,783 3108,605
136 5315,516 4709,783 3108,605
137 5316,821 4709,783 3108,605
138 5329,014 4709,783 3108,605
139 5343,372 4709,783 3108,605
140 5393,177 4709,783 3108,605
141 4709,783 4709,783 3108,605
142 4830,703 4709,783 3108,605
143 4898,035 4709,783 3108,605
144 4938,534 4709,783 3108,605
145 4942,441 4709,783 3108,605
146 4953,489 4709,783 3108,605
147 4982,850 4709,783 3108,605
148 5027,733 4709,783 3108,605
149 5049,139 4709,783 3108,605
150 5068,728 4709,783 3108,605
151 5081,825 4709,783 3108,605
152 5082,491 4709,783 3108,605
153 5084,377 4709,783 3108,605
154 5088,691 4709,783 3108,605
155 5103,042 4709,783 3108,605
156 5111,940 4709,783 3108,605
157 5167,117 4709,783 3108,605
158 5182,292 4709,783 3108,605
159 5194,290 4709,783 3108,605
160 5215,858 4709,783 3108,605
161 4709,783 4429,306 3108,605
162 4830,703 4429,306 3108,605
163 4832,937 4429,306 3108,605
164 4850,958 4429,306 3108,605
165 4898,035 4429,306 3108,605
166 4899,222 4429,306 3108,605
167 4904,844 4429,306 3108,605
168 4908,390 4429,306 3108,605
169 4938,534 4429,306 3108,605
170 4942,441 4429,306 3108,605
171 4953,489 4429,306 3108,605
172 4982,850 4429,306 3108,605
173 5025,289 4429,306 3108,605
174 5027,733 4429,306 3108,605
175 5049,139 4429,306 3108,605
176 5068,728 4429,306 3108,605
177 5068,728 4429,306 3108,605
178 5081,825 4429,306 3108,605
179 5082,491 4429,306 3108,605
180 5084,377 4429,306 3108,605
181 4429,306 4429,306 3108,605
182 4628,363 4429,306 3108,605
183 4709,783 4429,306 3108,605
184 4830,703 4429,306 3108,605
185 4832,937 4429,306 3108,605
186 4850,958 4429,306 3108,605
187 4898,035 4429,306 3108,605
188 4899,222 4429,306 3108,605
189 4904,844 4429,306 3108,605
190 4908,390 4429,306 3108,605
191 4938,534 4429,306 3108,605
192 4940,320 4429,306 3108,605
193 4942,441 4429,306 3108,605
194 4953,489 4429,306 3108,605
195 4958,469 4429,306 3108,605
196 4982,850 4429,306 3108,605
197 5025,289 4429,306 3108,605
198 5027,733 4429,306 3108,605
199 5049,139 4429,306 3108,605
200 5068,728 4429,306 3108,605
201 4429,306 4429,306 3108,605
202 4628,363 4429,306 3108,605
203 4675,299 4429,306 3108,605
204 4709,783 4429,306 3108,605
205 4769,153 4429,306 3108,605
206 4770,168 4429,306 3108,605
207 4802,254 4429,306 3108,605
208 4830,703 4429,306 3108,605
209 4832,937 4429,306 3108,605
210 4850,958 4429,306 3108,605
211 4898,035 4429,306 3108,605
212 4899,222 4429,306 3108,605
213 4904,844 4429,306 3108,605
214 4908,390 4429,306 3108,605
215 4938,534 4429,306 3108,605
216 4940,320 4429,306 3108,605
217 5471,224 4429,306 3108,605
218 4953,489 4429,306 3108,605
219 4958,469 4429,306 3108,605
220 4971,590 4429,306 3108,605
221 4429,306 4429,306 3108,605
222 4438,994 4429,306 3108,605
223 4571,658 4429,306 3108,605
224 4628,363 4429,306 3108,605
225 4675,299 4429,306 3108,605
226 4675,299 4429,306 3108,605
227 4677,119 4429,306 3108,605
228 4709,783 4429,306 3108,605
229 4769,153 4429,306 3108,605
230 4770,168 4429,306 3108,605
231 4802,254 4429,306 3108,605
232 4817,014 4429,306 3108,605
233 4830,703 4429,306 3108,605
234 4832,937 4429,306 3108,605
235 4850,958 4429,306 3108,605
236 4898,035 4429,306 3108,605
237 4899,222 4429,306 3108,605
238 4899,222 4429,306 3108,605
239 4904,844 4429,306 3108,605
240 4908,390 4429,306 3108,605
241 4429,306 4429,306 3108,605
242 4438,994 4429,306 3108,605
243 4571,658 4429,306 3108,605
244 4968,506 4429,306 3108,605
245 4668,826 4429,306 3108,605
246 4675,299 4429,306 3108,605
247 4675,299 4429,306 3108,605
248 4677,119 4429,306 3108,605
249 4709,783 4429,306 3108,605
250 4769,153 4429,306 3108,605
251 4770,168 4429,306 3108,605
252 5522,823 4429,306 3108,605
253 4778,201 4429,306 3108,605
254 4790,523 4429,306 3108,605
255 4802,254 4429,306 3108,605
256 4817,014 4429,306 3108,605
257 4830,703 4429,306 3108,605
258 4832,937 4429,306 3108,605
259 4850,958 4429,306 3108,605
260 4860,120 4429,306 3108,605
261 4429,306 4429,306 3108,605
262 4438,994 4429,306 3108,605
263 4571,658 4429,306 3108,605
264 4668,826 4429,306 3108,605
265 4675,299 4429,306 3108,605
266 4675,299 4429,306 3108,605
267 4675,299 4429,306 3108,605
268 4677,119 4429,306 3108,605
269 4709,783 4429,306 3108,605
270 4769,153 4429,306 3108,605
271 4770,168 4429,306 3108,605
272 4778,201 4429,306 3108,605
273 4790,523 4429,306 3108,605
274 4796,399 4429,306 3108,605
275 4802,254 4429,306 3108,605
276 4817,014 4429,306 3108,605
277 4830,703 4429,306 3108,605
278 4832,937 4429,306 3108,605
279 4850,958 4429,306 3108,605
280 4860,120 4429,306 3108,605
281 4429,306 4429,306 3108,605
282 4438,994 4429,306 3108,605
283 4534,596 4429,306 3108,605
284 4554,036 4429,306 3108,605
285 4571,658 4429,306 3108,605
286 4571,658 4429,306 3108,605
287 4668,826 4429,306 3108,605
288 4675,299 4429,306 3108,605
289 4675,299 4429,306 3108,605
290 4675,299 4429,306 3108,605
291 4675,299 4429,306 3108,605
292 4675,299 4429,306 3108,605
293 4675,299 4429,306 3108,605
294 4677,119 4429,306 3108,605
295 4709,783 4429,306 3108,605
296 4769,153 4429,306 3108,605
297 4770,168 4429,306 3108,605
298 4778,201 4429,306 3108,605
299 4790,523 4429,306 3108,605
300 4796,399 4429,306 3108,605
301 4429,306 4378,180 3108,605
302 4438,994 4378,180 3108,605
303 4462,740 4378,180 3108,605
304 4464,820 4378,180 3108,605
305 4482,497 4378,180 3108,605
306 4534,596 4378,180 3108,605
307 4554,036 4378,180 3108,605
308 4571,658 4378,180 3108,605
309 4571,658 4378,180 3108,605
310 4599,877 4378,180 3108,605
311 4642,617 4378,180 3108,605
312 4658,340 4378,180 3108,605
313 4668,826 4378,180 3108,605
314 4668,826 4378,180 3108,605
315 4668,826 4378,180 3108,605
316 5027,919 4378,180 3108,605
317 4675,299 4378,180 3108,605
318 4675,299 4378,180 3108,605
319 4675,299 4378,180 3108,605
320 4675,299 4378,180 3108,605
321 4378,180 4292,818 3108,605
322 4429,306 4292,818 3108,605
323 4438,047 4292,818 3108,605
324 4438,994 4292,818 3108,605
325 4462,740 4292,818 3108,605
326 4462,740 4292,818 3108,605
327 4464,820 4292,818 3108,605
328 4482,497 4292,818 3108,605
329 4534,596 4292,818 3108,605
330 4534,596 4292,818 3108,605
331 4554,036 4292,818 3108,605
332 4554,036 4292,818 3108,605
333 4571,658 4292,818 3108,605
334 4571,658 4292,818 3108,605
335 4599,877 4292,818 3108,605
336 4642,617 4292,818 3108,605
337 4642,617 4292,818 3108,605
338 4658,340 4292,818 3108,605
339 4668,826 4292,818 3108,605
340 4668,826 4292,818 3108,605
341 4292,818 4290,732 3108,605
342 4368,026 4290,732 3108,605
343 4378,180 4290,732 3108,605
344 4396,997 4290,732 3108,605
345 4429,306 4290,732 3108,605
346 4315,309 4290,732 3108,605
347 4438,994 4290,732 3108,605
348 4438,994 4290,732 3108,605
349 4456,826 4290,732 3108,605
350 4462,740 4290,732 3108,605
351 4462,740 4290,732 3108,605
352 4462,740 4290,732 3108,605
353 4464,820 4290,732 3108,605
354 4482,497 4290,732 3108,605
355 4489,135 4290,732 3108,605
356 4528,975 4290,732 3108,605
357 4534,596 4290,732 3108,605
358 4534,596 4290,732 3108,605
359 4554,036 4290,732 3108,605
360 4554,036 4290,732 3108,605
361 4290,732 4257,921 3108,605
362 4292,818 4257,921 3108,605
363 4315,309 4257,921 3108,605
364 4368,026 4257,921 3108,605
365 4378,180 4257,921 3108,605
366 4381,553 4257,921 3108,605
367 4396,997 4257,921 3108,605
368 4429,306 4257,921 3108,605
369 4438,994 4257,921 3108,605
370 4719,293 4257,921 3108,605
371 4456,826 4257,921 3108,605
372 4462,740 4257,921 3108,605
373 4462,740 4257,921 3108,605
374 4462,740 4257,921 3108,605
375 4464,820 4257,921 3108,605
376 4482,497 4257,921 3108,605
377 4489,135 4257,921 3108,605
378 4517,601 4257,921 3108,605
379 4528,975 4257,921 3108,605
380 4534,596 4257,921 3108,605
381 4257,921 4239,460 3108,605
382 4274,039 4239,460 3108,605
383 4290,732 4239,460 3108,605
384 4292,818 4239,460 3108,605
385 4315,309 4239,460 3108,605
386 4328,595 4239,460 3108,605
387 4331,644 4239,460 3108,605
388 4368,026 4239,460 3108,605
389 4378,180 4239,460 3108,605
390 4381,553 4239,460 3108,605
391 4396,997 4239,460 3108,605
392 4429,306 4239,460 3108,605
393 4438,994 4239,460 3108,605
394 4456,826 4239,460 3108,605
395 4462,740 4239,460 3108,605
396 4462,740 4239,460 3108,605
397 4462,740 4239,460 3108,605
398 4464,820 4239,460 3108,605
399 4482,497 4239,460 3108,605
400 4489,135 4239,460 3108,605
401 4239,460 4239,460 3108,605
402 4257,921 4239,460 3108,605
403 4274,039 4239,460 3108,605
404 4290,732 4239,460 3108,605
405 4292,818 4239,460 3108,605
406 4292,818 4239,460 3108,605
407 4315,309 4239,460 3108,605
408 4328,595 4239,460 3108,605
409 4331,644 4239,460 3108,605
410 4368,026 4239,460 3108,605
411 4368,189 4239,460 3108,605
412 4378,180 4239,460 3108,605
413 4381,553 4239,460 3108,605
414 4396,997 4239,460 3108,605
415 4429,306 4239,460 3108,605
416 4438,994 4239,460 3108,605
417 4456,826 4239,460 3108,605
418 4462,740 4239,460 3108,605
419 4462,740 4239,460 3108,605
420 4462,740 4239,460 3108,605
421 4239,460 4055,292 3108,605
422 4239,460 4055,292 3108,605
423 4239,460 4055,292 3108,605
424 4257,921 4055,292 3108,605
425 4274,039 4055,292 3108,605
426 4290,732 4055,292 3108,605
427 4292,818 4055,292 3108,605
428 4292,818 4055,292 3108,605
429 4292,818 4055,292 3108,605
430 4315,309 4055,292 3108,605
431 4328,595 4055,292 3108,605
432 4331,644 4055,292 3108,605
433 4347,050 4055,292 3108,605
434 4368,026 4055,292 3108,605
435 4368,189 4055,292 3108,605
436 4368,189 4055,292 3108,605
437 6155,523 4055,292 3108,605
438 4381,553 4055,292 3108,605
439 4382,920 4055,292 3108,605
440 4396,997 4055,292 3108,605
441 4055,292 3833,721 3108,605
442 4076,918 3833,721 3108,605
443 4181,729 3833,721 3108,605
444 4239,460 3833,721 3108,605
445 4239,460 3833,721 3108,605
446 4239,460 3833,721 3108,605
447 4239,460 3833,721 3108,605
448 4248,661 3833,721 3108,605
449 4257,921 3833,721 3108,605
450 4274,039 3833,721 3108,605
451 4274,039 3833,721 3108,605
452 4290,732 3833,721 3108,605
453 4292,818 3833,721 3108,605
454 4292,818 3833,721 3108,605
455 4292,818 3833,721 3108,605
456 4292,818 3833,721 3108,605
457 4292,818 3833,721 3108,605
458 4292,818 3833,721 3108,605
459 4295,867 3833,721 3108,605
460 4315,309 3833,721 3108,605
461 3833,721 3833,721 3108,605
462 3836,316 3833,721 3108,605
463 3957,289 3833,721 3108,605
464 4012,092 3833,721 3108,605
465 4055,292 3833,721 3108,605
466 4055,292 3833,721 3108,605
467 4076,918 3833,721 3108,605
468 4159,711 3833,721 3108,605
469 4181,729 3833,721 3108,605
470 4227,918 3833,721 3108,605
471 4227,963 3833,721 3108,605
472 4229,113 3833,721 3108,605
473 4239,460 3833,721 3108,605
474 4239,460 3833,721 3108,605
475 4334,380 3833,721 3108,605
476 4239,460 3833,721 3108,605
477 4247,892 3833,721 3108,605
478 4248,661 3833,721 3108,605
479 4257,921 3833,721 3108,605
480 4274,039 3833,721 3108,605
481 3833,721 3833,721 3108,605
482 3836,316 3833,721 3108,605
483 3957,289 3833,721 3108,605
484 4012,092 3833,721 3108,605
485 4025,821 3833,721 3108,605
486 4055,292 3833,721 3108,605
487 4055,292 3833,721 3108,605
488 4075,278 3833,721 3108,605
489 4076,918 3833,721 3108,605
490 4159,711 3833,721 3108,605
491 4177,366 3833,721 3108,605
492 4181,729 3833,721 3108,605
493 4227,918 3833,721 3108,605
494 4227,963 3833,721 3108,605
495 4229,113 3833,721 3108,605
496 4239,460 3833,721 3108,605
497 4239,460 3833,721 3108,605
498 4239,460 3833,721 3108,605
499 4247,373 3833,721 3108,605
500 4247,892 3833,721 3108,605
501 3833,721 3833,375 3108,605
502 3836,316 3833,375 3108,605
503 3957,289 3833,375 3108,605
504 3970,867 3833,375 3108,605
505 3985,349 3833,375 3108,605
506 3986,958 3833,375 3108,605
507 4012,092 3833,375 3108,605
508 4025,821 3833,375 3108,605
509 4055,292 3833,375 3108,605
510 4055,292 3833,375 3108,605
511 4070,772 3833,375 3108,605
512 4075,278 3833,375 3108,605
513 4076,918 3833,375 3108,605
514 4155,057 3833,375 3108,605
515 4159,711 3833,375 3108,605
516 4177,366 3833,375 3108,605
517 4177,366 3833,375 3108,605
518 4181,729 3833,375 3108,605
519 4184,356 3833,375 3108,605
520 4227,918 3833,375 3108,605
521 3833,375 3830,330 3108,605
522 3833,721 3830,330 3108,605
523 3836,316 3830,330 3108,605
524 3931,431 3830,330 3108,605
525 3957,138 3830,330 3108,605
526 3957,289 3830,330 3108,605
527 3970,867 3830,330 3108,605
528 3970,867 3830,330 3108,605
529 3975,831 3830,330 3108,605
530 3985,349 3830,330 3108,605
531 3985,349 3830,330 3108,605
532 3985,984 3830,330 3108,605
533 3986,958 3830,330 3108,605
534 4012,092 3830,330 3108,605
535 4025,821 3830,330 3108,605
536 4025,821 3830,330 3108,605
537 4055,292 3830,330 3108,605
538 4055,292 3830,330 3108,605
539 4055,292 3830,330 3108,605
540 4070,772 3830,330 3108,605
541 3830,330 3778,017 3108,605
542 3833,375 3778,017 3108,605
543 3833,721 3778,017 3108,605
544 3836,316 3778,017 3108,605
545 3931,431 3778,017 3108,605
546 5070,248 3778,017 3108,605
547 3957,138 3778,017 3108,605
548 3957,289 3778,017 3108,605
549 3957,289 3778,017 3108,605
550 3970,867 3778,017 3108,605
551 3970,867 3778,017 3108,605
552 3975,831 3778,017 3108,605
553 3984,766 3778,017 3108,605
554 3985,349 3778,017 3108,605
555 3985,349 3778,017 3108,605
556 3985,349 3778,017 3108,605
557 3985,349 3778,017 3108,605
558 3985,984 3778,017 3108,605
559 3985,984 3778,017 3108,605
560 4624,356 3778,017 3108,605
561 3778,017 3637,884 3108,605
562 3778,421 3637,884 3108,605
563 3779,587 3637,884 3108,605
564 3830,330 3637,884 3108,605
565 3833,375 3637,884 3108,605
566 3833,721 3637,884 3108,605
567 3836,316 3637,884 3108,605
568 3836,316 3637,884 3108,605
569 3837,221 3637,884 3108,605
570 3928,090 3637,884 3108,605
571 3931,431 3637,884 3108,605
572 3931,431 3637,884 3108,605
573 3931,431 3637,884 3108,605
574 3957,138 3637,884 3108,605
575 3957,289 3637,884 3108,605
576 3957,289 3637,884 3108,605
577 3970,867 3637,884 3108,605
578 3970,867 3637,884 3108,605
579 3975,831 3637,884 3108,605
580 3984,074 3637,884 3108,605
581 3637,884 3637,884 3108,605
582 3778,017 3637,884 3108,605
583 3778,017 3637,884 3108,605
584 3778,421 3637,884 3108,605
585 3779,587 3637,884 3108,605
586 3830,330 3637,884 3108,605
587 3833,375 3637,884 3108,605
588 3833,721 3637,884 3108,605
589 3833,721 3637,884 3108,605
590 3836,316 3637,884 3108,605
591 3836,316 3637,884 3108,605
592 3837,221 3637,884 3108,605
593 3837,221 3637,884 3108,605
594 3851,563 3637,884 3108,605
595 3869,780 3637,884 3108,605
596 3899,757 3637,884 3108,605
597 3928,090 3637,884 3108,605
598 3931,431 3637,884 3108,605
599 3931,431 3637,884 3108,605
600 3931,431 3637,884 3108,605
601 3637,884 3637,884 3108,605
602 3726,252 3637,884 3108,605
603 3778,017 3637,884 3108,605
604 3778,017 3637,884 3108,605
605 3778,017 3637,884 3108,605
606 3778,017 3637,884 3108,605
607 3778,421 3637,884 3108,605
608 3779,587 3637,884 3108,605
609 3830,330 3637,884 3108,605
610 3833,375 3637,884 3108,605
611 3833,721 3637,884 3108,605
612 3833,721 3637,884 3108,605
613 3836,316 3637,884 3108,605
614 3836,316 3637,884 3108,605
615 3837,221 3637,884 3108,605
616 3837,221 3637,884 3108,605
617 3837,221 3637,884 3108,605
618 3847,362 3637,884 3108,605
619 3851,563 3637,884 3108,605
620 3869,780 3637,884 3108,605
621 3637,884 3637,884 3108,605
622 3637,884 3637,884 3108,605
623 3726,252 3637,884 3108,605
624 3726,252 3637,884 3108,605
625 3726,252 3637,884 3108,605
626 3729,243 3637,884 3108,605
627 3729,243 3637,884 3108,605
628 3778,017 3637,884 3108,605
629 3778,017 3637,884 3108,605
630 3778,017 3637,884 3108,605
631 3778,017 3637,884 3108,605
632 3778,017 3637,884 3108,605
633 3778,017 3637,884 3108,605
634 3778,421 3637,884 3108,605
635 3779,587 3637,884 3108,605
636 3779,587 3637,884 3108,605
637 3830,330 3637,884 3108,605
638 3833,375 3637,884 3108,605
639 3833,721 3637,884 3108,605
640 3833,721 3637,884 3108,605
641 3637,884 3637,884 3108,605
642 4418,849 3637,884 3108,605
643 3726,252 3637,884 3108,605
644 3726,252 3637,884 3108,605
645 3726,252 3637,884 3108,605
646 3726,252 3637,884 3108,605
647 3726,252 3637,884 3108,605
648 3726,252 3637,884 3108,605
649 3729,243 3637,884 3108,605
650 3729,243 3637,884 3108,605
651 3729,243 3637,884 3108,605
652 3729,243 3637,884 3108,605
653 3729,243 3637,884 3108,605
654 3778,017 3637,884 3108,605
655 3778,017 3637,884 3108,605
656 3778,017 3637,884 3108,605
657 3778,017 3637,884 3108,605
658 3778,017 3637,884 3108,605
659 3778,017 3637,884 3108,605
660 3778,017 3637,884 3108,605
661 3637,884 3637,884 3108,605
662 3637,884 3637,884 3108,605
663 3637,884 3637,884 3108,605
664 3726,252 3637,884 3108,605
665 3726,252 3637,884 3108,605
666 3726,252 3637,884 3108,605
667 3726,252 3637,884 3108,605
668 3726,252 3637,884 3108,605
669 3726,252 3637,884 3108,605
670 3726,252 3637,884 3108,605
671 3726,252 3637,884 3108,605
672 3726,252 3637,884 3108,605
673 3726,252 3637,884 3108,605
674 3726,252 3637,884 3108,605
675 3726,252 3637,884 3108,605
676 3726,252 3637,884 3108,605
677 3726,252 3637,884 3108,605
678 3726,252 3637,884 3108,605
679 3726,252 3637,884 3108,605
680 3726,252 3637,884 3108,605
681 5749,160 3637,884 3108,605
682 3637,884 3637,884 3108,605
683 3637,884 3637,884 3108,605
684 3637,884 3637,884 3108,605
685 3637,884 3637,884 3108,605
686 3726,252 3637,884 3108,605
687 3726,252 3637,884 3108,605
688 3726,252 3637,884 3108,605
689 3726,252 3637,884 3108,605
690 3726,252 3637,884 3108,605
691 3726,252 3637,884 3108,605
692 3726,252 3637,884 3108,605
693 3726,252 3637,884 3108,605
694 3726,252 3637,884 3108,605
695 3726,252 3637,884 3108,605
696 3726,252 3637,884 3108,605
697 3726,252 3637,884 3108,605
698 3726,252 3637,884 3108,605
699 3726,252 3637,884 3108,605
700 3726,252 3637,884 3108,605
701 3637,884 3637,884 3108,605
702 3637,884 3637,884 3108,605
703 3637,884 3637,884 3108,605
704 3637,884 3637,884 3108,605
705 3726,252 3637,884 3108,605
706 3726,252 3637,884 3108,605
707 3726,252 3637,884 3108,605
708 3726,252 3637,884 3108,605
709 3726,252 3637,884 3108,605
710 3726,252 3637,884 3108,605
711 3726,252 3637,884 3108,605
712 3726,252 3637,884 3108,605
713 3726,252 3637,884 3108,605
714 3726,252 3637,884 3108,605
715 3726,252 3637,884 3108,605
716 3726,252 3637,884 3108,605
717 3726,252 3637,884 3108,605
718 3726,252 3637,884 3108,605
719 3726,252 3637,884 3108,605
720 3726,252 3637,884 3108,605
721 3637,884 3637,884 3108,605
722 3637,884 3637,884 3108,605
723 3637,884 3637,884 3108,605
724 3637,884 3637,884 3108,605
725 3637,884 3637,884 3108,605
726 3637,884 3637,884 3108,605
727 3726,252 3637,884 3108,605
728 3726,252 3637,884 3108,605
729 3726,252 3637,884 3108,605
730 3726,252 3637,884 3108,605
731 3726,252 3637,884 3108,605
732 3726,252 3637,884 3108,605
733 3726,252 3637,884 3108,605
734 3726,252 3637,884 3108,605
735 3726,252 3637,884 3108,605
736 3726,252 3637,884 3108,605
737 3726,252 3637,884 3108,605
738 3726,252 3637,884 3108,605
739 3726,252 3637,884 3108,605
740 3726,252 3637,884 3108,605
741 3637,884 3637,884 3108,605
742 3637,884 3637,884 3108,605
743 3637,884 3637,884 3108,605
744 3637,884 3637,884 3108,605
745 3637,884 3637,884 3108,605
746 3637,884 3637,884 3108,605
747 3637,884 3637,884 3108,605
748 3637,884 3637,884 3108,605
749 3637,884 3637,884 3108,605
750 3726,252 3637,884 3108,605
751 3726,252 3637,884 3108,605
752 3726,252 3637,884 3108,605
753 3726,252 3637,884 3108,605
754 3726,252 3637,884 3108,605
755 3726,252 3637,884 3108,605
756 3726,252 3637,884 3108,605
757 3726,252 3637,884 3108,605
758 3726,252 3637,884 3108,605
759 3726,252 3637,884 3108,605
760 3726,252 3637,884 3108,605
761 3637,884 3637,884 3108,605
762 3637,884 3637,884 3108,605
763 3637,884 3637,884 3108,605
764 3637,884 3637,884 3108,605
765 3637,884 3637,884 3108,605
766 3637,884 3637,884 3108,605
767 3637,884 3637,884 3108,605
768 3637,884 3637,884 3108,605
769 3637,884 3637,884 3108,605
770 3637,884 3637,884 3108,605
771 3637,884 3637,884 3108,605
772 3637,884 3637,884 3108,605
773 3637,884 3637,884 3108,605
774 3637,884 3637,884 3108,605
775 3637,884 3637,884 3108,605
776 3637,884 3637,884 3108,605
777 3726,252 3637,884 3108,605
778 3726,252 3637,884 3108,605
779 3726,252 3637,884 3108,605
780 3726,252 3637,884 3108,605
781 3637,884 3637,884 3108,605
782 3637,884 3637,884 3108,605
783 3637,884 3637,884 3108,605
784 3637,884 3637,884 3108,605
785 3637,884 3637,884 3108,605
786 3637,884 3637,884 3108,605
787 3637,884 3637,884 3108,605
788 3637,884 3637,884 3108,605
789 3637,884 3637,884 3108,605
790 3637,884 3637,884 3108,605
791 3637,884 3637,884 3108,605
792 3637,884 3637,884 3108,605
793 3768,254 3637,884 3108,605
794 3637,884 3637,884 3108,605
795 3637,884 3637,884 3108,605
796 3637,884 3637,884 3108,605
797 3637,884 3637,884 3108,605
798 5525,523 3637,884 3108,605
799 3637,884 3637,884 3108,605
800 5521,384 3637,884 3108,605
