nrOsobnika current best_current best_global
1 6147,738 5115,410 2925,740
2 5722,965 5115,410 2925,740
3 6156,488 5115,410 2925,740
4 5959,207 5115,410 2925,740
5 6879,518 5115,410 2925,740
6 6049,784 5115,410 2925,740
7 6395,480 5115,410 2925,740
8 6434,111 5115,410 2925,740
9 6675,109 5115,410 2925,740
10 6281,336 5115,410 2925,740
11 6314,563 5115,410 2925,740
12 7065,904 5115,410 2925,740
13 6576,705 5115,410 2925,740
14 6471,676 5115,410 2925,740
15 6490,790 5115,410 2925,740
16 5935,130 5115,410 2925,740
17 6652,729 5115,410 2925,740
18 6338,380 5115,410 2925,740
19 5115,410 5115,410 2925,740
20 6516,269 5115,410 2925,740
21 5115,410 4749,992 2925,740
22 5662,136 4749,992 2925,740
23 5713,994 4749,992 2925,740
24 5722,965 4749,992 2925,740
25 5801,020 4749,992 2925,740
26 5935,130 4749,992 2925,740
27 5945,407 4749,992 2925,740
28 5948,134 4749,992 2925,740
29 5959,207 4749,992 2925,740
30 5969,256 4749,992 2925,740
31 6049,784 4749,992 2925,740
32 6062,673 4749,992 2925,740
33 6116,014 4749,992 2925,740
34 6147,738 4749,992 2925,740
35 6156,488 4749,992 2925,740
36 6176,907 4749,992 2925,740
37 6281,336 4749,992 2925,740
38 6298,571 4749,992 2925,740
39 6314,563 4749,992 2925,740
40 6338,380 4749,992 2925,740
41 5497,755 5115,410 2925,740
42 5115,410 5115,410 2925,740
43 5411,439 5115,410 2925,740
44 5504,417 5115,410 2925,740
45 5593,099 5115,410 2925,740
46 5662,136 5115,410 2925,740
47 5713,994 5115,410 2925,740
48 5722,965 5115,410 2925,740
49 5775,877 5115,410 2925,740
50 5789,154 5115,410 2925,740
51 5801,020 5115,410 2925,740
52 5813,168 5115,410 2925,740
53 5927,425 5115,410 2925,740
54 5935,094 5115,410 2925,740
55 5935,130 5115,410 2925,740
56 5945,407 5115,410 2925,740
57 5948,134 5115,410 2925,740
58 5959,207 5115,410 2925,740
59 5969,256 5115,410 2925,740
60 6049,784 5115,410 2925,740
61 5115,410 4843,425 2925,740
62 5221,747 4843,425 2925,740
63 5266,211 4843,425 2925,740
64 5411,439 4843,425 2925,740
65 5469,675 4843,425 2925,740
66 5497,755 4843,425 2925,740
67 5504,417 4843,425 2925,740
68 5593,099 4843,425 2925,740
69 5622,481 4843,425 2925,740
70 5651,875 4843,425 2925,740
71 5662,136 4843,425 2925,740
72 5713,880 4843,425 2925,740
73 5713,994 4843,425 2925,740
74 5722,965 4843,425 2925,740
75 5757,789 4843,425 2925,740
76 5775,877 4843,425 2925,740
77 5789,154 4843,425 2925,740
78 5799,740 4843,425 2925,740
79 5801,020 4843,425 2925,740
80 5813,168 4843,425 2925,740
81 4843,425 4112,717 2925,740
82 5115,410 4112,717 2925,740
83 5221,747 4112,717 2925,740
84 5266,211 4112,717 2925,740
85 5305,655 4112,717 2925,740
86 5357,868 4112,717 2925,740
87 5408,778 4112,717 2925,740
88 5411,439 4112,717 2925,740
89 5428,370 4112,717 2925,740
90 5227,249 4112,717 2925,740
91 5497,755 4112,717 2925,740
92 5504,417 4112,717 2925,740
93 5528,616 4112,717 2925,740
94 5592,596 4112,717 2925,740
95 5593,099 4112,717 2925,740
96 5619,296 4112,717 2925,740
97 5622,481 4112,717 2925,740
98 5651,875 4112,717 2925,740
99 5652,567 4112,717 2925,740
100 5662,136 4112,717 2925,740
101 4112,717 4112,717 2925,740
102 4515,817 4112,717 2925,740
103 4843,425 4112,717 2925,740
104 4908,255 4112,717 2925,740
105 5015,582 4112,717 2925,740
106 5115,410 4112,717 2925,740
107 5134,053 4112,717 2925,740
108 5221,747 4112,717 2925,740
109 5227,249 4112,717 2925,740
110 5260,494 4112,717 2925,740
111 5266,211 4112,717 2925,740
112 5271,120 4112,717 2925,740
113 5305,655 4112,717 2925,740
114 5357,868 4112,717 2925,740
115 5396,194 4112,717 2925,740
116 5408,778 4112,717 2925,740
117 5411,439 4112,717 2925,740
118 5428,370 4112,717 2925,740
119 5454,212 4112,717 2925,740
120 5473,130 4112,717 2925,740
121 4112,717 4112,717 2925,740
122 4515,817 4112,717 2925,740
123 4628,776 4112,717 2925,740
124 4716,082 4112,717 2925,740
125 4821,222 4112,717 2925,740
126 4843,425 4112,717 2925,740
127 4882,409 4112,717 2925,740
128 4884,431 4112,717 2925,740
129 4735,267 4112,717 2925,740
130 4952,474 4112,717 2925,740
131 5015,582 4112,717 2925,740
132 5065,095 4112,717 2925,740
133 5115,410 4112,717 2925,740
134 5134,053 4112,717 2925,740
135 5205,150 4112,717 2925,740
136 5221,747 4112,717 2925,740
137 5225,971 4112,717 2925,740
138 5227,249 4112,717 2925,740
139 5260,494 4112,717 2925,740
140 5266,211 4112,717 2925,740
141 4112,717 4112,717 2925,740
142 4515,817 4112,717 2925,740
143 4628,776 4112,717 2925,740
144 4683,313 4112,717 2925,740
145 4716,082 4112,717 2925,740
146 4735,267 4112,717 2925,740
147 4773,929 4112,717 2925,740
148 4790,362 4112,717 2925,740
149 4821,222 4112,717 2925,740
150 4821,222 4112,717 2925,740
151 4838,383 4112,717 2925,740
152 4843,425 4112,717 2925,740
153 4858,143 4112,717 2925,740
154 4882,409 4112,717 2925,740
155 4884,431 4112,717 2925,740
156 4952,474 4112,717 2925,740
157 5000,144 4112,717 2925,740
158 5015,582 4112,717 2925,740
159 5044,146 4112,717 2925,740
160 5065,095 4112,717 2925,740
161 4112,717 4090,136 2925,740
162 4515,817 4090,136 2925,740
163 4556,460 4090,136 2925,740
164 4608,700 4090,136 2925,740
165 4628,776 4090,136 2925,740
166 4665,580 4090,136 2925,740
167 4683,313 4090,136 2925,740
168 4716,082 4090,136 2925,740
169 4735,267 4090,136 2925,740
170 6180,894 4090,136 2925,740
171 4773,929 4090,136 2925,740
172 4790,362 4090,136 2925,740
173 4821,222 4090,136 2925,740
174 4821,222 4090,136 2925,740
175 4838,383 4090,136 2925,740
176 4843,425 4090,136 2925,740
177 4858,143 4090,136 2925,740
178 4882,409 4090,136 2925,740
179 4884,431 4090,136 2925,740
180 4893,548 4090,136 2925,740
181 4090,136 4089,660 2925,740
182 4112,717 4089,660 2925,740
183 4227,441 4089,660 2925,740
184 5944,888 4089,660 2925,740
185 4543,289 4089,660 2925,740
186 4556,460 4089,660 2925,740
187 4608,700 4089,660 2925,740
188 4628,776 4089,660 2925,740
189 4665,580 4089,660 2925,740
190 4683,313 4089,660 2925,740
191 4713,578 4089,660 2925,740
192 4716,082 4089,660 2925,740
193 4735,267 4089,660 2925,740
194 4773,929 4089,660 2925,740
195 4790,362 4089,660 2925,740
196 4805,982 4089,660 2925,740
197 4818,713 4089,660 2925,740
198 4820,271 4089,660 2925,740
199 4821,222 4089,660 2925,740
200 4821,222 4089,660 2925,740
201 4089,660 4089,660 2925,740
202 4090,136 4089,660 2925,740
203 4112,717 4089,660 2925,740
204 4113,193 4089,660 2925,740
205 4164,393 4089,660 2925,740
206 4227,441 4089,660 2925,740
207 4403,137 4089,660 2925,740
208 4459,194 4089,660 2925,740
209 4543,289 4089,660 2925,740
210 4556,460 4089,660 2925,740
211 4608,700 4089,660 2925,740
212 4626,339 4089,660 2925,740
213 4628,776 4089,660 2925,740
214 4665,580 4089,660 2925,740
215 4683,313 4089,660 2925,740
216 4700,525 4089,660 2925,740
217 4713,578 4089,660 2925,740
218 4716,082 4089,660 2925,740
219 4735,267 4089,660 2925,740
220 4773,929 4089,660 2925,740
221 4089,660 4034,360 2925,740
222 4090,136 4034,360 2925,740
223 4112,717 4034,360 2925,740
224 4112,717 4034,360 2925,740
225 4113,193 4034,360 2925,740
226 4129,763 4034,360 2925,740
227 4141,336 4034,360 2925,740
228 4164,393 4034,360 2925,740
229 4227,441 4034,360 2925,740
230 4403,137 4034,360 2925,740
231 4459,194 4034,360 2925,740
232 4515,049 4034,360 2925,740
233 4543,289 4034,360 2925,740
234 4556,460 4034,360 2925,740
235 4562,406 4034,360 2925,740
236 4608,700 4034,360 2925,740
237 4626,339 4034,360 2925,740
238 4628,776 4034,360 2925,740
239 4643,903 4034,360 2925,740
240 4665,580 4034,360 2925,740
241 4034,360 3941,144 2925,740
242 4057,417 3941,144 2925,740
243 4078,087 3941,144 2925,740
244 4078,563 3941,144 2925,740
245 4089,660 3941,144 2925,740
246 4089,660 3941,144 2925,740
247 4090,136 3941,144 2925,740
248 4112,717 3941,144 2925,740
249 4112,717 3941,144 2925,740
250 4112,717 3941,144 2925,740
251 4112,717 3941,144 2925,740
252 4371,045 3941,144 2925,740
253 4112,717 3941,144 2925,740
254 4113,193 3941,144 2925,740
255 4113,193 3941,144 2925,740
256 4129,763 3941,144 2925,740
257 4141,336 3941,144 2925,740
258 4141,336 3941,144 2925,740
259 4141,336 3941,144 2925,740
260 4141,336 3941,144 2925,740
261 3941,144 3941,144 2925,740
262 4034,360 3941,144 2925,740
263 4034,360 3941,144 2925,740
264 4057,417 3941,144 2925,740
265 4057,417 3941,144 2925,740
266 4078,087 3941,144 2925,740
267 4078,563 3941,144 2925,740
268 4089,660 3941,144 2925,740
269 4089,660 3941,144 2925,740
270 4089,660 3941,144 2925,740
271 5050,650 3941,144 2925,740
272 4090,136 3941,144 2925,740
273 5635,366 3941,144 2925,740
274 4112,717 3941,144 2925,740
275 4112,717 3941,144 2925,740
276 4112,717 3941,144 2925,740
277 4112,717 3941,144 2925,740
278 4112,717 3941,144 2925,740
279 4112,717 3941,144 2925,740
280 4112,717 3941,144 2925,740
281 3941,144 3884,627 2925,740
282 3941,144 3884,627 2925,740
283 3941,620 3884,627 2925,740
284 3988,824 3884,627 2925,740
285 4034,360 3884,627 2925,740
286 4034,360 3884,627 2925,740
287 4057,417 3884,627 2925,740
288 4057,417 3884,627 2925,740
289 4078,087 3884,627 2925,740
290 4040,402 3884,627 2925,740
291 4078,563 3884,627 2925,740
292 4081,478 3884,627 2925,740
293 4089,660 3884,627 2925,740
294 4089,660 3884,627 2925,740
295 4089,660 3884,627 2925,740
296 4089,660 3884,627 2925,740
297 4089,660 3884,627 2925,740
298 4089,660 3884,627 2925,740
299 4089,660 3884,627 2925,740
300 4089,660 3884,627 2925,740
301 5032,242 3830,733 2925,740
302 3931,569 3830,733 2925,740
303 3931,569 3830,733 2925,740
304 3941,144 3830,733 2925,740
305 3941,144 3830,733 2925,740
306 3941,144 3830,733 2925,740
307 3941,144 3830,733 2925,740
308 3941,620 3830,733 2925,740
309 3977,251 3830,733 2925,740
310 3988,824 3830,733 2925,740
311 3988,824 3830,733 2925,740
312 3988,824 3830,733 2925,740
313 3988,824 3830,733 2925,740
314 4034,360 3830,733 2925,740
315 4034,360 3830,733 2925,740
316 4034,360 3830,733 2925,740
317 4040,402 3830,733 2925,740
318 4057,417 3830,733 2925,740
319 5421,258 3830,733 2925,740
320 4097,221 3830,733 2925,740
321 3830,733 3830,733 2925,740
322 3884,627 3830,733 2925,740
323 3931,569 3830,733 2925,740
324 3931,569 3830,733 2925,740
325 3931,569 3830,733 2925,740
326 3931,569 3830,733 2925,740
327 3941,144 3830,733 2925,740
328 3941,144 3830,733 2925,740
329 3941,144 3830,733 2925,740
330 3941,144 3830,733 2925,740
331 3941,144 3830,733 2925,740
332 3941,144 3830,733 2925,740
333 3941,144 3830,733 2925,740
334 3941,144 3830,733 2925,740
335 3941,620 3830,733 2925,740
336 3977,251 3830,733 2925,740
337 3977,251 3830,733 2925,740
338 3988,824 3830,733 2925,740
339 3988,824 3830,733 2925,740
340 3988,824 3830,733 2925,740
341 3830,733 3830,733 2925,740
342 3830,733 3830,733 2925,740
343 3830,733 3830,733 2925,740
344 3840,308 3830,733 2925,740
345 3840,308 3830,733 2925,740
346 3884,627 3830,733 2925,740
347 3931,569 3830,733 2925,740
348 3931,569 3830,733 2925,740
349 3931,569 3830,733 2925,740
350 3931,569 3830,733 2925,740
351 3931,569 3830,733 2925,740
352 3931,569 3830,733 2925,740
353 3931,569 3830,733 2925,740
354 3931,569 3830,733 2925,740
355 3931,569 3830,733 2925,740
356 3932,045 3830,733 2925,740
357 3941,144 3830,733 2925,740
358 3941,144 3830,733 2925,740
359 3941,144 3830,733 2925,740
360 3941,144 3830,733 2925,740
361 3830,733 3830,733 2925,740
362 3830,733 3830,733 2925,740
363 3830,733 3830,733 2925,740
364 3830,733 3830,733 2925,740
365 3830,733 3830,733 2925,740
366 3830,733 3830,733 2925,740
367 3830,733 3830,733 2925,740
368 3830,733 3830,733 2925,740
369 3830,733 3830,733 2925,740
370 3830,733 3830,733 2925,740
371 3840,308 3830,733 2925,740
372 3840,308 3830,733 2925,740
373 3884,627 3830,733 2925,740
374 5977,548 3830,733 2925,740
375 3912,501 3830,733 2925,740
376 3931,569 3830,733 2925,740
377 3931,569 3830,733 2925,740
378 3931,569 3830,733 2925,740
379 3931,569 3830,733 2925,740
380 3931,569 3830,733 2925,740
381 3830,733 3830,733 2925,740
382 3830,733 3830,733 2925,740
383 3830,733 3830,733 2925,740
384 3830,733 3830,733 2925,740
385 3830,733 3830,733 2925,740
386 3830,733 3830,733 2925,740
387 3830,733 3830,733 2925,740
388 3830,733 3830,733 2925,740
389 3830,733 3830,733 2925,740
390 3830,733 3830,733 2925,740
391 3830,733 3830,733 2925,740
392 3830,733 3830,733 2925,740
393 3830,733 3830,733 2925,740
394 3830,733 3830,733 2925,740
395 3830,733 3830,733 2925,740
396 3830,733 3830,733 2925,740
397 3830,733 3830,733 2925,740
398 3830,733 3830,733 2925,740
399 3830,733 3830,733 2925,740
400 3840,308 3830,733 2925,740
401 3830,733 3830,733 2925,740
402 3830,733 3830,733 2925,740
403 3830,733 3830,733 2925,740
404 3830,733 3830,733 2925,740
405 3830,733 3830,733 2925,740
406 3830,733 3830,733 2925,740
407 3830,733 3830,733 2925,740
408 3830,733 3830,733 2925,740
409 3830,733 3830,733 2925,740
410 3830,733 3830,733 2925,740
411 3830,733 3830,733 2925,740
412 3830,733 3830,733 2925,740
413 3830,733 3830,733 2925,740
414 3830,733 3830,733 2925,740
415 3830,733 3830,733 2925,740
416 3830,733 3830,733 2925,740
417 3830,733 3830,733 2925,740
418 3830,733 3830,733 2925,740
419 3830,733 3830,733 2925,740
420 3830,733 3830,733 2925,740
421 3830,733 3830,733 2925,740
422 3830,733 3830,733 2925,740
423 3830,733 3830,733 2925,740
424 3830,733 3830,733 2925,740
425 3830,733 3830,733 2925,740
426 3830,733 3830,733 2925,740
427 3830,733 3830,733 2925,740
428 3830,733 3830,733 2925,740
429 3830,733 3830,733 2925,740
430 3830,733 3830,733 2925,740
431 3830,733 3830,733 2925,740
432 3830,733 3830,733 2925,740
433 3830,733 3830,733 2925,740
434 3830,733 3830,733 2925,740
435 3830,733 3830,733 2925,740
436 3830,733 3830,733 2925,740
437 3830,733 3830,733 2925,740
438 3830,733 3830,733 2925,740
439 3830,733 3830,733 2925,740
440 4032,773 3830,733 2925,740
441 3830,733 3830,733 2925,740
442 3830,733 3830,733 2925,740
443 3830,733 3830,733 2925,740
444 3830,733 3830,733 2925,740
445 3830,733 3830,733 2925,740
446 3830,733 3830,733 2925,740
447 3830,733 3830,733 2925,740
448 3830,733 3830,733 2925,740
449 3830,733 3830,733 2925,740
450 3830,733 3830,733 2925,740
451 3830,733 3830,733 2925,740
452 3830,733 3830,733 2925,740
453 3830,733 3830,733 2925,740
454 3830,733 3830,733 2925,740
455 3830,733 3830,733 2925,740
456 3830,733 3830,733 2925,740
457 3830,733 3830,733 2925,740
458 3830,733 3830,733 2925,740
459 3830,733 3830,733 2925,740
460 3830,733 3830,733 2925,740
461 3830,733 3830,733 2925,740
462 3830,733 3830,733 2925,740
463 3830,733 3830,733 2925,740
464 3830,733 3830,733 2925,740
465 3830,733 3830,733 2925,740
466 3830,733 3830,733 2925,740
467 3830,733 3830,733 2925,740
468 3830,733 3830,733 2925,740
469 3830,733 3830,733 2925,740
470 3830,733 3830,733 2925,740
471 3830,733 3830,733 2925,740
472 3830,733 3830,733 2925,740
473 3830,733 3830,733 2925,740
474 5459,240 3830,733 2925,740
475 3830,733 3830,733 2925,740
476 3830,733 3830,733 2925,740
477 3830,733 3830,733 2925,740
478 3830,733 3830,733 2925,740
479 3830,733 3830,733 2925,740
480 3830,733 3830,733 2925,740
481 3830,733 3830,733 2925,740
482 3830,733 3830,733 2925,740
483 3830,733 3830,733 2925,740
484 3830,733 3830,733 2925,740
485 3830,733 3830,733 2925,740
486 3830,733 3830,733 2925,740
487 3830,733 3830,733 2925,740
488 3830,733 3830,733 2925,740
489 3830,733 3830,733 2925,740
490 3830,733 3830,733 2925,740
491 3830,733 3830,733 2925,740
492 3830,733 3830,733 2925,740
493 3830,733 3830,733 2925,740
494 3830,733 3830,733 2925,740
495 3830,733 3830,733 2925,740
496 3830,733 3830,733 2925,740
497 3830,733 3830,733 2925,740
498 3830,733 3830,733 2925,740
499 3830,733 3830,733 2925,740
500 3830,733 3830,733 2925,740
501 3830,733 3830,733 2925,740
502 3830,733 3830,733 2925,740
503 5252,671 3830,733 2925,740
504 3830,733 3830,733 2925,740
505 3830,733 3830,733 2925,740
506 3830,733 3830,733 2925,740
507 3830,733 3830,733 2925,740
508 3830,733 3830,733 2925,740
509 3830,733 3830,733 2925,740
510 3830,733 3830,733 2925,740
511 3830,733 3830,733 2925,740
512 3830,733 3830,733 2925,740
513 3830,733 3830,733 2925,740
514 3830,733 3830,733 2925,740
515 3830,733 3830,733 2925,740
516 3830,733 3830,733 2925,740
517 3830,733 3830,733 2925,740
518 3830,733 3830,733 2925,740
519 3830,733 3830,733 2925,740
520 3830,733 3830,733 2925,740
521 3830,733 3830,733 2925,740
522 3830,733 3830,733 2925,740
523 3830,733 3830,733 2925,740
524 3830,733 3830,733 2925,740
525 3830,733 3830,733 2925,740
526 3830,733 3830,733 2925,740
527 3830,733 3830,733 2925,740
528 3830,733 3830,733 2925,740
529 3830,733 3830,733 2925,740
530 3830,733 3830,733 2925,740
531 3830,733 3830,733 2925,740
532 3980,265 3830,733 2925,740
533 3830,733 3830,733 2925,740
534 3830,733 3830,733 2925,740
535 3830,733 3830,733 2925,740
536 3830,733 3830,733 2925,740
537 5423,262 3830,733 2925,740
538 3830,733 3830,733 2925,740
539 3830,733 3830,733 2925,740
540 3830,733 3830,733 2925,740
541 3830,733 3830,733 2925,740
542 3830,733 3830,733 2925,740
543 3830,733 3830,733 2925,740
544 3830,733 3830,733 2925,740
545 3830,733 3830,733 2925,740
546 3830,733 3830,733 2925,740
547 3830,733 3830,733 2925,740
548 3830,733 3830,733 2925,740
549 4124,611 3830,733 2925,740
550 3830,733 3830,733 2925,740
551 3830,733 3830,733 2925,740
552 3830,733 3830,733 2925,740
553 3830,733 3830,733 2925,740
554 3830,733 3830,733 2925,740
555 3830,733 3830,733 2925,740
556 3830,733 3830,733 2925,740
557 3830,733 3830,733 2925,740
558 3830,733 3830,733 2925,740
559 3830,733 3830,733 2925,740
560 3830,733 3830,733 2925,740
561 3830,733 3830,733 2925,740
562 3830,733 3830,733 2925,740
563 3830,733 3830,733 2925,740
564 3830,733 3830,733 2925,740
565 3830,733 3830,733 2925,740
566 3830,733 3830,733 2925,740
567 3830,733 3830,733 2925,740
568 3830,733 3830,733 2925,740
569 3830,733 3830,733 2925,740
570 3830,733 3830,733 2925,740
571 3830,733 3830,733 2925,740
572 3830,733 3830,733 2925,740
573 3830,733 3830,733 2925,740
574 3830,733 3830,733 2925,740
575 3830,733 3830,733 2925,740
576 3830,733 3830,733 2925,740
577 3830,733 3830,733 2925,740
578 3830,733 3830,733 2925,740
579 3830,733 3830,733 2925,740
580 3830,733 3830,733 2925,740
581 3830,733 3830,733 2925,740
582 3830,733 3830,733 2925,740
583 3830,733 3830,733 2925,740
584 3830,733 3830,733 2925,740
585 3830,733 3830,733 2925,740
586 3830,733 3830,733 2925,740
587 3830,733 3830,733 2925,740
588 3830,733 3830,733 2925,740
589 3830,733 3830,733 2925,740
590 3830,733 3830,733 2925,740
591 3830,733 3830,733 2925,740
592 3830,733 3830,733 2925,740
593 3830,733 3830,733 2925,740
594 3830,733 3830,733 2925,740
595 3830,733 3830,733 2925,740
596 3951,902 3830,733 2925,740
597 3830,733 3830,733 2925,740
598 3830,733 3830,733 2925,740
599 3830,733 3830,733 2925,740
600 3830,733 3830,733 2925,740
601 3830,733 3830,733 2925,740
602 3830,733 3830,733 2925,740
603 3830,733 3830,733 2925,740
604 3830,733 3830,733 2925,740
605 3830,733 3830,733 2925,740
606 3830,733 3830,733 2925,740
607 3830,733 3830,733 2925,740
608 3830,733 3830,733 2925,740
609 3830,733 3830,733 2925,740
610 3830,733 3830,733 2925,740
611 3830,733 3830,733 2925,740
612 3830,733 3830,733 2925,740
613 3830,733 3830,733 2925,740
614 3830,733 3830,733 2925,740
615 3830,733 3830,733 2925,740
616 3830,733 3830,733 2925,740
617 3830,733 3830,733 2925,740
618 3830,733 3830,733 2925,740
619 3830,733 3830,733 2925,740
620 3830,733 3830,733 2925,740
621 3830,733 3830,733 2925,740
622 3830,733 3830,733 2925,740
623 3830,733 3830,733 2925,740
624 3830,733 3830,733 2925,740
625 3830,733 3830,733 2925,740
626 3830,733 3830,733 2925,740
627 3830,733 3830,733 2925,740
628 3830,733 3830,733 2925,740
629 3830,733 3830,733 2925,740
630 3830,733 3830,733 2925,740
631 3830,733 3830,733 2925,740
632 3830,733 3830,733 2925,740
633 3830,733 3830,733 2925,740
634 3830,733 3830,733 2925,740
635 3830,733 3830,733 2925,740
636 3830,733 3830,733 2925,740
637 3830,733 3830,733 2925,740
638 3830,733 3830,733 2925,740
639 3830,733 3830,733 2925,740
640 3830,733 3830,733 2925,740
641 3830,733 3830,733 2925,740
642 3830,733 3830,733 2925,740
643 3830,733 3830,733 2925,740
644 3830,733 3830,733 2925,740
645 3830,733 3830,733 2925,740
646 3830,733 3830,733 2925,740
647 3830,733 3830,733 2925,740
648 3830,733 3830,733 2925,740
649 3830,733 3830,733 2925,740
650 3830,733 3830,733 2925,740
651 3830,733 3830,733 2925,740
652 3830,733 3830,733 2925,740
653 3830,733 3830,733 2925,740
654 3830,733 3830,733 2925,740
655 3830,733 3830,733 2925,740
656 3830,733 3830,733 2925,740
657 3830,733 3830,733 2925,740
658 3830,733 3830,733 2925,740
659 3830,733 3830,733 2925,740
660 3830,733 3830,733 2925,740
661 3830,733 3830,733 2925,740
662 4339,735 3830,733 2925,740
663 3830,733 3830,733 2925,740
664 3830,733 3830,733 2925,740
665 3830,733 3830,733 2925,740
666 3830,733 3830,733 2925,740
667 3830,733 3830,733 2925,740
668 3830,733 3830,733 2925,740
669 3830,733 3830,733 2925,740
670 3830,733 3830,733 2925,740
671 3830,733 3830,733 2925,740
672 3830,733 3830,733 2925,740
673 3830,733 3830,733 2925,740
674 3830,733 3830,733 2925,740
675 3830,733 3830,733 2925,740
676 3830,733 3830,733 2925,740
677 3830,733 3830,733 2925,740
678 3830,733 3830,733 2925,740
679 3830,733 3830,733 2925,740
680 3830,733 3830,733 2925,740
681 3830,733 3830,733 2925,740
682 3830,733 3830,733 2925,740
683 3830,733 3830,733 2925,740
684 3830,733 3830,733 2925,740
685 3830,733 3830,733 2925,740
686 3830,733 3830,733 2925,740
687 3830,733 3830,733 2925,740
688 3830,733 3830,733 2925,740
689 3830,733 3830,733 2925,740
690 3830,733 3830,733 2925,740
691 3830,733 3830,733 2925,740
692 3830,733 3830,733 2925,740
693 3830,733 3830,733 2925,740
694 3830,733 3830,733 2925,740
695 3830,733 3830,733 2925,740
696 3830,733 3830,733 2925,740
697 3830,733 3830,733 2925,740
698 3830,733 3830,733 2925,740
699 3830,733 3830,733 2925,740
700 3830,733 3830,733 2925,740
701 3830,733 3830,733 2925,740
702 3830,733 3830,733 2925,740
703 3830,733 3830,733 2925,740
704 3830,733 3830,733 2925,740
705 3830,733 3830,733 2925,740
706 3830,733 3830,733 2925,740
707 3830,733 3830,733 2925,740
708 4678,577 3830,733 2925,740
709 3830,733 3830,733 2925,740
710 3830,733 3830,733 2925,740
711 3830,733 3830,733 2925,740
712 4137,110 3830,733 2925,740
713 3830,733 3830,733 2925,740
714 3830,733 3830,733 2925,740
715 3830,733 3830,733 2925,740
716 3830,733 3830,733 2925,740
717 3830,733 3830,733 2925,740
718 3830,733 3830,733 2925,740
719 3830,733 3830,733 2925,740
720 3830,733 3830,733 2925,740
721 3830,733 3830,733 2925,740
722 3830,733 3830,733 2925,740
723 3830,733 3830,733 2925,740
724 3830,733 3830,733 2925,740
725 3830,733 3830,733 2925,740
726 3830,733 3830,733 2925,740
727 3830,733 3830,733 2925,740
728 3830,733 3830,733 2925,740
729 3830,733 3830,733 2925,740
730 3830,733 3830,733 2925,740
731 4662,927 3830,733 2925,740
732 3830,733 3830,733 2925,740
733 3830,733 3830,733 2925,740
734 3830,733 3830,733 2925,740
735 3830,733 3830,733 2925,740
736 3830,733 3830,733 2925,740
737 3830,733 3830,733 2925,740
738 3830,733 3830,733 2925,740
739 3830,733 3830,733 2925,740
740 5029,518 3830,733 2925,740
741 3830,733 3830,733 2925,740
742 3830,733 3830,733 2925,740
743 3830,733 3830,733 2925,740
744 3830,733 3830,733 2925,740
745 3830,733 3830,733 2925,740
746 3830,733 3830,733 2925,740
747 5025,833 3830,733 2925,740
748 3830,733 3830,733 2925,740
749 3830,733 3830,733 2925,740
750 3830,733 3830,733 2925,740
751 3830,733 3830,733 2925,740
752 3830,733 3830,733 2925,740
753 3830,733 3830,733 2925,740
754 3830,733 3830,733 2925,740
755 3830,733 3830,733 2925,740
756 4403,438 3830,733 2925,740
757 3830,733 3830,733 2925,740
758 3830,733 3830,733 2925,740
759 3830,733 3830,733 2925,740
760 3830,733 3830,733 2925,740
761 3830,733 3830,733 2925,740
762 3830,733 3830,733 2925,740
763 3830,733 3830,733 2925,740
764 3830,733 3830,733 2925,740
765 3830,733 3830,733 2925,740
766 3830,733 3830,733 2925,740
767 4955,538 3830,733 2925,740
768 3830,733 3830,733 2925,740
769 3972,288 3830,733 2925,740
770 3830,733 3830,733 2925,740
771 3830,733 3830,733 2925,740
772 3830,733 3830,733 2925,740
773 4265,807 3830,733 2925,740
774 3830,733 3830,733 2925,740
775 3830,733 3830,733 2925,740
776 3830,733 3830,733 2925,740
777 3830,733 3830,733 2925,740
778 3830,733 3830,733 2925,740
779 3830,733 3830,733 2925,740
780 3830,733 3830,733 2925,740
781 3830,733 3830,733 2925,740
782 3830,733 3830,733 2925,740
783 3830,733 3830,733 2925,740
784 3830,733 3830,733 2925,740
785 3830,733 3830,733 2925,740
786 3830,733 3830,733 2925,740
787 3830,733 3830,733 2925,740
788 3830,733 3830,733 2925,740
789 3830,733 3830,733 2925,740
790 3830,733 3830,733 2925,740
791 3830,733 3830,733 2925,740
792 3830,733 3830,733 2925,740
793 3830,733 3830,733 2925,740
794 3830,733 3830,733 2925,740
795 3830,733 3830,733 2925,740
796 3830,733 3830,733 2925,740
797 3830,733 3830,733 2925,740
798 3830,733 3830,733 2925,740
799 3830,733 3830,733 2925,740
800 3830,733 3830,733 2925,740
