nrOsobnika current best_current best_global
1 6609,008 5064,212 2792,366
2 5939,532 5064,212 2792,366
3 5921,819 5064,212 2792,366
4 5064,212 5064,212 2792,366
5 6889,383 5064,212 2792,366
6 7666,912 5064,212 2792,366
7 7369,498 5064,212 2792,366
8 5998,221 5064,212 2792,366
9 6702,494 5064,212 2792,366
10 6698,012 5064,212 2792,366
11 6229,013 5064,212 2792,366
12 6489,704 5064,212 2792,366
13 6768,294 5064,212 2792,366
14 6577,450 5064,212 2792,366
15 6644,942 5064,212 2792,366
16 5939,454 5064,212 2792,366
17 5552,442 5064,212 2792,366
18 6542,352 5064,212 2792,366
19 6560,849 5064,212 2792,366
20 6738,350 5064,212 2792,366
21 5064,212 5064,212 2792,366
22 5210,261 5064,212 2792,366
23 5339,922 5064,212 2792,366
24 5462,386 5064,212 2792,366
25 5552,442 5064,212 2792,366
26 5591,445 5064,212 2792,366
27 5870,928 5064,212 2792,366
28 5872,614 5064,212 2792,366
29 5921,819 5064,212 2792,366
30 5939,454 5064,212 2792,366
31 5939,532 5064,212 2792,366
32 5998,221 5064,212 2792,366
33 6070,862 5064,212 2792,366
34 6098,564 5064,212 2792,366
35 6167,722 5064,212 2792,366
36 6229,013 5064,212 2792,366
37 6257,429 5064,212 2792,366
38 6327,096 5064,212 2792,366
39 6489,704 5064,212 2792,366
40 6495,254 5064,212 2792,366
41 5064,212 4926,561 2792,366
42 5069,932 4926,561 2792,366
43 5210,261 4926,561 2792,366
44 5339,922 4926,561 2792,366
45 5343,424 4926,561 2792,366
46 5462,386 4926,561 2792,366
47 5543,667 4926,561 2792,366
48 5552,442 4926,561 2792,366
49 5591,445 4926,561 2792,366
50 6422,554 4926,561 2792,366
51 5809,350 4926,561 2792,366
52 5809,497 4926,561 2792,366
53 5868,516 4926,561 2792,366
54 5870,928 4926,561 2792,366
55 5871,414 4926,561 2792,366
56 5872,614 4926,561 2792,366
57 5877,880 4926,561 2792,366
58 5900,848 4926,561 2792,366
59 5921,819 4926,561 2792,366
60 5939,454 4926,561 2792,366
61 4926,561 4567,634 2792,366
62 5064,212 4567,634 2792,366
63 5069,932 4567,634 2792,366
64 5231,467 4567,634 2792,366
65 5207,027 4567,634 2792,366
66 5210,261 4567,634 2792,366
67 5339,922 4567,634 2792,366
68 5343,424 4567,634 2792,366
69 5438,493 4567,634 2792,366
70 5438,682 4567,634 2792,366
71 5455,848 4567,634 2792,366
72 5462,386 4567,634 2792,366
73 5481,072 4567,634 2792,366
74 5543,667 4567,634 2792,366
75 5552,442 4567,634 2792,366
76 5557,187 4567,634 2792,366
77 5924,531 4567,634 2792,366
78 5591,445 4567,634 2792,366
79 5617,676 4567,634 2792,366
80 5644,575 4567,634 2792,366
81 4567,634 4567,634 2792,366
82 4926,561 4567,634 2792,366
83 5064,212 4567,634 2792,366
84 5069,932 4567,634 2792,366
85 5129,288 4567,634 2792,366
86 5207,027 4567,634 2792,366
87 5210,261 4567,634 2792,366
88 5231,467 4567,634 2792,366
89 5307,524 4567,634 2792,366
90 5324,390 4567,634 2792,366
91 5339,922 4567,634 2792,366
92 5343,424 4567,634 2792,366
93 5438,493 4567,634 2792,366
94 5438,682 4567,634 2792,366
95 5455,848 4567,634 2792,366
96 5462,386 4567,634 2792,366
97 5481,072 4567,634 2792,366
98 5483,349 4567,634 2792,366
99 5502,738 4567,634 2792,366
100 5543,667 4567,634 2792,366
101 4567,634 4566,864 2792,366
102 4708,923 4566,864 2792,366
103 4926,561 4566,864 2792,366
104 5023,537 4566,864 2792,366
105 5064,212 4566,864 2792,366
106 5069,932 4566,864 2792,366
107 5129,288 4566,864 2792,366
108 5194,624 4566,864 2792,366
109 5207,027 4566,864 2792,366
110 5210,261 4566,864 2792,366
111 5231,467 4566,864 2792,366
112 5307,524 4566,864 2792,366
113 5324,390 4566,864 2792,366
114 5339,922 4566,864 2792,366
115 5343,424 4566,864 2792,366
116 5355,559 4566,864 2792,366
117 5438,493 4566,864 2792,366
118 5438,682 4566,864 2792,366
119 5445,034 4566,864 2792,366
120 5455,848 4566,864 2792,366
121 4566,864 3974,598 2792,366
122 4567,634 3974,598 2792,366
123 4708,923 3974,598 2792,366
124 4723,140 3974,598 2792,366
125 4731,845 3974,598 2792,366
126 4805,551 3974,598 2792,366
127 4926,561 3974,598 2792,366
128 4970,074 3974,598 2792,366
129 5023,537 3974,598 2792,366
130 5064,212 3974,598 2792,366
131 5069,932 3974,598 2792,366
132 6153,233 3974,598 2792,366
133 5129,288 3974,598 2792,366
134 5155,548 3974,598 2792,366
135 5194,624 3974,598 2792,366
136 5194,624 3974,598 2792,366
137 5207,027 3974,598 2792,366
138 5210,261 3974,598 2792,366
139 5231,467 3974,598 2792,366
140 5267,814 3974,598 2792,366
141 3974,598 3974,598 2792,366
142 4426,041 3974,598 2792,366
143 4566,864 3974,598 2792,366
144 4567,634 3974,598 2792,366
145 4423,724 3974,598 2792,366
146 4708,923 3974,598 2792,366
147 4713,092 3974,598 2792,366
148 4723,140 3974,598 2792,366
149 4731,845 3974,598 2792,366
150 4754,941 3974,598 2792,366
151 4805,551 3974,598 2792,366
152 4820,230 3974,598 2792,366
153 4862,443 3974,598 2792,366
154 4876,824 3974,598 2792,366
155 4926,561 3974,598 2792,366
156 4926,561 3974,598 2792,366
157 4937,319 3974,598 2792,366
158 4970,074 3974,598 2792,366
159 5023,537 3974,598 2792,366
160 5064,212 3974,598 2792,366
161 3974,598 3974,598 2792,366
162 4194,632 3974,598 2792,366
163 4341,804 3974,598 2792,366
164 4423,724 3974,598 2792,366
165 4426,041 3974,598 2792,366
166 4463,452 3974,598 2792,366
167 4522,960 3974,598 2792,366
168 4566,864 3974,598 2792,366
169 4567,634 3974,598 2792,366
170 4573,570 3974,598 2792,366
171 4708,923 3974,598 2792,366
172 4709,797 3974,598 2792,366
173 4713,092 3974,598 2792,366
174 4723,140 3974,598 2792,366
175 4731,845 3974,598 2792,366
176 4754,941 3974,598 2792,366
177 4785,742 3974,598 2792,366
178 4805,551 3974,598 2792,366
179 4811,833 3974,598 2792,366
180 4820,230 3974,598 2792,366
181 3974,598 3711,427 2792,366
182 4194,632 3711,427 2792,366
183 4225,983 3711,427 2792,366
184 4341,804 3711,427 2792,366
185 4359,462 3711,427 2792,366
186 4362,415 3711,427 2792,366
187 4423,724 3711,427 2792,366
188 4426,041 3711,427 2792,366
189 4463,452 3711,427 2792,366
190 4510,636 3711,427 2792,366
191 4522,960 3711,427 2792,366
192 4566,864 3711,427 2792,366
193 4567,634 3711,427 2792,366
194 4573,570 3711,427 2792,366
195 4708,923 3711,427 2792,366
196 4709,797 3711,427 2792,366
197 4713,092 3711,427 2792,366
198 4716,058 3711,427 2792,366
199 4723,140 3711,427 2792,366
200 4731,845 3711,427 2792,366
201 3711,427 3711,427 2792,366
202 3974,598 3711,427 2792,366
203 3989,544 3711,427 2792,366
204 4175,956 3711,427 2792,366
205 4180,634 3711,427 2792,366
206 4194,632 3711,427 2792,366
207 4225,983 3711,427 2792,366
208 4310,971 3711,427 2792,366
209 4333,116 3711,427 2792,366
210 4339,548 3711,427 2792,366
211 4341,804 3711,427 2792,366
212 4359,462 3711,427 2792,366
213 4362,415 3711,427 2792,366
214 4423,724 3711,427 2792,366
215 4426,041 3711,427 2792,366
216 4463,452 3711,427 2792,366
217 4510,636 3711,427 2792,366
218 4522,960 3711,427 2792,366
219 4562,328 3711,427 2792,366
220 4566,864 3711,427 2792,366
221 3711,427 3711,427 2792,366
222 3711,427 3711,427 2792,366
223 3974,598 3711,427 2792,366
224 3989,544 3711,427 2792,366
225 3989,544 3711,427 2792,366
226 4040,650 3711,427 2792,366
227 4073,482 3711,427 2792,366
228 4175,956 3711,427 2792,366
229 4180,634 3711,427 2792,366
230 4194,632 3711,427 2792,366
231 4194,632 3711,427 2792,366
232 4201,587 3711,427 2792,366
233 4225,825 3711,427 2792,366
234 4629,173 3711,427 2792,366
235 4255,200 3711,427 2792,366
236 4272,518 3711,427 2792,366
237 4310,971 3711,427 2792,366
238 4313,252 3711,427 2792,366
239 4326,327 3711,427 2792,366
240 4333,116 3711,427 2792,366
241 3711,427 3556,689 2792,366
242 3711,427 3556,689 2792,366
243 3773,398 3556,689 2792,366
244 3776,832 3556,689 2792,366
245 3817,610 3556,689 2792,366
246 3866,379 3556,689 2792,366
247 3974,598 3556,689 2792,366
248 3989,544 3556,689 2792,366
249 3989,544 3556,689 2792,366
250 4005,221 3556,689 2792,366
251 4007,500 3556,689 2792,366
252 4040,650 3556,689 2792,366
253 4073,482 3556,689 2792,366
254 4083,482 3556,689 2792,366
255 4104,020 3556,689 2792,366
256 4142,960 3556,689 2792,366
257 4157,788 3556,689 2792,366
258 4173,699 3556,689 2792,366
259 4175,956 3556,689 2792,366
260 4180,634 3556,689 2792,366
261 3556,689 3556,689 2792,366
262 3711,427 3556,689 2792,366
263 3711,427 3556,689 2792,366
264 4878,243 3556,689 2792,366
265 3776,832 3556,689 2792,366
266 3817,610 3556,689 2792,366
267 3866,379 3556,689 2792,366
268 3937,122 3556,689 2792,366
269 3974,598 3556,689 2792,366
270 3989,544 3556,689 2792,366
271 3989,544 3556,689 2792,366
272 4005,221 3556,689 2792,366
273 4007,500 3556,689 2792,366
274 4040,463 3556,689 2792,366
275 4040,650 3556,689 2792,366
276 4073,482 3556,689 2792,366
277 4083,482 3556,689 2792,366
278 4104,020 3556,689 2792,366
279 4142,960 3556,689 2792,366
280 4157,788 3556,689 2792,366
281 3556,689 3556,689 2792,366
282 3660,882 3556,689 2792,366
283 3711,427 3556,689 2792,366
284 3711,427 3556,689 2792,366
285 3711,427 3556,689 2792,366
286 3773,398 3556,689 2792,366
287 3776,832 3556,689 2792,366
288 3817,610 3556,689 2792,366
289 3817,610 3556,689 2792,366
290 3817,610 3556,689 2792,366
291 3817,610 3556,689 2792,366
292 3866,379 3556,689 2792,366
293 3866,379 3556,689 2792,366
294 3937,122 3556,689 2792,366
295 3974,598 3556,689 2792,366
296 3989,544 3556,689 2792,366
297 3989,544 3556,689 2792,366
298 4005,221 3556,689 2792,366
299 5110,972 3556,689 2792,366
300 4021,560 3556,689 2792,366
301 3556,689 3419,493 2792,366
302 3600,387 3419,493 2792,366
303 3660,882 3419,493 2792,366
304 3660,882 3419,493 2792,366
305 3711,427 3419,493 2792,366
306 3711,427 3419,493 2792,366
307 3711,427 3419,493 2792,366
308 3711,427 3419,493 2792,366
309 3711,427 3419,493 2792,366
310 3711,427 3419,493 2792,366
311 3711,427 3419,493 2792,366
312 3711,427 3419,493 2792,366
313 3711,427 3419,493 2792,366
314 3714,510 3419,493 2792,366
315 3760,576 3419,493 2792,366
316 3773,398 3419,493 2792,366
317 3773,398 3419,493 2792,366
318 3776,832 3419,493 2792,366
319 3817,610 3419,493 2792,366
320 3817,610 3419,493 2792,366
321 4919,910 3556,689 2792,366
322 3556,689 3556,689 2792,366
323 3600,387 3556,689 2792,366
324 3660,882 3556,689 2792,366
325 3660,882 3556,689 2792,366
326 3660,882 3556,689 2792,366
327 3660,882 3556,689 2792,366
328 3660,882 3556,689 2792,366
329 3711,427 3556,689 2792,366
330 3711,427 3556,689 2792,366
331 3711,427 3556,689 2792,366
332 3711,427 3556,689 2792,366
333 3711,427 3556,689 2792,366
334 3711,427 3556,689 2792,366
335 3711,427 3556,689 2792,366
336 3711,427 3556,689 2792,366
337 3711,427 3556,689 2792,366
338 3711,427 3556,689 2792,366
339 3711,427 3556,689 2792,366
340 3711,427 3556,689 2792,366
341 3556,689 3419,493 2792,366
342 3556,689 3419,493 2792,366
343 3600,387 3419,493 2792,366
344 3616,048 3419,493 2792,366
345 3660,882 3419,493 2792,366
346 4066,369 3419,493 2792,366
347 3660,882 3419,493 2792,366
348 3660,882 3419,493 2792,366
349 3660,882 3419,493 2792,366
350 3660,882 3419,493 2792,366
351 3660,882 3419,493 2792,366
352 3660,882 3419,493 2792,366
353 3660,882 3419,493 2792,366
354 3660,882 3419,493 2792,366
355 3660,882 3419,493 2792,366
356 4761,022 3419,493 2792,366
357 3711,427 3419,493 2792,366
358 3711,427 3419,493 2792,366
359 3711,427 3419,493 2792,366
360 4418,498 3419,493 2792,366
361 3419,493 3357,947 2792,366
362 3463,191 3357,947 2792,366
363 3556,689 3357,947 2792,366
364 3556,689 3357,947 2792,366
365 3556,689 3357,947 2792,366
366 3572,350 3357,947 2792,366
367 3600,387 3357,947 2792,366
368 3616,048 3357,947 2792,366
369 3660,882 3357,947 2792,366
370 3660,882 3357,947 2792,366
371 3660,882 3357,947 2792,366
372 3660,882 3357,947 2792,366
373 3660,882 3357,947 2792,366
374 3660,882 3357,947 2792,366
375 3660,882 3357,947 2792,366
376 3660,882 3357,947 2792,366
377 3660,882 3357,947 2792,366
378 3660,882 3357,947 2792,366
379 3660,882 3357,947 2792,366
380 3660,882 3357,947 2792,366
381 3357,947 3357,947 2792,366
382 3419,493 3357,947 2792,366
383 3419,493 3357,947 2792,366
384 3463,191 3357,947 2792,366
385 3535,870 3357,947 2792,366
386 3535,870 3357,947 2792,366
387 3556,689 3357,947 2792,366
388 3556,689 3357,947 2792,366
389 3556,689 3357,947 2792,366
390 3556,689 3357,947 2792,366
391 3556,689 3357,947 2792,366
392 3556,689 3357,947 2792,366
393 3566,378 3357,947 2792,366
394 3566,378 3357,947 2792,366
395 3572,350 3357,947 2792,366
396 3572,350 3357,947 2792,366
397 3572,350 3357,947 2792,366
398 3600,387 3357,947 2792,366
399 3616,048 3357,947 2792,366
400 3616,048 3357,947 2792,366
401 3357,947 3288,573 2792,366
402 3419,493 3288,573 2792,366
403 3419,493 3288,573 2792,366
404 3419,493 3288,573 2792,366
405 3441,430 3288,573 2792,366
406 3463,191 3288,573 2792,366
407 3488,867 3288,573 2792,366
408 3532,565 3288,573 2792,366
409 3535,870 3288,573 2792,366
410 3535,870 3288,573 2792,366
411 3556,689 3288,573 2792,366
412 3556,689 3288,573 2792,366
413 3556,689 3288,573 2792,366
414 3556,689 3288,573 2792,366
415 3556,689 3288,573 2792,366
416 3556,689 3288,573 2792,366
417 3556,689 3288,573 2792,366
418 3556,689 3288,573 2792,366
419 3556,689 3288,573 2792,366
420 3556,689 3288,573 2792,366
421 3288,573 3288,573 2792,366
422 3357,947 3288,573 2792,366
423 3419,493 3288,573 2792,366
424 3419,493 3288,573 2792,366
425 4833,499 3288,573 2792,366
426 3419,493 3288,573 2792,366
427 3419,493 3288,573 2792,366
428 3419,493 3288,573 2792,366
429 3419,493 3288,573 2792,366
430 3419,493 3288,573 2792,366
431 3419,493 3288,573 2792,366
432 3441,430 3288,573 2792,366
433 3441,430 3288,573 2792,366
434 3463,191 3288,573 2792,366
435 3488,867 3288,573 2792,366
436 3488,867 3288,573 2792,366
437 3488,867 3288,573 2792,366
438 3488,867 3288,573 2792,366
439 4634,672 3288,573 2792,366
440 3532,565 3288,573 2792,366
441 3288,573 3288,573 2792,366
442 3288,573 3288,573 2792,366
443 3357,947 3288,573 2792,366
444 3357,947 3288,573 2792,366
445 3419,493 3288,573 2792,366
446 3419,493 3288,573 2792,366
447 3419,493 3288,573 2792,366
448 3419,493 3288,573 2792,366
449 3419,493 3288,573 2792,366
450 3419,493 3288,573 2792,366
451 3419,493 3288,573 2792,366
452 3419,493 3288,573 2792,366
453 3419,493 3288,573 2792,366
454 3419,493 3288,573 2792,366
455 3419,493 3288,573 2792,366
456 3419,493 3288,573 2792,366
457 3419,493 3288,573 2792,366
458 3419,493 3288,573 2792,366
459 3419,493 3288,573 2792,366
460 3419,493 3288,573 2792,366
461 3288,573 3288,573 2792,366
462 3288,573 3288,573 2792,366
463 3288,573 3288,573 2792,366
464 3288,573 3288,573 2792,366
465 3288,573 3288,573 2792,366
466 3288,573 3288,573 2792,366
467 3357,947 3288,573 2792,366
468 3357,947 3288,573 2792,366
469 3357,947 3288,573 2792,366
470 3419,493 3288,573 2792,366
471 3419,493 3288,573 2792,366
472 3419,493 3288,573 2792,366
473 3419,493 3288,573 2792,366
474 3419,493 3288,573 2792,366
475 3419,493 3288,573 2792,366
476 5478,017 3288,573 2792,366
477 3419,493 3288,573 2792,366
478 3419,493 3288,573 2792,366
479 3419,493 3288,573 2792,366
480 3419,493 3288,573 2792,366
481 3288,573 3288,573 2792,366
482 3288,573 3288,573 2792,366
483 3288,573 3288,573 2792,366
484 3288,573 3288,573 2792,366
485 3288,573 3288,573 2792,366
486 3288,573 3288,573 2792,366
487 3288,573 3288,573 2792,366
488 3288,573 3288,573 2792,366
489 3288,573 3288,573 2792,366
490 3288,573 3288,573 2792,366
491 3288,573 3288,573 2792,366
492 3288,573 3288,573 2792,366
493 3288,573 3288,573 2792,366
494 3288,573 3288,573 2792,366
495 3288,573 3288,573 2792,366
496 3288,573 3288,573 2792,366
497 3288,573 3288,573 2792,366
498 3288,573 3288,573 2792,366
499 3288,573 3288,573 2792,366
500 3357,947 3288,573 2792,366
501 3288,573 3288,573 2792,366
502 3288,573 3288,573 2792,366
503 3288,573 3288,573 2792,366
504 3288,573 3288,573 2792,366
505 3288,573 3288,573 2792,366
506 3288,573 3288,573 2792,366
507 5428,775 3288,573 2792,366
508 3288,573 3288,573 2792,366
509 3288,573 3288,573 2792,366
510 3288,573 3288,573 2792,366
511 3288,573 3288,573 2792,366
512 3288,573 3288,573 2792,366
513 3288,573 3288,573 2792,366
514 3288,573 3288,573 2792,366
515 3288,573 3288,573 2792,366
516 3288,573 3288,573 2792,366
517 5744,369 3288,573 2792,366
518 3288,573 3288,573 2792,366
519 3288,573 3288,573 2792,366
520 3288,573 3288,573 2792,366
521 3288,573 3288,573 2792,366
522 4192,877 3288,573 2792,366
523 3288,573 3288,573 2792,366
524 3288,573 3288,573 2792,366
525 3288,573 3288,573 2792,366
526 3288,573 3288,573 2792,366
527 3288,573 3288,573 2792,366
528 3288,573 3288,573 2792,366
529 3288,573 3288,573 2792,366
530 3288,573 3288,573 2792,366
531 3288,573 3288,573 2792,366
532 3288,573 3288,573 2792,366
533 3288,573 3288,573 2792,366
534 5320,653 3288,573 2792,366
535 3288,573 3288,573 2792,366
536 5434,231 3288,573 2792,366
537 3288,573 3288,573 2792,366
538 3288,573 3288,573 2792,366
539 3288,573 3288,573 2792,366
540 3288,573 3288,573 2792,366
541 3288,573 3288,573 2792,366
542 3288,573 3288,573 2792,366
543 3288,573 3288,573 2792,366
544 3288,573 3288,573 2792,366
545 5083,977 3288,573 2792,366
546 3288,573 3288,573 2792,366
547 3288,573 3288,573 2792,366
548 3288,573 3288,573 2792,366
549 3288,573 3288,573 2792,366
550 3288,573 3288,573 2792,366
551 3288,573 3288,573 2792,366
552 3288,573 3288,573 2792,366
553 3288,573 3288,573 2792,366
554 3288,573 3288,573 2792,366
555 3288,573 3288,573 2792,366
556 3288,573 3288,573 2792,366
557 3288,573 3288,573 2792,366
558 3288,573 3288,573 2792,366
559 3288,573 3288,573 2792,366
560 3288,573 3288,573 2792,366
561 4788,990 3288,573 2792,366
562 5911,562 3288,573 2792,366
563 3288,573 3288,573 2792,366
564 3288,573 3288,573 2792,366
565 3288,573 3288,573 2792,366
566 3288,573 3288,573 2792,366
567 3288,573 3288,573 2792,366
568 3288,573 3288,573 2792,366
569 3288,573 3288,573 2792,366
570 3288,573 3288,573 2792,366
571 3288,573 3288,573 2792,366
572 3288,573 3288,573 2792,366
573 3288,573 3288,573 2792,366
574 3288,573 3288,573 2792,366
575 3288,573 3288,573 2792,366
576 3288,573 3288,573 2792,366
577 3288,573 3288,573 2792,366
578 3288,573 3288,573 2792,366
579 3288,573 3288,573 2792,366
580 3288,573 3288,573 2792,366
581 3288,573 3288,573 2792,366
582 3288,573 3288,573 2792,366
583 3288,573 3288,573 2792,366
584 3288,573 3288,573 2792,366
585 3288,573 3288,573 2792,366
586 3288,573 3288,573 2792,366
587 3288,573 3288,573 2792,366
588 3288,573 3288,573 2792,366
589 3288,573 3288,573 2792,366
590 3288,573 3288,573 2792,366
591 3288,573 3288,573 2792,366
592 3288,573 3288,573 2792,366
593 3288,573 3288,573 2792,366
594 3288,573 3288,573 2792,366
595 3288,573 3288,573 2792,366
596 3288,573 3288,573 2792,366
597 3288,573 3288,573 2792,366
598 3288,573 3288,573 2792,366
599 3288,573 3288,573 2792,366
600 3288,573 3288,573 2792,366
601 3288,573 3288,573 2792,366
602 3288,573 3288,573 2792,366
603 3288,573 3288,573 2792,366
604 3288,573 3288,573 2792,366
605 3288,573 3288,573 2792,366
606 3288,573 3288,573 2792,366
607 3288,573 3288,573 2792,366
608 3288,573 3288,573 2792,366
609 3288,573 3288,573 2792,366
610 3288,573 3288,573 2792,366
611 3288,573 3288,573 2792,366
612 3288,573 3288,573 2792,366
613 3288,573 3288,573 2792,366
614 3288,573 3288,573 2792,366
615 3288,573 3288,573 2792,366
616 3288,573 3288,573 2792,366
617 5062,736 3288,573 2792,366
618 3288,573 3288,573 2792,366
619 3288,573 3288,573 2792,366
620 3288,573 3288,573 2792,366
621 3288,573 3288,573 2792,366
622 3288,573 3288,573 2792,366
623 3288,573 3288,573 2792,366
624 3288,573 3288,573 2792,366
625 3288,573 3288,573 2792,366
626 3288,573 3288,573 2792,366
627 3288,573 3288,573 2792,366
628 3288,573 3288,573 2792,366
629 3288,573 3288,573 2792,366
630 3288,573 3288,573 2792,366
631 3288,573 3288,573 2792,366
632 3288,573 3288,573 2792,366
633 3288,573 3288,573 2792,366
634 3288,573 3288,573 2792,366
635 3288,573 3288,573 2792,366
636 3288,573 3288,573 2792,366
637 3288,573 3288,573 2792,366
638 3288,573 3288,573 2792,366
639 3288,573 3288,573 2792,366
640 3611,428 3288,573 2792,366
641 3288,573 3288,573 2792,366
642 3288,573 3288,573 2792,366
643 3288,573 3288,573 2792,366
644 3288,573 3288,573 2792,366
645 3288,573 3288,573 2792,366
646 3288,573 3288,573 2792,366
647 3288,573 3288,573 2792,366
648 3288,573 3288,573 2792,366
649 4040,837 3288,573 2792,366
650 3288,573 3288,573 2792,366
651 3288,573 3288,573 2792,366
652 3288,573 3288,573 2792,366
653 3288,573 3288,573 2792,366
654 3288,573 3288,573 2792,366
655 3288,573 3288,573 2792,366
656 3288,573 3288,573 2792,366
657 3288,573 3288,573 2792,366
658 3288,573 3288,573 2792,366
659 3288,573 3288,573 2792,366
660 3288,573 3288,573 2792,366
661 4165,122 3288,573 2792,366
662 3288,573 3288,573 2792,366
663 3288,573 3288,573 2792,366
664 3288,573 3288,573 2792,366
665 3288,573 3288,573 2792,366
666 3288,573 3288,573 2792,366
667 3288,573 3288,573 2792,366
668 3288,573 3288,573 2792,366
669 3288,573 3288,573 2792,366
670 3288,573 3288,573 2792,366
671 3288,573 3288,573 2792,366
672 3288,573 3288,573 2792,366
673 3288,573 3288,573 2792,366
674 3288,573 3288,573 2792,366
675 3288,573 3288,573 2792,366
676 3288,573 3288,573 2792,366
677 3288,573 3288,573 2792,366
678 3288,573 3288,573 2792,366
679 3288,573 3288,573 2792,366
680 3288,573 3288,573 2792,366
681 3288,573 3288,573 2792,366
682 3288,573 3288,573 2792,366
683 3288,573 3288,573 2792,366
684 3288,573 3288,573 2792,366
685 3288,573 3288,573 2792,366
686 3288,573 3288,573 2792,366
687 3288,573 3288,573 2792,366
688 3288,573 3288,573 2792,366
689 3288,573 3288,573 2792,366
690 3288,573 3288,573 2792,366
691 3288,573 3288,573 2792,366
692 3288,573 3288,573 2792,366
693 3288,573 3288,573 2792,366
694 3288,573 3288,573 2792,366
695 3288,573 3288,573 2792,366
696 3288,573 3288,573 2792,366
697 3288,573 3288,573 2792,366
698 3288,573 3288,573 2792,366
699 3288,573 3288,573 2792,366
700 3288,573 3288,573 2792,366
701 3288,573 3288,573 2792,366
702 3288,573 3288,573 2792,366
703 3288,573 3288,573 2792,366
704 3288,573 3288,573 2792,366
705 3288,573 3288,573 2792,366
706 5414,623 3288,573 2792,366
707 3288,573 3288,573 2792,366
708 3288,573 3288,573 2792,366
709 3288,573 3288,573 2792,366
710 3288,573 3288,573 2792,366
711 3288,573 3288,573 2792,366
712 3288,573 3288,573 2792,366
713 3288,573 3288,573 2792,366
714 3288,573 3288,573 2792,366
715 3288,573 3288,573 2792,366
716 3288,573 3288,573 2792,366
717 3288,573 3288,573 2792,366
718 3288,573 3288,573 2792,366
719 3288,573 3288,573 2792,366
720 3288,573 3288,573 2792,366
721 3288,573 3288,573 2792,366
722 3288,573 3288,573 2792,366
723 3288,573 3288,573 2792,366
724 3288,573 3288,573 2792,366
725 3288,573 3288,573 2792,366
726 3288,573 3288,573 2792,366
727 3288,573 3288,573 2792,366
728 3862,075 3288,573 2792,366
729 3288,573 3288,573 2792,366
730 3288,573 3288,573 2792,366
731 3810,980 3288,573 2792,366
732 3288,573 3288,573 2792,366
733 3288,573 3288,573 2792,366
734 3288,573 3288,573 2792,366
735 3288,573 3288,573 2792,366
736 3288,573 3288,573 2792,366
737 3288,573 3288,573 2792,366
738 3288,573 3288,573 2792,366
739 3288,573 3288,573 2792,366
740 4496,550 3288,573 2792,366
741 3288,573 3288,573 2792,366
742 3288,573 3288,573 2792,366
743 3288,573 3288,573 2792,366
744 3288,573 3288,573 2792,366
745 3288,573 3288,573 2792,366
746 3288,573 3288,573 2792,366
747 3288,573 3288,573 2792,366
748 3288,573 3288,573 2792,366
749 3288,573 3288,573 2792,366
750 3288,573 3288,573 2792,366
751 3288,573 3288,573 2792,366
752 3288,573 3288,573 2792,366
753 3288,573 3288,573 2792,366
754 3288,573 3288,573 2792,366
755 3288,573 3288,573 2792,366
756 3288,573 3288,573 2792,366
757 3288,573 3288,573 2792,366
758 3288,573 3288,573 2792,366
759 3288,573 3288,573 2792,366
760 3288,573 3288,573 2792,366
761 3288,573 3288,573 2792,366
762 3288,573 3288,573 2792,366
763 3288,573 3288,573 2792,366
764 3288,573 3288,573 2792,366
765 3288,573 3288,573 2792,366
766 3288,573 3288,573 2792,366
767 3288,573 3288,573 2792,366
768 3288,573 3288,573 2792,366
769 3288,573 3288,573 2792,366
770 3288,573 3288,573 2792,366
771 3288,573 3288,573 2792,366
772 3288,573 3288,573 2792,366
773 4072,225 3288,573 2792,366
774 3288,573 3288,573 2792,366
775 3288,573 3288,573 2792,366
776 3288,573 3288,573 2792,366
777 3288,573 3288,573 2792,366
778 3288,573 3288,573 2792,366
779 3288,573 3288,573 2792,366
780 3288,573 3288,573 2792,366
781 3288,573 3288,573 2792,366
782 3288,573 3288,573 2792,366
783 3288,573 3288,573 2792,366
784 3288,573 3288,573 2792,366
785 3288,573 3288,573 2792,366
786 3288,573 3288,573 2792,366
787 3288,573 3288,573 2792,366
788 3288,573 3288,573 2792,366
789 3288,573 3288,573 2792,366
790 3808,785 3288,573 2792,366
791 3288,573 3288,573 2792,366
792 3288,573 3288,573 2792,366
793 3288,573 3288,573 2792,366
794 3288,573 3288,573 2792,366
795 3288,573 3288,573 2792,366
796 3288,573 3288,573 2792,366
797 3288,573 3288,573 2792,366
798 3288,573 3288,573 2792,366
799 3288,573 3288,573 2792,366
800 3288,573 3288,573 2792,366
