nrOsobnika current best_current best_global
1 6913,552 4961,303 3108,605
2 6844,746 4961,303 3108,605
3 6068,033 4961,303 3108,605
4 6451,999 4961,303 3108,605
5 6238,743 4961,303 3108,605
6 6817,075 4961,303 3108,605
7 6578,516 4961,303 3108,605
8 6386,380 4961,303 3108,605
9 5858,557 4961,303 3108,605
10 5800,615 4961,303 3108,605
11 5934,798 4961,303 3108,605
12 7679,339 4961,303 3108,605
13 6530,268 4961,303 3108,605
14 5631,503 4961,303 3108,605
15 5529,163 4961,303 3108,605
16 7181,461 4961,303 3108,605
17 5719,590 4961,303 3108,605
18 6370,143 4961,303 3108,605
19 4961,303 4961,303 3108,605
20 6027,838 4961,303 3108,605
21 4961,303 4961,303 3108,605
22 5529,163 4961,303 3108,605
23 5585,823 4961,303 3108,605
24 5631,503 4961,303 3108,605
25 5661,473 4961,303 3108,605
26 5719,590 4961,303 3108,605
27 5800,615 4961,303 3108,605
28 5858,557 4961,303 3108,605
29 5932,323 4961,303 3108,605
30 5934,798 4961,303 3108,605
31 6027,838 4961,303 3108,605
32 6043,769 4961,303 3108,605
33 6068,033 4961,303 3108,605
34 6070,748 4961,303 3108,605
35 6183,865 4961,303 3108,605
36 6186,872 4961,303 3108,605
37 6198,574 4961,303 3108,605
38 6221,613 4961,303 3108,605
39 6236,749 4961,303 3108,605
40 6238,743 4961,303 3108,605
41 4961,303 4961,303 3108,605
42 5167,336 4961,303 3108,605
43 5387,416 4961,303 3108,605
44 5529,163 4961,303 3108,605
45 5563,398 4961,303 3108,605
46 5585,823 4961,303 3108,605
47 5613,975 4961,303 3108,605
48 5631,503 4961,303 3108,605
49 5661,473 4961,303 3108,605
50 5681,504 4961,303 3108,605
51 5719,590 4961,303 3108,605
52 5800,615 4961,303 3108,605
53 5804,673 4961,303 3108,605
54 5820,261 4961,303 3108,605
55 5858,557 4961,303 3108,605
56 5905,381 4961,303 3108,605
57 5932,008 4961,303 3108,605
58 5932,323 4961,303 3108,605
59 5934,798 4961,303 3108,605
60 5957,955 4961,303 3108,605
61 4961,303 4925,491 3108,605
62 5167,336 4925,491 3108,605
63 5337,566 4925,491 3108,605
64 5387,416 4925,491 3108,605
65 5438,120 4925,491 3108,605
66 5447,487 4925,491 3108,605
67 5485,762 4925,491 3108,605
68 5516,666 4925,491 3108,605
69 5529,163 4925,491 3108,605
70 5562,568 4925,491 3108,605
71 5563,398 4925,491 3108,605
72 5585,823 4925,491 3108,605
73 5592,827 4925,491 3108,605
74 5613,975 4925,491 3108,605
75 5948,508 4925,491 3108,605
76 5658,181 4925,491 3108,605
77 5660,396 4925,491 3108,605
78 5661,473 4925,491 3108,605
79 5674,383 4925,491 3108,605
80 5681,504 4925,491 3108,605
81 4925,491 4847,808 3108,605
82 4960,322 4847,808 3108,605
83 4961,303 4847,808 3108,605
84 5052,747 4847,808 3108,605
85 5167,336 4847,808 3108,605
86 5178,356 4847,808 3108,605
87 5209,127 4847,808 3108,605
88 5264,331 4847,808 3108,605
89 5337,566 4847,808 3108,605
90 5387,416 4847,808 3108,605
91 5472,427 4847,808 3108,605
92 5447,487 4847,808 3108,605
93 5485,762 4847,808 3108,605
94 5503,565 4847,808 3108,605
95 5516,666 4847,808 3108,605
96 5516,666 4847,808 3108,605
97 5525,932 4847,808 3108,605
98 5529,163 4847,808 3108,605
99 5544,276 4847,808 3108,605
100 5562,568 4847,808 3108,605
101 4847,808 4840,556 3108,605
102 4925,491 4840,556 3108,605
103 4960,322 4840,556 3108,605
104 4961,303 4840,556 3108,605
105 5006,384 4840,556 3108,605
106 5042,607 4840,556 3108,605
107 5052,747 4840,556 3108,605
108 5167,336 4840,556 3108,605
109 5178,356 4840,556 3108,605
110 5209,127 4840,556 3108,605
111 5249,714 4840,556 3108,605
112 5264,331 4840,556 3108,605
113 5308,040 4840,556 3108,605
114 5337,566 4840,556 3108,605
115 5352,078 4840,556 3108,605
116 5387,416 4840,556 3108,605
117 5442,649 4840,556 3108,605
118 5447,487 4840,556 3108,605
119 5472,427 4840,556 3108,605
120 5485,762 4840,556 3108,605
121 4840,556 4542,081 3108,605
122 4847,808 4542,081 3108,605
123 4869,863 4542,081 3108,605
124 4925,491 4542,081 3108,605
125 4960,322 4542,081 3108,605
126 4961,303 4542,081 3108,605
127 4988,020 4542,081 3108,605
128 4994,292 4542,081 3108,605
129 5006,384 4542,081 3108,605
130 5042,607 4542,081 3108,605
131 5042,607 4542,081 3108,605
132 5052,747 4542,081 3108,605
133 5167,336 4542,081 3108,605
134 5178,356 4542,081 3108,605
135 5202,773 4542,081 3108,605
136 5202,773 4542,081 3108,605
137 5209,127 4542,081 3108,605
138 5222,616 4542,081 3108,605
139 5231,942 4542,081 3108,605
140 5249,714 4542,081 3108,605
141 4542,081 4476,112 3108,605
142 4664,470 4476,112 3108,605
143 4678,980 4476,112 3108,605
144 4729,060 4476,112 3108,605
145 4840,556 4476,112 3108,605
146 4845,503 4476,112 3108,605
147 4846,305 4476,112 3108,605
148 4847,808 4476,112 3108,605
149 4852,583 4476,112 3108,605
150 4869,863 4476,112 3108,605
151 4874,206 4476,112 3108,605
152 4906,211 4476,112 3108,605
153 4925,491 4476,112 3108,605
154 4960,322 4476,112 3108,605
155 4961,303 4476,112 3108,605
156 4988,020 4476,112 3108,605
157 4994,292 4476,112 3108,605
158 5006,384 4476,112 3108,605
159 5042,607 4476,112 3108,605
160 5042,607 4476,112 3108,605
161 4476,112 4476,112 3108,605
162 4486,908 4476,112 3108,605
163 4542,081 4476,112 3108,605
164 4579,523 4476,112 3108,605
165 4664,470 4476,112 3108,605
166 4678,980 4476,112 3108,605
167 4729,060 4476,112 3108,605
168 4729,060 4476,112 3108,605
169 4731,582 4476,112 3108,605
170 4751,229 4476,112 3108,605
171 4804,132 4476,112 3108,605
172 4840,556 4476,112 3108,605
173 4840,556 4476,112 3108,605
174 4845,503 4476,112 3108,605
175 4845,503 4476,112 3108,605
176 4846,305 4476,112 3108,605
177 4847,808 4476,112 3108,605
178 4852,583 4476,112 3108,605
179 4852,583 4476,112 3108,605
180 4869,863 4476,112 3108,605
181 4476,112 4019,645 3108,605
182 4486,908 4019,645 3108,605
183 4523,461 4019,645 3108,605
184 4528,039 4019,645 3108,605
185 4542,081 4019,645 3108,605
186 5542,326 4019,645 3108,605
187 4618,969 4019,645 3108,605
188 4659,896 4019,645 3108,605
189 4663,131 4019,645 3108,605
190 4664,470 4019,645 3108,605
191 4678,980 4019,645 3108,605
192 4686,918 4019,645 3108,605
193 4708,016 4019,645 3108,605
194 4722,784 4019,645 3108,605
195 4729,060 4019,645 3108,605
196 4729,060 4019,645 3108,605
197 4731,582 4019,645 3108,605
198 4751,229 4019,645 3108,605
199 4772,210 4019,645 3108,605
200 4773,222 4019,645 3108,605
201 4019,645 4019,645 3108,605
202 4233,518 4019,645 3108,605
203 4322,910 4019,645 3108,605
204 4375,840 4019,645 3108,605
205 4476,112 4019,645 3108,605
206 4486,908 4019,645 3108,605
207 4498,598 4019,645 3108,605
208 4523,461 4019,645 3108,605
209 4525,376 4019,645 3108,605
210 4528,039 4019,645 3108,605
211 4528,039 4019,645 3108,605
212 4539,362 4019,645 3108,605
213 4542,081 4019,645 3108,605
214 4542,081 4019,645 3108,605
215 4542,081 4019,645 3108,605
216 4542,081 4019,645 3108,605
217 4602,357 4019,645 3108,605
218 4613,811 4019,645 3108,605
219 4618,969 4019,645 3108,605
220 4649,656 4019,645 3108,605
221 4019,645 4019,645 3108,605
222 4233,518 4019,645 3108,605
223 4275,489 4019,645 3108,605
224 4275,489 4019,645 3108,605
225 4275,624 4019,645 3108,605
226 4275,624 4019,645 3108,605
227 4275,865 4019,645 3108,605
228 4322,910 4019,645 3108,605
229 4330,797 4019,645 3108,605
230 4330,797 4019,645 3108,605
231 4374,986 4019,645 3108,605
232 4375,840 4019,645 3108,605
233 4428,301 4019,645 3108,605
234 4439,681 4019,645 3108,605
235 4473,690 4019,645 3108,605
236 6072,211 4019,645 3108,605
237 4486,908 4019,645 3108,605
238 4498,598 4019,645 3108,605
239 4499,975 4019,645 3108,605
240 4523,461 4019,645 3108,605
241 4019,645 4019,645 3108,605
242 4233,518 4019,645 3108,605
243 4233,518 4019,645 3108,605
244 4275,489 4019,645 3108,605
245 4275,489 4019,645 3108,605
246 4275,624 4019,645 3108,605
247 4275,624 4019,645 3108,605
248 4275,624 4019,645 3108,605
249 4275,624 4019,645 3108,605
250 4275,865 4019,645 3108,605
251 4288,691 4019,645 3108,605
252 4320,667 4019,645 3108,605
253 4321,940 4019,645 3108,605
254 4322,910 4019,645 3108,605
255 4330,797 4019,645 3108,605
256 4330,797 4019,645 3108,605
257 4353,740 4019,645 3108,605
258 4362,612 4019,645 3108,605
259 6326,219 4019,645 3108,605
260 4375,840 4019,645 3108,605
261 4019,645 3631,101 3108,605
262 4110,062 3631,101 3108,605
263 4122,436 3631,101 3108,605
264 4123,290 3631,101 3108,605
265 4220,316 3631,101 3108,605
266 4233,518 3631,101 3108,605
267 4233,518 3631,101 3108,605
268 4233,518 3631,101 3108,605
269 4233,518 3631,101 3108,605
270 4275,489 3631,101 3108,605
271 4275,489 3631,101 3108,605
272 4687,698 3631,101 3108,605
273 4275,624 3631,101 3108,605
274 4275,624 3631,101 3108,605
275 4275,624 3631,101 3108,605
276 4275,624 3631,101 3108,605
277 4275,624 3631,101 3108,605
278 4275,865 3631,101 3108,605
279 4288,691 3631,101 3108,605
280 4292,709 3631,101 3108,605
281 3631,101 3631,101 3108,605
282 4019,645 3631,101 3108,605
283 4034,902 3631,101 3108,605
284 4110,062 3631,101 3108,605
285 4122,436 3631,101 3108,605
286 4123,290 3631,101 3108,605
287 4123,290 3631,101 3108,605
288 4135,289 3631,101 3108,605
289 4199,882 3631,101 3108,605
290 4220,316 3631,101 3108,605
291 4220,316 3631,101 3108,605
292 4233,518 3631,101 3108,605
293 4233,518 3631,101 3108,605
294 4233,518 3631,101 3108,605
295 4541,085 3631,101 3108,605
296 4233,518 3631,101 3108,605
297 4237,261 3631,101 3108,605
298 4237,261 3631,101 3108,605
299 4237,261 3631,101 3108,605
300 4275,489 3631,101 3108,605
301 3631,101 3577,288 3108,605
302 3926,479 3577,288 3108,605
303 4019,645 3577,288 3108,605
304 4019,645 3577,288 3108,605
305 4034,902 3577,288 3108,605
306 4068,117 3577,288 3108,605
307 4068,117 3577,288 3108,605
308 4068,117 3577,288 3108,605
309 4068,117 3577,288 3108,605
310 4110,062 3577,288 3108,605
311 4110,062 3577,288 3108,605
312 4122,436 3577,288 3108,605
313 4123,290 3577,288 3108,605
314 4123,290 3577,288 3108,605
315 4123,290 3577,288 3108,605
316 4123,290 3577,288 3108,605
317 4135,289 3577,288 3108,605
318 4135,289 3577,288 3108,605
319 4178,210 3577,288 3108,605
320 4195,155 3577,288 3108,605
321 3577,288 3544,073 3108,605
322 3631,101 3544,073 3108,605
323 3631,101 3544,073 3108,605
324 3671,942 3544,073 3108,605
325 3926,479 3544,073 3108,605
326 3926,479 3544,073 3108,605
327 3978,804 3544,073 3108,605
328 3983,090 3544,073 3108,605
329 4019,645 3544,073 3108,605
330 4019,645 3544,073 3108,605
331 4019,645 3544,073 3108,605
332 4026,011 3544,073 3108,605
333 4034,902 3544,073 3108,605
334 4034,902 3544,073 3108,605
335 4068,117 3544,073 3108,605
336 4068,117 3544,073 3108,605
337 4068,117 3544,073 3108,605
338 4068,117 3544,073 3108,605
339 4068,117 3544,073 3108,605
340 4068,117 3544,073 3108,605
341 4644,650 3577,288 3108,605
342 3577,288 3577,288 3108,605
343 3577,288 3577,288 3108,605
344 3577,288 3577,288 3108,605
345 3613,704 3577,288 3108,605
346 3613,704 3577,288 3108,605
347 3631,101 3577,288 3108,605
348 3631,101 3577,288 3108,605
349 3671,942 3577,288 3108,605
350 3671,942 3577,288 3108,605
351 3728,553 3577,288 3108,605
352 3926,479 3577,288 3108,605
353 3926,479 3577,288 3108,605
354 3978,804 3577,288 3108,605
355 3983,090 3577,288 3108,605
356 4019,645 3577,288 3108,605
357 4019,645 3577,288 3108,605
358 4019,645 3577,288 3108,605
359 4026,011 3577,288 3108,605
360 4034,902 3577,288 3108,605
361 3577,288 3577,288 3108,605
362 3577,288 3577,288 3108,605
363 3577,288 3577,288 3108,605
364 3577,288 3577,288 3108,605
365 3577,288 3577,288 3108,605
366 3577,288 3577,288 3108,605
367 3613,704 3577,288 3108,605
368 3613,704 3577,288 3108,605
369 3613,704 3577,288 3108,605
370 4188,272 3577,288 3108,605
371 3631,101 3577,288 3108,605
372 3631,101 3577,288 3108,605
373 3644,329 3577,288 3108,605
374 3671,942 3577,288 3108,605
375 3671,942 3577,288 3108,605
376 3671,942 3577,288 3108,605
377 3671,942 3577,288 3108,605
378 3671,942 3577,288 3108,605
379 3671,942 3577,288 3108,605
380 3728,553 3577,288 3108,605
381 3577,288 3577,288 3108,605
382 3577,288 3577,288 3108,605
383 3577,288 3577,288 3108,605
384 3577,288 3577,288 3108,605
385 3577,288 3577,288 3108,605
386 3577,288 3577,288 3108,605
387 3613,704 3577,288 3108,605
388 3613,704 3577,288 3108,605
389 3613,704 3577,288 3108,605
390 3613,704 3577,288 3108,605
391 3613,704 3577,288 3108,605
392 3631,101 3577,288 3108,605
393 3631,101 3577,288 3108,605
394 3631,101 3577,288 3108,605
395 3631,101 3577,288 3108,605
396 3644,329 3577,288 3108,605
397 3644,329 3577,288 3108,605
398 3644,329 3577,288 3108,605
399 3671,942 3577,288 3108,605
400 3671,942 3577,288 3108,605
401 3577,288 3569,997 3108,605
402 3577,288 3569,997 3108,605
403 3577,288 3569,997 3108,605
404 3577,288 3569,997 3108,605
405 3577,288 3569,997 3108,605
406 3577,288 3569,997 3108,605
407 3577,288 3569,997 3108,605
408 3577,288 3569,997 3108,605
409 3577,288 3569,997 3108,605
410 3577,288 3569,997 3108,605
411 3577,288 3569,997 3108,605
412 3577,288 3569,997 3108,605
413 3577,288 3569,997 3108,605
414 5828,865 3569,997 3108,605
415 3577,288 3569,997 3108,605
416 3613,704 3569,997 3108,605
417 3613,704 3569,997 3108,605
418 3613,704 3569,997 3108,605
419 3613,704 3569,997 3108,605
420 3613,704 3569,997 3108,605
421 3569,997 3569,997 3108,605
422 3569,997 3569,997 3108,605
423 3569,997 3569,997 3108,605
424 3577,288 3569,997 3108,605
425 3577,288 3569,997 3108,605
426 3577,288 3569,997 3108,605
427 3577,288 3569,997 3108,605
428 3577,288 3569,997 3108,605
429 3577,288 3569,997 3108,605
430 4236,704 3569,997 3108,605
431 3577,288 3569,997 3108,605
432 3577,288 3569,997 3108,605
433 3577,288 3569,997 3108,605
434 3577,288 3569,997 3108,605
435 3577,288 3569,997 3108,605
436 3577,288 3569,997 3108,605
437 3577,288 3569,997 3108,605
438 3577,288 3569,997 3108,605
439 3577,288 3569,997 3108,605
440 3577,288 3569,997 3108,605
441 3569,997 3569,997 3108,605
442 3569,997 3569,997 3108,605
443 3569,997 3569,997 3108,605
444 3577,288 3569,997 3108,605
445 3577,288 3569,997 3108,605
446 3577,288 3569,997 3108,605
447 3577,288 3569,997 3108,605
448 4802,701 3569,997 3108,605
449 3577,288 3569,997 3108,605
450 3577,288 3569,997 3108,605
451 3577,288 3569,997 3108,605
452 3577,288 3569,997 3108,605
453 3577,288 3569,997 3108,605
454 3577,288 3569,997 3108,605
455 3577,288 3569,997 3108,605
456 3577,288 3569,997 3108,605
457 3577,288 3569,997 3108,605
458 3577,288 3569,997 3108,605
459 3577,288 3569,997 3108,605
460 3577,288 3569,997 3108,605
461 3569,997 3569,997 3108,605
462 4740,801 3569,997 3108,605
463 3569,997 3569,997 3108,605
464 3569,997 3569,997 3108,605
465 3569,997 3569,997 3108,605
466 3569,997 3569,997 3108,605
467 3569,997 3569,997 3108,605
468 3569,997 3569,997 3108,605
469 4420,094 3569,997 3108,605
470 3569,997 3569,997 3108,605
471 3569,997 3569,997 3108,605
472 3577,288 3569,997 3108,605
473 3577,288 3569,997 3108,605
474 3577,288 3569,997 3108,605
475 3577,288 3569,997 3108,605
476 3577,288 3569,997 3108,605
477 3577,288 3569,997 3108,605
478 3577,288 3569,997 3108,605
479 3577,288 3569,997 3108,605
480 3577,288 3569,997 3108,605
481 3569,997 3569,997 3108,605
482 3569,997 3569,997 3108,605
483 3569,997 3569,997 3108,605
484 3569,997 3569,997 3108,605
485 3569,997 3569,997 3108,605
486 3569,997 3569,997 3108,605
487 3569,997 3569,997 3108,605
488 3569,997 3569,997 3108,605
489 3622,760 3569,997 3108,605
490 3569,997 3569,997 3108,605
491 3569,997 3569,997 3108,605
492 3569,997 3569,997 3108,605
493 3569,997 3569,997 3108,605
494 3569,997 3569,997 3108,605
495 3569,997 3569,997 3108,605
496 3569,997 3569,997 3108,605
497 3569,997 3569,997 3108,605
498 3569,997 3569,997 3108,605
499 3569,997 3569,997 3108,605
500 3569,997 3569,997 3108,605
501 3569,997 3569,997 3108,605
502 3569,997 3569,997 3108,605
503 3569,997 3569,997 3108,605
504 3569,997 3569,997 3108,605
505 3569,997 3569,997 3108,605
506 3953,436 3569,997 3108,605
507 3569,997 3569,997 3108,605
508 3569,997 3569,997 3108,605
509 4661,540 3569,997 3108,605
510 3569,997 3569,997 3108,605
511 3569,997 3569,997 3108,605
512 3569,997 3569,997 3108,605
513 3569,997 3569,997 3108,605
514 3569,997 3569,997 3108,605
515 3569,997 3569,997 3108,605
516 3569,997 3569,997 3108,605
517 5719,628 3569,997 3108,605
518 3569,997 3569,997 3108,605
519 5128,290 3569,997 3108,605
520 3569,997 3569,997 3108,605
521 3569,997 3569,997 3108,605
522 3569,997 3569,997 3108,605
523 3569,997 3569,997 3108,605
524 3569,997 3569,997 3108,605
525 3569,997 3569,997 3108,605
526 3569,997 3569,997 3108,605
527 3569,997 3569,997 3108,605
528 3569,997 3569,997 3108,605
529 3569,997 3569,997 3108,605
530 3569,997 3569,997 3108,605
531 3569,997 3569,997 3108,605
532 3569,997 3569,997 3108,605
533 3569,997 3569,997 3108,605
534 3569,997 3569,997 3108,605
535 3569,997 3569,997 3108,605
536 3569,997 3569,997 3108,605
537 3569,997 3569,997 3108,605
538 3569,997 3569,997 3108,605
539 3569,997 3569,997 3108,605
540 3569,997 3569,997 3108,605
541 3569,997 3569,997 3108,605
542 4546,483 3569,997 3108,605
543 3569,997 3569,997 3108,605
544 3569,997 3569,997 3108,605
545 3569,997 3569,997 3108,605
546 3569,997 3569,997 3108,605
547 3569,997 3569,997 3108,605
548 3569,997 3569,997 3108,605
549 3569,997 3569,997 3108,605
550 3569,997 3569,997 3108,605
551 3569,997 3569,997 3108,605
552 3569,997 3569,997 3108,605
553 3569,997 3569,997 3108,605
554 3569,997 3569,997 3108,605
555 3569,997 3569,997 3108,605
556 3569,997 3569,997 3108,605
557 4967,005 3569,997 3108,605
558 3569,997 3569,997 3108,605
559 3569,997 3569,997 3108,605
560 3569,997 3569,997 3108,605
561 3569,997 3569,997 3108,605
562 3569,997 3569,997 3108,605
563 4317,874 3569,997 3108,605
564 3569,997 3569,997 3108,605
565 3569,997 3569,997 3108,605
566 3569,997 3569,997 3108,605
567 3569,997 3569,997 3108,605
568 3569,997 3569,997 3108,605
569 3569,997 3569,997 3108,605
570 3569,997 3569,997 3108,605
571 3569,997 3569,997 3108,605
572 3569,997 3569,997 3108,605
573 4812,719 3569,997 3108,605
574 3569,997 3569,997 3108,605
575 3569,997 3569,997 3108,605
576 3569,997 3569,997 3108,605
577 3569,997 3569,997 3108,605
578 3569,997 3569,997 3108,605
579 3569,997 3569,997 3108,605
580 3569,997 3569,997 3108,605
581 3569,997 3569,997 3108,605
582 3569,997 3569,997 3108,605
583 3569,997 3569,997 3108,605
584 3569,997 3569,997 3108,605
585 3569,997 3569,997 3108,605
586 3569,997 3569,997 3108,605
587 3569,997 3569,997 3108,605
588 3569,997 3569,997 3108,605
589 3569,997 3569,997 3108,605
590 3569,997 3569,997 3108,605
591 3569,997 3569,997 3108,605
592 3569,997 3569,997 3108,605
593 3569,997 3569,997 3108,605
594 3569,997 3569,997 3108,605
595 3569,997 3569,997 3108,605
596 3569,997 3569,997 3108,605
597 3569,997 3569,997 3108,605
598 3569,997 3569,997 3108,605
599 3569,997 3569,997 3108,605
600 3569,997 3569,997 3108,605
601 4059,728 3569,997 3108,605
602 3569,997 3569,997 3108,605
603 3569,997 3569,997 3108,605
604 3569,997 3569,997 3108,605
605 3569,997 3569,997 3108,605
606 3569,997 3569,997 3108,605
607 3569,997 3569,997 3108,605
608 3569,997 3569,997 3108,605
609 3569,997 3569,997 3108,605
610 3569,997 3569,997 3108,605
611 3569,997 3569,997 3108,605
612 3569,997 3569,997 3108,605
613 3569,997 3569,997 3108,605
614 3569,997 3569,997 3108,605
615 3569,997 3569,997 3108,605
616 3569,997 3569,997 3108,605
617 3569,997 3569,997 3108,605
618 3569,997 3569,997 3108,605
619 3569,997 3569,997 3108,605
620 3569,997 3569,997 3108,605
621 3569,997 3569,997 3108,605
622 3569,997 3569,997 3108,605
623 3569,997 3569,997 3108,605
624 3569,997 3569,997 3108,605
625 3569,997 3569,997 3108,605
626 3569,997 3569,997 3108,605
627 3569,997 3569,997 3108,605
628 3569,997 3569,997 3108,605
629 3569,997 3569,997 3108,605
630 3569,997 3569,997 3108,605
631 3569,997 3569,997 3108,605
632 3569,997 3569,997 3108,605
633 3569,997 3569,997 3108,605
634 3569,997 3569,997 3108,605
635 3569,997 3569,997 3108,605
636 3569,997 3569,997 3108,605
637 3569,997 3569,997 3108,605
638 3569,997 3569,997 3108,605
639 3569,997 3569,997 3108,605
640 3569,997 3569,997 3108,605
641 3569,997 3569,997 3108,605
642 3569,997 3569,997 3108,605
643 3569,997 3569,997 3108,605
644 3569,997 3569,997 3108,605
645 3569,997 3569,997 3108,605
646 3569,997 3569,997 3108,605
647 3569,997 3569,997 3108,605
648 3733,506 3569,997 3108,605
649 3569,997 3569,997 3108,605
650 3569,997 3569,997 3108,605
651 3569,997 3569,997 3108,605
652 3569,997 3569,997 3108,605
653 3569,997 3569,997 3108,605
654 3569,997 3569,997 3108,605
655 3569,997 3569,997 3108,605
656 3569,997 3569,997 3108,605
657 3569,997 3569,997 3108,605
658 3569,997 3569,997 3108,605
659 3569,997 3569,997 3108,605
660 3569,997 3569,997 3108,605
661 3569,997 3569,997 3108,605
662 3569,997 3569,997 3108,605
663 3569,997 3569,997 3108,605
664 3569,997 3569,997 3108,605
665 3569,997 3569,997 3108,605
666 3569,997 3569,997 3108,605
667 3569,997 3569,997 3108,605
668 3569,997 3569,997 3108,605
669 3569,997 3569,997 3108,605
670 3569,997 3569,997 3108,605
671 3569,997 3569,997 3108,605
672 3569,997 3569,997 3108,605
673 3569,997 3569,997 3108,605
674 3569,997 3569,997 3108,605
675 3569,997 3569,997 3108,605
676 3569,997 3569,997 3108,605
677 3569,997 3569,997 3108,605
678 4822,854 3569,997 3108,605
679 3569,997 3569,997 3108,605
680 3569,997 3569,997 3108,605
681 3569,997 3569,997 3108,605
682 3569,997 3569,997 3108,605
683 3569,997 3569,997 3108,605
684 3569,997 3569,997 3108,605
685 3569,997 3569,997 3108,605
686 3569,997 3569,997 3108,605
687 3569,997 3569,997 3108,605
688 3569,997 3569,997 3108,605
689 3569,997 3569,997 3108,605
690 3569,997 3569,997 3108,605
691 3569,997 3569,997 3108,605
692 3569,997 3569,997 3108,605
693 4976,907 3569,997 3108,605
694 3569,997 3569,997 3108,605
695 3569,997 3569,997 3108,605
696 3569,997 3569,997 3108,605
697 3569,997 3569,997 3108,605
698 3569,997 3569,997 3108,605
699 3569,997 3569,997 3108,605
700 3569,997 3569,997 3108,605
701 3569,997 3569,997 3108,605
702 3569,997 3569,997 3108,605
703 3569,997 3569,997 3108,605
704 3569,997 3569,997 3108,605
705 3569,997 3569,997 3108,605
706 3569,997 3569,997 3108,605
707 3569,997 3569,997 3108,605
708 3569,997 3569,997 3108,605
709 3569,997 3569,997 3108,605
710 3569,997 3569,997 3108,605
711 3569,997 3569,997 3108,605
712 3569,997 3569,997 3108,605
713 3569,997 3569,997 3108,605
714 3569,997 3569,997 3108,605
715 3569,997 3569,997 3108,605
716 3569,997 3569,997 3108,605
717 3569,997 3569,997 3108,605
718 3569,997 3569,997 3108,605
719 3569,997 3569,997 3108,605
720 3569,997 3569,997 3108,605
721 3569,997 3569,997 3108,605
722 3569,997 3569,997 3108,605
723 3569,997 3569,997 3108,605
724 3569,997 3569,997 3108,605
725 3569,997 3569,997 3108,605
726 3569,997 3569,997 3108,605
727 3569,997 3569,997 3108,605
728 6336,810 3569,997 3108,605
729 3569,997 3569,997 3108,605
730 3569,997 3569,997 3108,605
731 3569,997 3569,997 3108,605
732 3569,997 3569,997 3108,605
733 3569,997 3569,997 3108,605
734 3569,997 3569,997 3108,605
735 3569,997 3569,997 3108,605
736 3569,997 3569,997 3108,605
737 3569,997 3569,997 3108,605
738 3569,997 3569,997 3108,605
739 3569,997 3569,997 3108,605
740 3569,997 3569,997 3108,605
741 3569,997 3569,997 3108,605
742 3569,997 3569,997 3108,605
743 3569,997 3569,997 3108,605
744 3569,997 3569,997 3108,605
745 3569,997 3569,997 3108,605
746 3569,997 3569,997 3108,605
747 3569,997 3569,997 3108,605
748 3569,997 3569,997 3108,605
749 3569,997 3569,997 3108,605
750 3569,997 3569,997 3108,605
751 3569,997 3569,997 3108,605
752 3569,997 3569,997 3108,605
753 5383,009 3569,997 3108,605
754 3569,997 3569,997 3108,605
755 3569,997 3569,997 3108,605
756 3569,997 3569,997 3108,605
757 3569,997 3569,997 3108,605
758 3569,997 3569,997 3108,605
759 3569,997 3569,997 3108,605
760 3569,997 3569,997 3108,605
761 3569,997 3569,997 3108,605
762 3569,997 3569,997 3108,605
763 3569,997 3569,997 3108,605
764 3569,997 3569,997 3108,605
765 3569,997 3569,997 3108,605
766 3569,997 3569,997 3108,605
767 3569,997 3569,997 3108,605
768 3569,997 3569,997 3108,605
769 3569,997 3569,997 3108,605
770 4682,680 3569,997 3108,605
771 3569,997 3569,997 3108,605
772 3569,997 3569,997 3108,605
773 3569,997 3569,997 3108,605
774 6173,353 3569,997 3108,605
775 3569,997 3569,997 3108,605
776 3569,997 3569,997 3108,605
777 3569,997 3569,997 3108,605
778 3569,997 3569,997 3108,605
779 3569,997 3569,997 3108,605
780 3569,997 3569,997 3108,605
781 3569,997 3569,997 3108,605
782 3569,997 3569,997 3108,605
783 3569,997 3569,997 3108,605
784 3569,997 3569,997 3108,605
785 3569,997 3569,997 3108,605
786 3569,997 3569,997 3108,605
787 3569,997 3569,997 3108,605
788 3569,997 3569,997 3108,605
789 3569,997 3569,997 3108,605
790 3569,997 3569,997 3108,605
791 3569,997 3569,997 3108,605
792 3569,997 3569,997 3108,605
793 3569,997 3569,997 3108,605
794 3569,997 3569,997 3108,605
795 3569,997 3569,997 3108,605
796 3569,997 3569,997 3108,605
797 3569,997 3569,997 3108,605
798 4232,844 3569,997 3108,605
799 3569,997 3569,997 3108,605
800 3569,997 3569,997 3108,605
