nrOsobnika current best_current best_global
1 6560,861 5163,841 2951,769
2 7581,015 5163,841 2951,769
3 5958,809 5163,841 2951,769
4 5917,486 5163,841 2951,769
5 6025,404 5163,841 2951,769
6 5163,841 5163,841 2951,769
7 6526,280 5163,841 2951,769
8 6459,767 5163,841 2951,769
9 7100,248 5163,841 2951,769
10 6309,490 5163,841 2951,769
11 6876,189 5163,841 2951,769
12 6434,968 5163,841 2951,769
13 6202,562 5163,841 2951,769
14 7028,896 5163,841 2951,769
15 6516,242 5163,841 2951,769
16 6559,372 5163,841 2951,769
17 5490,993 5163,841 2951,769
18 6001,477 5163,841 2951,769
19 6945,558 5163,841 2951,769
20 6341,745 5163,841 2951,769
21 5163,841 5097,710 2951,769
22 5490,993 5097,710 2951,769
23 5567,693 5097,710 2951,769
24 5589,030 5097,710 2951,769
25 5917,486 5097,710 2951,769
26 5958,809 5097,710 2951,769
27 6001,477 5097,710 2951,769
28 6025,404 5097,710 2951,769
29 6035,789 5097,710 2951,769
30 6127,620 5097,710 2951,769
31 6202,562 5097,710 2951,769
32 6202,562 5097,710 2951,769
33 6264,142 5097,710 2951,769
34 6277,651 5097,710 2951,769
35 6286,244 5097,710 2951,769
36 6308,362 5097,710 2951,769
37 6309,490 5097,710 2951,769
38 6324,170 5097,710 2951,769
39 6341,745 5097,710 2951,769
40 6342,034 5097,710 2951,769
41 5097,710 5097,710 2951,769
42 5163,841 5097,710 2951,769
43 5209,129 5097,710 2951,769
44 5393,696 5097,710 2951,769
45 5490,993 5097,710 2951,769
46 5567,693 5097,710 2951,769
47 5589,030 5097,710 2951,769
48 5913,107 5097,710 2951,769
49 5917,486 5097,710 2951,769
50 5958,809 5097,710 2951,769
51 6001,477 5097,710 2951,769
52 6025,404 5097,710 2951,769
53 6035,789 5097,710 2951,769
54 6120,346 5097,710 2951,769
55 6127,620 5097,710 2951,769
56 6157,241 5097,710 2951,769
57 6163,128 5097,710 2951,769
58 6202,562 5097,710 2951,769
59 6202,562 5097,710 2951,769
60 6212,591 5097,710 2951,769
61 5097,710 4678,686 2951,769
62 5163,841 4678,686 2951,769
63 5209,129 4678,686 2951,769
64 5309,804 4678,686 2951,769
65 5393,696 4678,686 2951,769
66 5423,707 4678,686 2951,769
67 5430,352 4678,686 2951,769
68 5490,993 4678,686 2951,769
69 5567,693 4678,686 2951,769
70 5589,030 4678,686 2951,769
71 5628,781 4678,686 2951,769
72 6261,257 4678,686 2951,769
73 5646,935 4678,686 2951,769
74 5676,864 4678,686 2951,769
75 5682,029 4678,686 2951,769
76 5767,181 4678,686 2951,769
77 5830,559 4678,686 2951,769
78 5894,526 4678,686 2951,769
79 5913,107 4678,686 2951,769
80 5917,486 4678,686 2951,769
81 4678,686 4506,839 2951,769
82 4883,073 4506,839 2951,769
83 5097,710 4506,839 2951,769
84 5097,710 4506,839 2951,769
85 5163,841 4506,839 2951,769
86 5179,165 4506,839 2951,769
87 5209,129 4506,839 2951,769
88 5306,704 4506,839 2951,769
89 5309,804 4506,839 2951,769
90 5317,327 4506,839 2951,769
91 5393,696 4506,839 2951,769
92 5423,707 4506,839 2951,769
93 5430,352 4506,839 2951,769
94 5490,993 4506,839 2951,769
95 5490,993 4506,839 2951,769
96 5504,779 4506,839 2951,769
97 5567,693 4506,839 2951,769
98 5589,030 4506,839 2951,769
99 5601,060 4506,839 2951,769
100 5628,781 4506,839 2951,769
101 4506,839 4506,839 2951,769
102 4678,686 4506,839 2951,769
103 4812,484 4506,839 2951,769
104 4874,935 4506,839 2951,769
105 4883,073 4506,839 2951,769
106 5036,598 4506,839 2951,769
107 5097,710 4506,839 2951,769
108 5097,710 4506,839 2951,769
109 5163,841 4506,839 2951,769
110 5179,165 4506,839 2951,769
111 5209,129 4506,839 2951,769
112 5306,704 4506,839 2951,769
113 5309,804 4506,839 2951,769
114 5317,327 4506,839 2951,769
115 5390,571 4506,839 2951,769
116 5393,696 4506,839 2951,769
117 5407,945 4506,839 2951,769
118 5415,526 4506,839 2951,769
119 5423,707 4506,839 2951,769
120 5430,352 4506,839 2951,769
121 4506,839 4425,965 2951,769
122 4599,711 4425,965 2951,769
123 4678,686 4425,965 2951,769
124 4744,834 4425,965 2951,769
125 4812,484 4425,965 2951,769
126 4874,935 4425,965 2951,769
127 4883,073 4425,965 2951,769
128 4982,090 4425,965 2951,769
129 5036,598 4425,965 2951,769
130 5097,710 4425,965 2951,769
131 5097,710 4425,965 2951,769
132 5101,407 4425,965 2951,769
133 5163,841 4425,965 2951,769
134 5179,165 4425,965 2951,769
135 5209,129 4425,965 2951,769
136 5306,704 4425,965 2951,769
137 5309,804 4425,965 2951,769
138 5317,327 4425,965 2951,769
139 5390,571 4425,965 2951,769
140 5156,579 4425,965 2951,769
141 4425,965 4061,955 2951,769
142 4467,941 4061,955 2951,769
143 4506,839 4061,955 2951,769
144 4527,244 4061,955 2951,769
145 4599,711 4061,955 2951,769
146 4678,686 4061,955 2951,769
147 4681,519 4061,955 2951,769
148 4744,834 4061,955 2951,769
149 4812,484 4061,955 2951,769
150 4874,935 4061,955 2951,769
151 4883,073 4061,955 2951,769
152 4929,139 4061,955 2951,769
153 4955,791 4061,955 2951,769
154 4982,090 4061,955 2951,769
155 5036,598 4061,955 2951,769
156 5036,871 4061,955 2951,769
157 5097,710 4061,955 2951,769
158 5097,710 4061,955 2951,769
159 5101,407 4061,955 2951,769
160 5792,867 4061,955 2951,769
161 4061,955 4061,955 2951,769
162 4425,965 4061,955 2951,769
163 4467,941 4061,955 2951,769
164 4506,839 4061,955 2951,769
165 4527,244 4061,955 2951,769
166 4599,711 4061,955 2951,769
167 4678,686 4061,955 2951,769
168 4678,686 4061,955 2951,769
169 4681,519 4061,955 2951,769
170 4744,834 4061,955 2951,769
171 4744,834 4061,955 2951,769
172 4794,538 4061,955 2951,769
173 4794,538 4061,955 2951,769
174 4811,504 4061,955 2951,769
175 4812,484 4061,955 2951,769
176 4812,484 4061,955 2951,769
177 4874,935 4061,955 2951,769
178 4883,073 4061,955 2951,769
179 4891,885 4061,955 2951,769
180 4929,139 4061,955 2951,769
181 4061,955 3995,807 2951,769
182 4190,805 3995,807 2951,769
183 4396,048 3995,807 2951,769
184 4402,376 3995,807 2951,769
185 4425,965 3995,807 2951,769
186 4426,244 3995,807 2951,769
187 4467,941 3995,807 2951,769
188 4481,482 3995,807 2951,769
189 4506,839 3995,807 2951,769
190 4527,244 3995,807 2951,769
191 4599,711 3995,807 2951,769
192 4630,756 3995,807 2951,769
193 4642,562 3995,807 2951,769
194 5422,231 3995,807 2951,769
195 4678,686 3995,807 2951,769
196 4681,519 3995,807 2951,769
197 4744,834 3995,807 2951,769
198 4744,834 3995,807 2951,769
199 4756,550 3995,807 2951,769
200 4794,538 3995,807 2951,769
201 3995,807 3780,326 2951,769
202 4045,347 3780,326 2951,769
203 4061,955 3780,326 2951,769
204 4061,955 3780,326 2951,769
205 4190,805 3780,326 2951,769
206 4396,048 3780,326 2951,769
207 4402,376 3780,326 2951,769
208 4425,965 3780,326 2951,769
209 4425,965 3780,326 2951,769
210 4426,244 3780,326 2951,769
211 4467,941 3780,326 2951,769
212 4468,522 3780,326 2951,769
213 4468,555 3780,326 2951,769
214 4481,482 3780,326 2951,769
215 4506,839 3780,326 2951,769
216 4506,839 3780,326 2951,769
217 4512,576 3780,326 2951,769
218 4527,244 3780,326 2951,769
219 4555,518 3780,326 2951,769
220 4599,711 3780,326 2951,769
221 3780,326 3771,896 2951,769
222 3995,807 3771,896 2951,769
223 3995,807 3771,896 2951,769
224 4045,347 3771,896 2951,769
225 4061,955 3771,896 2951,769
226 4061,955 3771,896 2951,769
227 4061,955 3771,896 2951,769
228 4061,955 3771,896 2951,769
229 4082,504 3771,896 2951,769
230 4113,971 3771,896 2951,769
231 4190,805 3771,896 2951,769
232 4190,805 3771,896 2951,769
233 4281,159 3771,896 2951,769
234 4346,631 3771,896 2951,769
235 4396,048 3771,896 2951,769
236 4402,376 3771,896 2951,769
237 4402,376 3771,896 2951,769
238 4422,536 3771,896 2951,769
239 4425,965 3771,896 2951,769
240 4425,965 3771,896 2951,769
241 3771,896 3771,896 2951,769
242 3780,326 3771,896 2951,769
243 3859,010 3771,896 2951,769
244 3995,807 3771,896 2951,769
245 4586,409 3771,896 2951,769
246 3995,807 3771,896 2951,769
247 3995,807 3771,896 2951,769
248 4045,347 3771,896 2951,769
249 4045,347 3771,896 2951,769
250 4061,955 3771,896 2951,769
251 4061,955 3771,896 2951,769
252 4061,955 3771,896 2951,769
253 4061,955 3771,896 2951,769
254 4061,955 3771,896 2951,769
255 4061,955 3771,896 2951,769
256 4082,504 3771,896 2951,769
257 4113,971 3771,896 2951,769
258 4130,579 3771,896 2951,769
259 4190,805 3771,896 2951,769
260 4190,805 3771,896 2951,769
261 3771,896 3738,048 2951,769
262 3780,326 3738,048 2951,769
263 3780,326 3738,048 2951,769
264 3780,326 3738,048 2951,769
265 3780,326 3738,048 2951,769
266 3859,010 3738,048 2951,769
267 3877,655 3738,048 2951,769
268 3995,807 3738,048 2951,769
269 3995,807 3738,048 2951,769
270 3995,807 3738,048 2951,769
271 3995,807 3738,048 2951,769
272 3995,807 3738,048 2951,769
273 3995,807 3738,048 2951,769
274 3995,807 3738,048 2951,769
275 3995,807 3738,048 2951,769
276 4011,258 3738,048 2951,769
277 4011,258 3738,048 2951,769
278 4034,659 3738,048 2951,769
279 4045,347 3738,048 2951,769
280 4045,347 3738,048 2951,769
281 4153,707 3771,896 2951,769
282 3771,896 3771,896 2951,769
283 3771,896 3771,896 2951,769
284 3771,896 3771,896 2951,769
285 3780,326 3771,896 2951,769
286 3780,326 3771,896 2951,769
287 3780,326 3771,896 2951,769
288 3780,326 3771,896 2951,769
289 3780,326 3771,896 2951,769
290 3859,010 3771,896 2951,769
291 3859,010 3771,896 2951,769
292 3877,655 3771,896 2951,769
293 3969,457 3771,896 2951,769
294 3979,199 3771,896 2951,769
295 3995,807 3771,896 2951,769
296 3995,807 3771,896 2951,769
297 4654,881 3771,896 2951,769
298 3995,807 3771,896 2951,769
299 3995,807 3771,896 2951,769
300 3995,807 3771,896 2951,769
301 3771,896 3611,466 2951,769
302 3771,896 3611,466 2951,769
303 3771,896 3611,466 2951,769
304 3771,896 3611,466 2951,769
305 3771,896 3611,466 2951,769
306 3771,896 3611,466 2951,769
307 3780,326 3611,466 2951,769
308 3780,326 3611,466 2951,769
309 3780,326 3611,466 2951,769
310 3780,326 3611,466 2951,769
311 3780,326 3611,466 2951,769
312 3780,326 3611,466 2951,769
313 3780,326 3611,466 2951,769
314 3780,326 3611,466 2951,769
315 3780,326 3611,466 2951,769
316 3859,010 3611,466 2951,769
317 3859,010 3611,466 2951,769
318 3874,229 3611,466 2951,769
319 3877,655 3611,466 2951,769
320 3969,457 3611,466 2951,769
321 5251,450 3653,744 2951,769
322 3904,389 3653,744 2951,769
323 3771,896 3653,744 2951,769
324 3771,896 3653,744 2951,769
325 3771,896 3653,744 2951,769
326 3771,896 3653,744 2951,769
327 3771,896 3653,744 2951,769
328 3771,896 3653,744 2951,769
329 3771,896 3653,744 2951,769
330 3771,896 3653,744 2951,769
331 3771,896 3653,744 2951,769
332 3771,896 3653,744 2951,769
333 3771,896 3653,744 2951,769
334 3771,896 3653,744 2951,769
335 3771,896 3653,744 2951,769
336 3771,896 3653,744 2951,769
337 3771,896 3653,744 2951,769
338 3780,326 3653,744 2951,769
339 3780,326 3653,744 2951,769
340 3780,326 3653,744 2951,769
341 3653,744 3653,744 2951,769
342 3738,048 3653,744 2951,769
343 3771,896 3653,744 2951,769
344 3771,896 3653,744 2951,769
345 3771,896 3653,744 2951,769
346 3771,896 3653,744 2951,769
347 3771,896 3653,744 2951,769
348 3771,896 3653,744 2951,769
349 3771,896 3653,744 2951,769
350 3771,896 3653,744 2951,769
351 3771,896 3653,744 2951,769
352 3771,896 3653,744 2951,769
353 3771,896 3653,744 2951,769
354 3771,896 3653,744 2951,769
355 3771,896 3653,744 2951,769
356 3771,896 3653,744 2951,769
357 3771,896 3653,744 2951,769
358 3771,896 3653,744 2951,769
359 3771,896 3653,744 2951,769
360 3771,896 3653,744 2951,769
361 3653,744 3653,744 2951,769
362 3653,744 3653,744 2951,769
363 3729,618 3653,744 2951,769
364 3738,048 3653,744 2951,769
365 3738,048 3653,744 2951,769
366 3771,896 3653,744 2951,769
367 3771,896 3653,744 2951,769
368 3771,896 3653,744 2951,769
369 3771,896 3653,744 2951,769
370 3771,896 3653,744 2951,769
371 3771,896 3653,744 2951,769
372 3771,896 3653,744 2951,769
373 3771,896 3653,744 2951,769
374 3771,896 3653,744 2951,769
375 3771,896 3653,744 2951,769
376 3771,896 3653,744 2951,769
377 3771,896 3653,744 2951,769
378 3771,896 3653,744 2951,769
379 3771,896 3653,744 2951,769
380 3771,896 3653,744 2951,769
381 3653,744 3611,466 2951,769
382 3653,744 3611,466 2951,769
383 3653,744 3611,466 2951,769
384 3729,618 3611,466 2951,769
385 3729,618 3611,466 2951,769
386 3729,618 3611,466 2951,769
387 3729,618 3611,466 2951,769
388 3729,618 3611,466 2951,769
389 3738,048 3611,466 2951,769
390 3738,048 3611,466 2951,769
391 3738,048 3611,466 2951,769
392 3738,048 3611,466 2951,769
393 3738,048 3611,466 2951,769
394 3771,896 3611,466 2951,769
395 3771,896 3611,466 2951,769
396 3771,896 3611,466 2951,769
397 3729,618 3611,466 2951,769
398 3771,896 3611,466 2951,769
399 3771,896 3611,466 2951,769
400 3771,896 3611,466 2951,769
401 3611,466 3611,466 2951,769
402 3653,744 3611,466 2951,769
403 3653,744 3611,466 2951,769
404 3653,744 3611,466 2951,769
405 4585,351 3611,466 2951,769
406 3653,744 3611,466 2951,769
407 5714,012 3611,466 2951,769
408 3653,744 3611,466 2951,769
409 3653,744 3611,466 2951,769
410 3729,618 3611,466 2951,769
411 3729,618 3611,466 2951,769
412 3729,618 3611,466 2951,769
413 3729,618 3611,466 2951,769
414 3729,618 3611,466 2951,769
415 3729,618 3611,466 2951,769
416 3729,618 3611,466 2951,769
417 4023,025 3611,466 2951,769
418 3729,618 3611,466 2951,769
419 3729,618 3611,466 2951,769
420 3738,048 3611,466 2951,769
421 4094,479 3611,466 2951,769
422 3611,466 3611,466 2951,769
423 3611,466 3611,466 2951,769
424 3611,466 3611,466 2951,769
425 3611,466 3611,466 2951,769
426 3611,466 3611,466 2951,769
427 3611,466 3611,466 2951,769
428 3611,466 3611,466 2951,769
429 3611,466 3611,466 2951,769
430 3611,466 3611,466 2951,769
431 3653,744 3611,466 2951,769
432 3653,744 3611,466 2951,769
433 3653,744 3611,466 2951,769
434 3653,744 3611,466 2951,769
435 3653,744 3611,466 2951,769
436 3653,744 3611,466 2951,769
437 3653,744 3611,466 2951,769
438 3729,618 3611,466 2951,769
439 3729,618 3611,466 2951,769
440 3729,618 3611,466 2951,769
441 3611,466 3611,466 2951,769
442 3611,466 3611,466 2951,769
443 3611,466 3611,466 2951,769
444 3611,466 3611,466 2951,769
445 3611,466 3611,466 2951,769
446 3611,466 3611,466 2951,769
447 3611,466 3611,466 2951,769
448 3611,466 3611,466 2951,769
449 3611,466 3611,466 2951,769
450 3611,466 3611,466 2951,769
451 3611,466 3611,466 2951,769
452 3611,466 3611,466 2951,769
453 3611,466 3611,466 2951,769
454 3611,466 3611,466 2951,769
455 3611,466 3611,466 2951,769
456 3611,466 3611,466 2951,769
457 3611,466 3611,466 2951,769
458 3611,466 3611,466 2951,769
459 3653,744 3611,466 2951,769
460 3653,744 3611,466 2951,769
461 3611,466 3611,466 2951,769
462 3611,466 3611,466 2951,769
463 3611,466 3611,466 2951,769
464 3611,466 3611,466 2951,769
465 3611,466 3611,466 2951,769
466 3611,466 3611,466 2951,769
467 3611,466 3611,466 2951,769
468 3611,466 3611,466 2951,769
469 3611,466 3611,466 2951,769
470 3611,466 3611,466 2951,769
471 3611,466 3611,466 2951,769
472 3611,466 3611,466 2951,769
473 5453,811 3611,466 2951,769
474 3611,466 3611,466 2951,769
475 3611,466 3611,466 2951,769
476 3611,466 3611,466 2951,769
477 3611,466 3611,466 2951,769
478 3611,466 3611,466 2951,769
479 3611,466 3611,466 2951,769
480 4458,923 3611,466 2951,769
481 3611,466 3611,466 2951,769
482 3611,466 3611,466 2951,769
483 3611,466 3611,466 2951,769
484 3611,466 3611,466 2951,769
485 3611,466 3611,466 2951,769
486 3611,466 3611,466 2951,769
487 3611,466 3611,466 2951,769
488 3611,466 3611,466 2951,769
489 3611,466 3611,466 2951,769
490 3611,466 3611,466 2951,769
491 3611,466 3611,466 2951,769
492 3611,466 3611,466 2951,769
493 3611,466 3611,466 2951,769
494 3611,466 3611,466 2951,769
495 3611,466 3611,466 2951,769
496 3611,466 3611,466 2951,769
497 3611,466 3611,466 2951,769
498 3611,466 3611,466 2951,769
499 3611,466 3611,466 2951,769
500 3611,466 3611,466 2951,769
501 4643,058 3611,466 2951,769
502 3611,466 3611,466 2951,769
503 3611,466 3611,466 2951,769
504 3611,466 3611,466 2951,769
505 3611,466 3611,466 2951,769
506 3611,466 3611,466 2951,769
507 3611,466 3611,466 2951,769
508 3611,466 3611,466 2951,769
509 3611,466 3611,466 2951,769
510 3611,466 3611,466 2951,769
511 3611,466 3611,466 2951,769
512 3611,466 3611,466 2951,769
513 3611,466 3611,466 2951,769
514 3611,466 3611,466 2951,769
515 3611,466 3611,466 2951,769
516 3611,466 3611,466 2951,769
517 3611,466 3611,466 2951,769
518 3611,466 3611,466 2951,769
519 3611,466 3611,466 2951,769
520 3611,466 3611,466 2951,769
521 3611,466 3611,466 2951,769
522 3611,466 3611,466 2951,769
523 3611,466 3611,466 2951,769
524 3611,466 3611,466 2951,769
525 3611,466 3611,466 2951,769
526 4363,586 3611,466 2951,769
527 3611,466 3611,466 2951,769
528 3611,466 3611,466 2951,769
529 3611,466 3611,466 2951,769
530 3611,466 3611,466 2951,769
531 3611,466 3611,466 2951,769
532 3611,466 3611,466 2951,769
533 3611,466 3611,466 2951,769
534 3611,466 3611,466 2951,769
535 3611,466 3611,466 2951,769
536 3611,466 3611,466 2951,769
537 3611,466 3611,466 2951,769
538 3611,466 3611,466 2951,769
539 3611,466 3611,466 2951,769
540 3611,466 3611,466 2951,769
541 3611,466 3611,466 2951,769
542 4254,264 3611,466 2951,769
543 3611,466 3611,466 2951,769
544 3611,466 3611,466 2951,769
545 3611,466 3611,466 2951,769
546 3611,466 3611,466 2951,769
547 3611,466 3611,466 2951,769
548 3611,466 3611,466 2951,769
549 3611,466 3611,466 2951,769
550 3611,466 3611,466 2951,769
551 3611,466 3611,466 2951,769
552 3611,466 3611,466 2951,769
553 3611,466 3611,466 2951,769
554 3611,466 3611,466 2951,769
555 3611,466 3611,466 2951,769
556 3611,466 3611,466 2951,769
557 3611,466 3611,466 2951,769
558 3611,466 3611,466 2951,769
559 3611,466 3611,466 2951,769
560 3611,466 3611,466 2951,769
561 5634,560 3611,466 2951,769
562 3611,466 3611,466 2951,769
563 3611,466 3611,466 2951,769
564 3611,466 3611,466 2951,769
565 3611,466 3611,466 2951,769
566 3611,466 3611,466 2951,769
567 3611,466 3611,466 2951,769
568 3611,466 3611,466 2951,769
569 3611,466 3611,466 2951,769
570 3611,466 3611,466 2951,769
571 3611,466 3611,466 2951,769
572 3611,466 3611,466 2951,769
573 3611,466 3611,466 2951,769
574 3611,466 3611,466 2951,769
575 3611,466 3611,466 2951,769
576 3611,466 3611,466 2951,769
577 3611,466 3611,466 2951,769
578 3611,466 3611,466 2951,769
579 3611,466 3611,466 2951,769
580 3611,466 3611,466 2951,769
581 3611,466 3611,466 2951,769
582 3611,466 3611,466 2951,769
583 3611,466 3611,466 2951,769
584 3611,466 3611,466 2951,769
585 3611,466 3611,466 2951,769
586 3611,466 3611,466 2951,769
587 3611,466 3611,466 2951,769
588 3611,466 3611,466 2951,769
589 3611,466 3611,466 2951,769
590 3611,466 3611,466 2951,769
591 3611,466 3611,466 2951,769
592 3611,466 3611,466 2951,769
593 3611,466 3611,466 2951,769
594 3611,466 3611,466 2951,769
595 3611,466 3611,466 2951,769
596 3611,466 3611,466 2951,769
597 3611,466 3611,466 2951,769
598 3611,466 3611,466 2951,769
599 3611,466 3611,466 2951,769
600 3611,466 3611,466 2951,769
601 5047,844 3611,466 2951,769
602 3611,466 3611,466 2951,769
603 3611,466 3611,466 2951,769
604 3611,466 3611,466 2951,769
605 3611,466 3611,466 2951,769
606 3611,466 3611,466 2951,769
607 3611,466 3611,466 2951,769
608 3611,466 3611,466 2951,769
609 3611,466 3611,466 2951,769
610 3611,466 3611,466 2951,769
611 3611,466 3611,466 2951,769
612 3611,466 3611,466 2951,769
613 3611,466 3611,466 2951,769
614 3611,466 3611,466 2951,769
615 3611,466 3611,466 2951,769
616 3611,466 3611,466 2951,769
617 3611,466 3611,466 2951,769
618 3611,466 3611,466 2951,769
619 3611,466 3611,466 2951,769
620 3611,466 3611,466 2951,769
621 3611,466 3611,466 2951,769
622 3611,466 3611,466 2951,769
623 3611,466 3611,466 2951,769
624 3611,466 3611,466 2951,769
625 3611,466 3611,466 2951,769
626 3611,466 3611,466 2951,769
627 3611,466 3611,466 2951,769
628 3611,466 3611,466 2951,769
629 3611,466 3611,466 2951,769
630 3611,466 3611,466 2951,769
631 3611,466 3611,466 2951,769
632 3611,466 3611,466 2951,769
633 3611,466 3611,466 2951,769
634 3611,466 3611,466 2951,769
635 3611,466 3611,466 2951,769
636 3611,466 3611,466 2951,769
637 3611,466 3611,466 2951,769
638 3611,466 3611,466 2951,769
639 3611,466 3611,466 2951,769
640 3611,466 3611,466 2951,769
641 3611,466 3611,466 2951,769
642 3611,466 3611,466 2951,769
643 3611,466 3611,466 2951,769
644 3611,466 3611,466 2951,769
645 3611,466 3611,466 2951,769
646 3611,466 3611,466 2951,769
647 3611,466 3611,466 2951,769
648 3611,466 3611,466 2951,769
649 3611,466 3611,466 2951,769
650 3611,466 3611,466 2951,769
651 3611,466 3611,466 2951,769
652 3611,466 3611,466 2951,769
653 3611,466 3611,466 2951,769
654 3611,466 3611,466 2951,769
655 3611,466 3611,466 2951,769
656 3611,466 3611,466 2951,769
657 3611,466 3611,466 2951,769
658 3611,466 3611,466 2951,769
659 3611,466 3611,466 2951,769
660 3611,466 3611,466 2951,769
661 3611,466 3611,466 2951,769
662 3611,466 3611,466 2951,769
663 5341,978 3611,466 2951,769
664 3611,466 3611,466 2951,769
665 3611,466 3611,466 2951,769
666 3611,466 3611,466 2951,769
667 3611,466 3611,466 2951,769
668 3611,466 3611,466 2951,769
669 5039,996 3611,466 2951,769
670 3611,466 3611,466 2951,769
671 3611,466 3611,466 2951,769
672 3611,466 3611,466 2951,769
673 3611,466 3611,466 2951,769
674 3611,466 3611,466 2951,769
675 3611,466 3611,466 2951,769
676 3611,466 3611,466 2951,769
677 3611,466 3611,466 2951,769
678 3611,466 3611,466 2951,769
679 3611,466 3611,466 2951,769
680 3611,466 3611,466 2951,769
681 3611,466 3611,466 2951,769
682 3611,466 3611,466 2951,769
683 3611,466 3611,466 2951,769
684 3611,466 3611,466 2951,769
685 3611,466 3611,466 2951,769
686 3611,466 3611,466 2951,769
687 3611,466 3611,466 2951,769
688 3611,466 3611,466 2951,769
689 3611,466 3611,466 2951,769
690 3611,466 3611,466 2951,769
691 3611,466 3611,466 2951,769
692 3611,466 3611,466 2951,769
693 3611,466 3611,466 2951,769
694 3611,466 3611,466 2951,769
695 3611,466 3611,466 2951,769
696 3611,466 3611,466 2951,769
697 3611,466 3611,466 2951,769
698 3611,466 3611,466 2951,769
699 3611,466 3611,466 2951,769
700 3611,466 3611,466 2951,769
701 3611,466 3611,466 2951,769
702 5006,050 3611,466 2951,769
703 3611,466 3611,466 2951,769
704 3611,466 3611,466 2951,769
705 3611,466 3611,466 2951,769
706 3611,466 3611,466 2951,769
707 3611,466 3611,466 2951,769
708 3611,466 3611,466 2951,769
709 3611,466 3611,466 2951,769
710 3611,466 3611,466 2951,769
711 3611,466 3611,466 2951,769
712 3611,466 3611,466 2951,769
713 3611,466 3611,466 2951,769
714 3611,466 3611,466 2951,769
715 3611,466 3611,466 2951,769
716 3611,466 3611,466 2951,769
717 3611,466 3611,466 2951,769
718 3611,466 3611,466 2951,769
719 3611,466 3611,466 2951,769
720 3611,466 3611,466 2951,769
721 3611,466 3611,466 2951,769
722 3611,466 3611,466 2951,769
723 3611,466 3611,466 2951,769
724 3611,466 3611,466 2951,769
725 3611,466 3611,466 2951,769
726 3611,466 3611,466 2951,769
727 3611,466 3611,466 2951,769
728 3611,466 3611,466 2951,769
729 3611,466 3611,466 2951,769
730 5373,570 3611,466 2951,769
731 3611,466 3611,466 2951,769
732 3611,466 3611,466 2951,769
733 3611,466 3611,466 2951,769
734 3611,466 3611,466 2951,769
735 3611,466 3611,466 2951,769
736 3611,466 3611,466 2951,769
737 3611,466 3611,466 2951,769
738 3611,466 3611,466 2951,769
739 3611,466 3611,466 2951,769
740 3611,466 3611,466 2951,769
741 3611,466 3611,466 2951,769
742 3611,466 3611,466 2951,769
743 3611,466 3611,466 2951,769
744 3611,466 3611,466 2951,769
745 3611,466 3611,466 2951,769
746 4335,344 3611,466 2951,769
747 3611,466 3611,466 2951,769
748 3611,466 3611,466 2951,769
749 3611,466 3611,466 2951,769
750 3611,466 3611,466 2951,769
751 3611,466 3611,466 2951,769
752 3611,466 3611,466 2951,769
753 3611,466 3611,466 2951,769
754 4089,504 3611,466 2951,769
755 3611,466 3611,466 2951,769
756 3611,466 3611,466 2951,769
757 3611,466 3611,466 2951,769
758 3611,466 3611,466 2951,769
759 3611,466 3611,466 2951,769
760 3611,466 3611,466 2951,769
761 3611,466 3611,466 2951,769
762 3611,466 3611,466 2951,769
763 3611,466 3611,466 2951,769
764 3611,466 3611,466 2951,769
765 3611,466 3611,466 2951,769
766 3611,466 3611,466 2951,769
767 3611,466 3611,466 2951,769
768 3611,466 3611,466 2951,769
769 3611,466 3611,466 2951,769
770 3611,466 3611,466 2951,769
771 3611,466 3611,466 2951,769
772 3611,466 3611,466 2951,769
773 3611,466 3611,466 2951,769
774 3611,466 3611,466 2951,769
775 3611,466 3611,466 2951,769
776 3611,466 3611,466 2951,769
777 3611,466 3611,466 2951,769
778 3611,466 3611,466 2951,769
779 3611,466 3611,466 2951,769
780 3611,466 3611,466 2951,769
781 3611,466 3611,466 2951,769
782 3611,466 3611,466 2951,769
783 3611,466 3611,466 2951,769
784 3611,466 3611,466 2951,769
785 3611,466 3611,466 2951,769
786 3611,466 3611,466 2951,769
787 3611,466 3611,466 2951,769
788 3611,466 3611,466 2951,769
789 3611,466 3611,466 2951,769
790 3611,466 3611,466 2951,769
791 3611,466 3611,466 2951,769
792 6149,195 3611,466 2951,769
793 3611,466 3611,466 2951,769
794 3611,466 3611,466 2951,769
795 4913,996 3611,466 2951,769
796 4425,931 3611,466 2951,769
797 3611,466 3611,466 2951,769
798 3611,466 3611,466 2951,769
799 3611,466 3611,466 2951,769
800 3611,466 3611,466 2951,769
