nrOsobnika current best_current best_global
1 6343,975 5103,950 2792,366
2 6812,715 5103,950 2792,366
3 5887,492 5103,950 2792,366
4 6950,124 5103,950 2792,366
5 5479,945 5103,950 2792,366
6 7126,063 5103,950 2792,366
7 6265,589 5103,950 2792,366
8 6019,221 5103,950 2792,366
9 6603,614 5103,950 2792,366
10 6114,183 5103,950 2792,366
11 6510,625 5103,950 2792,366
12 5103,950 5103,950 2792,366
13 6641,958 5103,950 2792,366
14 7128,128 5103,950 2792,366
15 7312,965 5103,950 2792,366
16 6759,985 5103,950 2792,366
17 6650,244 5103,950 2792,366
18 6381,227 5103,950 2792,366
19 7336,871 5103,950 2792,366
20 6413,616 5103,950 2792,366
21 5103,950 4888,510 2792,366
22 5479,945 4888,510 2792,366
23 5747,817 4888,510 2792,366
24 5789,521 4888,510 2792,366
25 5857,039 4888,510 2792,366
26 5887,492 4888,510 2792,366
27 5939,237 4888,510 2792,366
28 5973,877 4888,510 2792,366
29 6019,221 4888,510 2792,366
30 6096,453 4888,510 2792,366
31 6112,929 4888,510 2792,366
32 6114,183 4888,510 2792,366
33 6124,772 4888,510 2792,366
34 6174,483 4888,510 2792,366
35 6180,694 4888,510 2792,366
36 6205,877 4888,510 2792,366
37 6265,589 4888,510 2792,366
38 6275,394 4888,510 2792,366
39 6312,946 4888,510 2792,366
40 6343,975 4888,510 2792,366
41 4888,510 4888,510 2792,366
42 5103,950 4888,510 2792,366
43 5158,642 4888,510 2792,366
44 5325,442 4888,510 2792,366
45 5327,563 4888,510 2792,366
46 5479,945 4888,510 2792,366
47 5747,817 4888,510 2792,366
48 5765,887 4888,510 2792,366
49 5789,521 4888,510 2792,366
50 5793,860 4888,510 2792,366
51 5848,031 4888,510 2792,366
52 5848,595 4888,510 2792,366
53 5857,039 4888,510 2792,366
54 5887,492 4888,510 2792,366
55 5939,237 4888,510 2792,366
56 5954,443 4888,510 2792,366
57 5973,877 4888,510 2792,366
58 6019,221 4888,510 2792,366
59 6095,311 4888,510 2792,366
60 6096,453 4888,510 2792,366
61 4888,510 4888,510 2792,366
62 5103,950 4888,510 2792,366
63 5158,642 4888,510 2792,366
64 5286,870 4888,510 2792,366
65 5325,442 4888,510 2792,366
66 5327,563 4888,510 2792,366
67 5344,360 4888,510 2792,366
68 5464,305 4888,510 2792,366
69 5473,311 4888,510 2792,366
70 5479,945 4888,510 2792,366
71 5500,230 4888,510 2792,366
72 5664,061 4888,510 2792,366
73 5712,530 4888,510 2792,366
74 5747,817 4888,510 2792,366
75 5765,887 4888,510 2792,366
76 5789,521 4888,510 2792,366
77 5793,860 4888,510 2792,366
78 5848,031 4888,510 2792,366
79 5848,595 4888,510 2792,366
80 5857,039 4888,510 2792,366
81 4888,510 4888,510 2792,366
82 4979,038 4888,510 2792,366
83 5103,950 4888,510 2792,366
84 5148,186 4888,510 2792,366
85 5158,642 4888,510 2792,366
86 5270,485 4888,510 2792,366
87 5286,870 4888,510 2792,366
88 5325,442 4888,510 2792,366
89 5327,563 4888,510 2792,366
90 5344,360 4888,510 2792,366
91 5418,798 4888,510 2792,366
92 5446,068 4888,510 2792,366
93 5464,305 4888,510 2792,366
94 5473,311 4888,510 2792,366
95 5479,945 4888,510 2792,366
96 5483,287 4888,510 2792,366
97 5500,230 4888,510 2792,366
98 6103,814 4888,510 2792,366
99 5646,034 4888,510 2792,366
100 6458,973 4888,510 2792,366
101 4888,510 4528,408 2792,366
102 4895,978 4528,408 2792,366
103 4979,038 4528,408 2792,366
104 5015,362 4528,408 2792,366
105 5103,950 4528,408 2792,366
106 5106,790 4528,408 2792,366
107 5148,186 4528,408 2792,366
108 5158,642 4528,408 2792,366
109 5229,388 4528,408 2792,366
110 5249,613 4528,408 2792,366
111 5262,109 4528,408 2792,366
112 5270,485 4528,408 2792,366
113 5286,870 4528,408 2792,366
114 5307,618 4528,408 2792,366
115 5325,442 4528,408 2792,366
116 5327,563 4528,408 2792,366
117 5344,360 4528,408 2792,366
118 5383,912 4528,408 2792,366
119 5418,798 4528,408 2792,366
120 5439,001 4528,408 2792,366
121 4528,408 4528,408 2792,366
122 4592,815 4528,408 2792,366
123 4742,696 4528,408 2792,366
124 4837,476 4528,408 2792,366
125 4888,510 4528,408 2792,366
126 4895,978 4528,408 2792,366
127 4979,038 4528,408 2792,366
128 5015,362 4528,408 2792,366
129 5103,950 4528,408 2792,366
130 5106,790 4528,408 2792,366
131 5148,186 4528,408 2792,366
132 5158,642 4528,408 2792,366
133 5229,388 4528,408 2792,366
134 5249,613 4528,408 2792,366
135 5262,109 4528,408 2792,366
136 5270,485 4528,408 2792,366
137 5286,870 4528,408 2792,366
138 5307,618 4528,408 2792,366
139 5325,442 4528,408 2792,366
140 5327,563 4528,408 2792,366
141 4528,408 4528,408 2792,366
142 4592,815 4528,408 2792,366
143 4558,565 4528,408 2792,366
144 4725,631 4528,408 2792,366
145 4742,696 4528,408 2792,366
146 4805,629 4528,408 2792,366
147 4837,476 4528,408 2792,366
148 4888,510 4528,408 2792,366
149 4895,978 4528,408 2792,366
150 4915,049 4528,408 2792,366
151 4979,038 4528,408 2792,366
152 4979,038 4528,408 2792,366
153 5015,362 4528,408 2792,366
154 5103,950 4528,408 2792,366
155 5106,790 4528,408 2792,366
156 5145,896 4528,408 2792,366
157 5148,186 4528,408 2792,366
158 5148,186 4528,408 2792,366
159 5158,642 4528,408 2792,366
160 5184,895 4528,408 2792,366
161 4528,408 4097,063 2792,366
162 4528,408 4097,063 2792,366
163 4558,565 4097,063 2792,366
164 4592,815 4097,063 2792,366
165 4725,631 4097,063 2792,366
166 4735,117 4097,063 2792,366
167 4742,696 4097,063 2792,366
168 4788,298 4097,063 2792,366
169 4805,629 4097,063 2792,366
170 4837,476 4097,063 2792,366
171 4888,510 4097,063 2792,366
172 4895,978 4097,063 2792,366
173 4915,049 4097,063 2792,366
174 4919,006 4097,063 2792,366
175 4938,902 4097,063 2792,366
176 4979,038 4097,063 2792,366
177 4979,038 4097,063 2792,366
178 4979,038 4097,063 2792,366
179 4982,299 4097,063 2792,366
180 4998,752 4097,063 2792,366
181 4097,063 4097,063 2792,366
182 4264,948 4097,063 2792,366
183 4404,105 4097,063 2792,366
184 4430,201 4097,063 2792,366
185 4528,408 4097,063 2792,366
186 4558,565 4097,063 2792,366
187 4592,815 4097,063 2792,366
188 4626,898 4097,063 2792,366
189 6359,641 4097,063 2792,366
190 4735,117 4097,063 2792,366
191 5756,914 4097,063 2792,366
192 4788,298 4097,063 2792,366
193 4793,429 4097,063 2792,366
194 4799,163 4097,063 2792,366
195 4805,629 4097,063 2792,366
196 4837,476 4097,063 2792,366
197 4888,510 4097,063 2792,366
198 4895,978 4097,063 2792,366
199 4895,978 4097,063 2792,366
200 4901,271 4097,063 2792,366
201 4097,063 4097,063 2792,366
202 4264,948 4097,063 2792,366
203 4404,105 4097,063 2792,366
204 4430,201 4097,063 2792,366
205 4438,036 4097,063 2792,366
206 4465,186 4097,063 2792,366
207 4527,127 4097,063 2792,366
208 4528,408 4097,063 2792,366
209 4533,814 4097,063 2792,366
210 4551,018 4097,063 2792,366
211 4558,565 4097,063 2792,366
212 4592,815 4097,063 2792,366
213 4622,611 4097,063 2792,366
214 4626,898 4097,063 2792,366
215 4735,117 4097,063 2792,366
216 4788,298 4097,063 2792,366
217 4793,429 4097,063 2792,366
218 4799,163 4097,063 2792,366
219 4805,629 4097,063 2792,366
220 4837,476 4097,063 2792,366
221 4097,063 4097,063 2792,366
222 4264,948 4097,063 2792,366
223 4404,105 4097,063 2792,366
224 4430,201 4097,063 2792,366
225 4438,036 4097,063 2792,366
226 4465,186 4097,063 2792,366
227 4527,127 4097,063 2792,366
228 4528,408 4097,063 2792,366
229 4529,110 4097,063 2792,366
230 4533,814 4097,063 2792,366
231 4551,018 4097,063 2792,366
232 4558,565 4097,063 2792,366
233 4570,125 4097,063 2792,366
234 4576,981 4097,063 2792,366
235 4583,763 4097,063 2792,366
236 4592,815 4097,063 2792,366
237 4622,611 4097,063 2792,366
238 4622,639 4097,063 2792,366
239 4624,697 4097,063 2792,366
240 4626,898 4097,063 2792,366
241 4097,063 4097,063 2792,366
242 4174,864 4097,063 2792,366
243 4189,476 4097,063 2792,366
244 4238,815 4097,063 2792,366
245 4264,948 4097,063 2792,366
246 4404,105 4097,063 2792,366
247 4416,522 4097,063 2792,366
248 4429,736 4097,063 2792,366
249 4430,201 4097,063 2792,366
250 4438,036 4097,063 2792,366
251 4465,186 4097,063 2792,366
252 4516,786 4097,063 2792,366
253 4527,127 4097,063 2792,366
254 4528,408 4097,063 2792,366
255 4528,408 4097,063 2792,366
256 4529,110 4097,063 2792,366
257 4533,814 4097,063 2792,366
258 4551,018 4097,063 2792,366
259 4558,565 4097,063 2792,366
260 4564,346 4097,063 2792,366
261 4097,063 4097,063 2792,366
262 4174,864 4097,063 2792,366
263 4183,210 4097,063 2792,366
264 4189,476 4097,063 2792,366
265 4238,815 4097,063 2792,366
266 4238,815 4097,063 2792,366
267 4264,948 4097,063 2792,366
268 4385,867 4097,063 2792,366
269 4870,859 4097,063 2792,366
270 4404,105 4097,063 2792,366
271 4416,522 4097,063 2792,366
272 4429,736 4097,063 2792,366
273 4430,201 4097,063 2792,366
274 4430,201 4097,063 2792,366
275 4438,036 4097,063 2792,366
276 4438,036 4097,063 2792,366
277 4465,186 4097,063 2792,366
278 4466,918 4097,063 2792,366
279 4516,786 4097,063 2792,366
280 4527,127 4097,063 2792,366
281 4097,063 3967,597 2792,366
282 4097,063 3967,597 2792,366
283 4110,684 3967,597 2792,366
284 4136,294 3967,597 2792,366
285 4174,864 3967,597 2792,366
286 4183,210 3967,597 2792,366
287 4189,476 3967,597 2792,366
288 4189,476 3967,597 2792,366
289 4223,539 3967,597 2792,366
290 4238,815 3967,597 2792,366
291 4238,815 3967,597 2792,366
292 4264,948 3967,597 2792,366
293 4280,729 3967,597 2792,366
294 4291,502 3967,597 2792,366
295 4311,560 3967,597 2792,366
296 4311,560 3967,597 2792,366
297 4325,181 3967,597 2792,366
298 4385,867 3967,597 2792,366
299 4404,105 3967,597 2792,366
300 4416,522 3967,597 2792,366
301 3967,597 3858,201 2792,366
302 6207,670 3858,201 2792,366
303 4097,063 3858,201 2792,366
304 4097,063 3858,201 2792,366
305 4097,063 3858,201 2792,366
306 4110,684 3858,201 2792,366
307 4110,684 3858,201 2792,366
308 4110,684 3858,201 2792,366
309 4136,294 3858,201 2792,366
310 4147,083 3858,201 2792,366
311 4158,581 3858,201 2792,366
312 4174,864 3858,201 2792,366
313 4183,210 3858,201 2792,366
314 5010,127 3858,201 2792,366
315 4189,476 3858,201 2792,366
316 4189,476 3858,201 2792,366
317 4189,476 3858,201 2792,366
318 4189,476 3858,201 2792,366
319 4223,539 3858,201 2792,366
320 4238,815 3858,201 2792,366
321 3858,201 3580,684 2792,366
322 3967,597 3580,684 2792,366
323 4074,819 3580,684 2792,366
324 4081,226 3580,684 2792,366
325 4087,994 3580,684 2792,366
326 4097,063 3580,684 2792,366
327 4097,063 3580,684 2792,366
328 4097,063 3580,684 2792,366
329 4097,063 3580,684 2792,366
330 4110,684 3580,684 2792,366
331 4110,684 3580,684 2792,366
332 4110,684 3580,684 2792,366
333 4110,684 3580,684 2792,366
334 4136,294 3580,684 2792,366
335 4147,083 3580,684 2792,366
336 4151,426 3580,684 2792,366
337 4158,581 3580,684 2792,366
338 4162,889 3580,684 2792,366
339 4169,219 3580,684 2792,366
340 4174,864 3580,684 2792,366
341 3580,684 3264,379 2792,366
342 3840,489 3264,379 2792,366
343 3858,201 3264,379 2792,366
344 3880,891 3264,379 2792,366
345 3945,003 3264,379 2792,366
346 3967,597 3264,379 2792,366
347 3976,885 3264,379 2792,366
348 4063,693 3264,379 2792,366
349 4063,693 3264,379 2792,366
350 4024,499 3264,379 2792,366
351 4081,226 3264,379 2792,366
352 4087,994 3264,379 2792,366
353 4087,994 3264,379 2792,366
354 4097,063 3264,379 2792,366
355 4097,063 3264,379 2792,366
356 4097,063 3264,379 2792,366
357 4378,659 3264,379 2792,366
358 4097,063 3264,379 2792,366
359 4097,063 3264,379 2792,366
360 5205,592 3264,379 2792,366
361 3264,379 3264,379 2792,366
362 3399,950 3264,379 2792,366
363 3517,730 3264,379 2792,366
364 3580,684 3264,379 2792,366
365 3723,655 3264,379 2792,366
366 3840,489 3264,379 2792,366
367 3858,201 3264,379 2792,366
368 3858,201 3264,379 2792,366
369 3867,084 3264,379 2792,366
370 3880,891 3264,379 2792,366
371 3880,891 3264,379 2792,366
372 3915,931 3264,379 2792,366
373 3917,482 3264,379 2792,366
374 3945,003 3264,379 2792,366
375 3945,003 3264,379 2792,366
376 3967,597 3264,379 2792,366
377 3976,885 3264,379 2792,366
378 4024,499 3264,379 2792,366
379 4052,787 3264,379 2792,366
380 4058,084 3264,379 2792,366
381 3264,379 3264,379 2792,366
382 3376,799 3264,379 2792,366
383 3399,950 3264,379 2792,366
384 3517,730 3264,379 2792,366
385 3580,684 3264,379 2792,366
386 3660,814 3264,379 2792,366
387 3686,138 3264,379 2792,366
388 4681,694 3264,379 2792,366
389 3711,123 3264,379 2792,366
390 3723,655 3264,379 2792,366
391 3750,250 3264,379 2792,366
392 3761,084 3264,379 2792,366
393 3840,489 3264,379 2792,366
394 3854,296 3264,379 2792,366
395 3858,201 3264,379 2792,366
396 3858,201 3264,379 2792,366
397 3858,201 3264,379 2792,366
398 3858,201 3264,379 2792,366
399 3867,084 3264,379 2792,366
400 3867,084 3264,379 2792,366
401 3264,379 3209,150 2792,366
402 3344,721 3209,150 2792,366
403 3376,799 3209,150 2792,366
404 3399,950 3209,150 2792,366
405 3399,950 3209,150 2792,366
406 3517,730 3209,150 2792,366
407 3565,740 3209,150 2792,366
408 3580,684 3209,150 2792,366
409 3580,684 3209,150 2792,366
410 3594,068 3209,150 2792,366
411 3620,956 3209,150 2792,366
412 4065,427 3209,150 2792,366
413 3659,543 3209,150 2792,366
414 3660,814 3209,150 2792,366
415 3668,426 3209,150 2792,366
416 3686,138 3209,150 2792,366
417 3686,138 3209,150 2792,366
418 3708,005 3209,150 2792,366
419 3711,123 3209,150 2792,366
420 3723,655 3209,150 2792,366
421 3209,150 3209,150 2792,366
422 3264,379 3209,150 2792,366
423 4775,515 3209,150 2792,366
424 3344,721 3209,150 2792,366
425 3344,721 3209,150 2792,366
426 3376,799 3209,150 2792,366
427 3376,799 3209,150 2792,366
428 3399,950 3209,150 2792,366
429 4592,955 3209,150 2792,366
430 3399,950 3209,150 2792,366
431 3399,950 3209,150 2792,366
432 3477,778 3209,150 2792,366
433 3517,730 3209,150 2792,366
434 3565,740 3209,150 2792,366
435 3580,684 3209,150 2792,366
436 3580,684 3209,150 2792,366
437 3580,684 3209,150 2792,366
438 3594,068 3209,150 2792,366
439 3594,068 3209,150 2792,366
440 3620,956 3209,150 2792,366
441 3209,150 3139,984 2792,366
442 3217,812 3139,984 2792,366
443 3217,812 3139,984 2792,366
444 3264,379 3139,984 2792,366
445 3333,343 3139,984 2792,366
446 3335,838 3139,984 2792,366
447 3335,838 3139,984 2792,366
448 3344,721 3139,984 2792,366
449 3344,721 3139,984 2792,366
450 3376,799 3139,984 2792,366
451 3376,799 3139,984 2792,366
452 3399,950 3139,984 2792,366
453 3399,950 3139,984 2792,366
454 3399,950 3139,984 2792,366
455 3399,950 3139,984 2792,366
456 3399,950 3139,984 2792,366
457 3437,425 3139,984 2792,366
458 3473,842 3139,984 2792,366
459 3477,778 3139,984 2792,366
460 3477,778 3139,984 2792,366
461 3139,984 3139,984 2792,366
462 3199,236 3139,984 2792,366
463 3200,267 3139,984 2792,366
464 3209,150 3139,984 2792,366
465 3217,812 3139,984 2792,366
466 3217,812 3139,984 2792,366
467 3217,812 3139,984 2792,366
468 3217,812 3139,984 2792,366
469 3264,379 3139,984 2792,366
470 3264,379 3139,984 2792,366
471 3333,343 3139,984 2792,366
472 3335,838 3139,984 2792,366
473 3335,838 3139,984 2792,366
474 3335,838 3139,984 2792,366
475 3335,838 3139,984 2792,366
476 3335,838 3139,984 2792,366
477 3342,207 3139,984 2792,366
478 3344,721 3139,984 2792,366
479 3344,721 3139,984 2792,366
480 3344,721 3139,984 2792,366
481 3139,984 3121,408 2792,366
482 3199,236 3121,408 2792,366
483 3199,236 3121,408 2792,366
484 3199,236 3121,408 2792,366
485 3200,267 3121,408 2792,366
486 3200,267 3121,408 2792,366
487 3200,267 3121,408 2792,366
488 3209,150 3121,408 2792,366
489 3217,812 3121,408 2792,366
490 3217,812 3121,408 2792,366
491 3217,812 3121,408 2792,366
492 3217,812 3121,408 2792,366
493 3217,812 3121,408 2792,366
494 3217,812 3121,408 2792,366
495 3264,379 3121,408 2792,366
496 3264,379 3121,408 2792,366
497 3264,379 3121,408 2792,366
498 4185,690 3121,408 2792,366
499 3264,379 3121,408 2792,366
500 3286,978 3121,408 2792,366
501 3121,408 3121,408 2792,366
502 3121,408 3121,408 2792,366
503 3139,984 3121,408 2792,366
504 3199,236 3121,408 2792,366
505 4507,226 3121,408 2792,366
506 3199,236 3121,408 2792,366
507 3199,236 3121,408 2792,366
508 3200,267 3121,408 2792,366
509 3200,267 3121,408 2792,366
510 3200,267 3121,408 2792,366
511 3200,267 3121,408 2792,366
512 3209,150 3121,408 2792,366
513 3217,812 3121,408 2792,366
514 3532,010 3121,408 2792,366
515 3456,146 3121,408 2792,366
516 3217,812 3121,408 2792,366
517 3217,812 3121,408 2792,366
518 3217,812 3121,408 2792,366
519 3217,812 3121,408 2792,366
520 3217,812 3121,408 2792,366
521 3121,408 3121,408 2792,366
522 3121,408 3121,408 2792,366
523 3121,408 3121,408 2792,366
524 3139,984 3121,408 2792,366
525 3139,984 3121,408 2792,366
526 3199,236 3121,408 2792,366
527 3199,236 3121,408 2792,366
528 3199,236 3121,408 2792,366
529 3199,236 3121,408 2792,366
530 3200,267 3121,408 2792,366
531 3200,267 3121,408 2792,366
532 3200,267 3121,408 2792,366
533 3200,267 3121,408 2792,366
534 3200,267 3121,408 2792,366
535 3200,267 3121,408 2792,366
536 3209,150 3121,408 2792,366
537 3209,150 3121,408 2792,366
538 3217,812 3121,408 2792,366
539 3217,812 3121,408 2792,366
540 3217,812 3121,408 2792,366
541 3121,408 3121,408 2792,366
542 5054,816 3121,408 2792,366
543 3121,408 3121,408 2792,366
544 3121,408 3121,408 2792,366
545 3121,408 3121,408 2792,366
546 3121,408 3121,408 2792,366
547 3121,408 3121,408 2792,366
548 3139,984 3121,408 2792,366
549 3139,984 3121,408 2792,366
550 3199,236 3121,408 2792,366
551 3199,236 3121,408 2792,366
552 5325,385 3121,408 2792,366
553 3199,236 3121,408 2792,366
554 3199,236 3121,408 2792,366
555 3200,267 3121,408 2792,366
556 3200,267 3121,408 2792,366
557 3200,267 3121,408 2792,366
558 3200,267 3121,408 2792,366
559 3200,267 3121,408 2792,366
560 3200,267 3121,408 2792,366
561 3121,408 3121,408 2792,366
562 3121,408 3121,408 2792,366
563 3121,408 3121,408 2792,366
564 3121,408 3121,408 2792,366
565 3121,408 3121,408 2792,366
566 3121,408 3121,408 2792,366
567 3121,408 3121,408 2792,366
568 3121,408 3121,408 2792,366
569 3121,408 3121,408 2792,366
570 3121,408 3121,408 2792,366
571 3121,408 3121,408 2792,366
572 3121,408 3121,408 2792,366
573 3121,408 3121,408 2792,366
574 3121,408 3121,408 2792,366
575 3121,408 3121,408 2792,366
576 3139,984 3121,408 2792,366
577 3139,984 3121,408 2792,366
578 3139,984 3121,408 2792,366
579 3199,236 3121,408 2792,366
580 3199,236 3121,408 2792,366
581 3121,408 3121,408 2792,366
582 3121,408 3121,408 2792,366
583 3121,408 3121,408 2792,366
584 3121,408 3121,408 2792,366
585 3121,408 3121,408 2792,366
586 5199,078 3121,408 2792,366
587 3121,408 3121,408 2792,366
588 3121,408 3121,408 2792,366
589 3121,408 3121,408 2792,366
590 3121,408 3121,408 2792,366
591 5280,479 3121,408 2792,366
592 3121,408 3121,408 2792,366
593 3121,408 3121,408 2792,366
594 3121,408 3121,408 2792,366
595 3121,408 3121,408 2792,366
596 3121,408 3121,408 2792,366
597 3121,408 3121,408 2792,366
598 3121,408 3121,408 2792,366
599 3121,408 3121,408 2792,366
600 3121,408 3121,408 2792,366
601 3121,408 3121,408 2792,366
602 3121,408 3121,408 2792,366
603 3121,408 3121,408 2792,366
604 3121,408 3121,408 2792,366
605 3121,408 3121,408 2792,366
606 3121,408 3121,408 2792,366
607 3121,408 3121,408 2792,366
608 3121,408 3121,408 2792,366
609 3121,408 3121,408 2792,366
610 3121,408 3121,408 2792,366
611 3121,408 3121,408 2792,366
612 3121,408 3121,408 2792,366
613 3121,408 3121,408 2792,366
614 3121,408 3121,408 2792,366
615 3121,408 3121,408 2792,366
616 3121,408 3121,408 2792,366
617 3121,408 3121,408 2792,366
618 3121,408 3121,408 2792,366
619 3121,408 3121,408 2792,366
620 3121,408 3121,408 2792,366
621 3121,408 3121,408 2792,366
622 3121,408 3121,408 2792,366
623 3121,408 3121,408 2792,366
624 3121,408 3121,408 2792,366
625 3121,408 3121,408 2792,366
626 3121,408 3121,408 2792,366
627 3121,408 3121,408 2792,366
628 3121,408 3121,408 2792,366
629 3121,408 3121,408 2792,366
630 3121,408 3121,408 2792,366
631 3121,408 3121,408 2792,366
632 3121,408 3121,408 2792,366
633 3121,408 3121,408 2792,366
634 3121,408 3121,408 2792,366
635 3121,408 3121,408 2792,366
636 3121,408 3121,408 2792,366
637 3121,408 3121,408 2792,366
638 3121,408 3121,408 2792,366
639 3121,408 3121,408 2792,366
640 3121,408 3121,408 2792,366
641 3121,408 3121,408 2792,366
642 3121,408 3121,408 2792,366
643 3121,408 3121,408 2792,366
644 3121,408 3121,408 2792,366
645 3121,408 3121,408 2792,366
646 3121,408 3121,408 2792,366
647 3121,408 3121,408 2792,366
648 3121,408 3121,408 2792,366
649 3121,408 3121,408 2792,366
650 3121,408 3121,408 2792,366
651 3121,408 3121,408 2792,366
652 3121,408 3121,408 2792,366
653 3121,408 3121,408 2792,366
654 3121,408 3121,408 2792,366
655 3121,408 3121,408 2792,366
656 3121,408 3121,408 2792,366
657 3121,408 3121,408 2792,366
658 3121,408 3121,408 2792,366
659 3121,408 3121,408 2792,366
660 3121,408 3121,408 2792,366
661 4740,506 3121,408 2792,366
662 3121,408 3121,408 2792,366
663 3121,408 3121,408 2792,366
664 3121,408 3121,408 2792,366
665 3121,408 3121,408 2792,366
666 3121,408 3121,408 2792,366
667 3121,408 3121,408 2792,366
668 3121,408 3121,408 2792,366
669 3121,408 3121,408 2792,366
670 3121,408 3121,408 2792,366
671 3121,408 3121,408 2792,366
672 3121,408 3121,408 2792,366
673 3121,408 3121,408 2792,366
674 3121,408 3121,408 2792,366
675 3121,408 3121,408 2792,366
676 3121,408 3121,408 2792,366
677 3121,408 3121,408 2792,366
678 3121,408 3121,408 2792,366
679 3121,408 3121,408 2792,366
680 3121,408 3121,408 2792,366
681 3121,408 3121,408 2792,366
682 3121,408 3121,408 2792,366
683 3121,408 3121,408 2792,366
684 3121,408 3121,408 2792,366
685 3121,408 3121,408 2792,366
686 3121,408 3121,408 2792,366
687 4085,434 3121,408 2792,366
688 4707,234 3121,408 2792,366
689 3121,408 3121,408 2792,366
690 3121,408 3121,408 2792,366
691 3121,408 3121,408 2792,366
692 3505,344 3121,408 2792,366
693 3121,408 3121,408 2792,366
694 3121,408 3121,408 2792,366
695 4553,528 3121,408 2792,366
696 3121,408 3121,408 2792,366
697 3121,408 3121,408 2792,366
698 3121,408 3121,408 2792,366
699 3121,408 3121,408 2792,366
700 3121,408 3121,408 2792,366
701 3121,408 3121,408 2792,366
702 3121,408 3121,408 2792,366
703 3121,408 3121,408 2792,366
704 3121,408 3121,408 2792,366
705 3121,408 3121,408 2792,366
706 3121,408 3121,408 2792,366
707 3121,408 3121,408 2792,366
708 3121,408 3121,408 2792,366
709 6034,581 3121,408 2792,366
710 3121,408 3121,408 2792,366
711 3121,408 3121,408 2792,366
712 3121,408 3121,408 2792,366
713 3121,408 3121,408 2792,366
714 3121,408 3121,408 2792,366
715 5251,328 3121,408 2792,366
716 3121,408 3121,408 2792,366
717 3121,408 3121,408 2792,366
718 3121,408 3121,408 2792,366
719 3121,408 3121,408 2792,366
720 3121,408 3121,408 2792,366
721 3121,408 3121,408 2792,366
722 3121,408 3121,408 2792,366
723 3121,408 3121,408 2792,366
724 3121,408 3121,408 2792,366
725 3121,408 3121,408 2792,366
726 3121,408 3121,408 2792,366
727 3121,408 3121,408 2792,366
728 3121,408 3121,408 2792,366
729 3121,408 3121,408 2792,366
730 3121,408 3121,408 2792,366
731 3121,408 3121,408 2792,366
732 3121,408 3121,408 2792,366
733 3760,449 3121,408 2792,366
734 3121,408 3121,408 2792,366
735 3121,408 3121,408 2792,366
736 3590,831 3121,408 2792,366
737 4153,922 3121,408 2792,366
738 3121,408 3121,408 2792,366
739 3121,408 3121,408 2792,366
740 3121,408 3121,408 2792,366
741 3121,408 3121,408 2792,366
742 3121,408 3121,408 2792,366
743 3121,408 3121,408 2792,366
744 3121,408 3121,408 2792,366
745 3121,408 3121,408 2792,366
746 3121,408 3121,408 2792,366
747 3121,408 3121,408 2792,366
748 3121,408 3121,408 2792,366
749 4501,662 3121,408 2792,366
750 3121,408 3121,408 2792,366
751 3121,408 3121,408 2792,366
752 3121,408 3121,408 2792,366
753 3121,408 3121,408 2792,366
754 3121,408 3121,408 2792,366
755 3121,408 3121,408 2792,366
756 3121,408 3121,408 2792,366
757 3121,408 3121,408 2792,366
758 3121,408 3121,408 2792,366
759 3121,408 3121,408 2792,366
760 3121,408 3121,408 2792,366
761 3121,408 3121,408 2792,366
762 3121,408 3121,408 2792,366
763 3121,408 3121,408 2792,366
764 3121,408 3121,408 2792,366
765 3121,408 3121,408 2792,366
766 3121,408 3121,408 2792,366
767 3121,408 3121,408 2792,366
768 3121,408 3121,408 2792,366
769 3121,408 3121,408 2792,366
770 3121,408 3121,408 2792,366
771 3121,408 3121,408 2792,366
772 3121,408 3121,408 2792,366
773 3121,408 3121,408 2792,366
774 3121,408 3121,408 2792,366
775 3121,408 3121,408 2792,366
776 3121,408 3121,408 2792,366
777 3121,408 3121,408 2792,366
778 3121,408 3121,408 2792,366
779 3121,408 3121,408 2792,366
780 5065,859 3121,408 2792,366
781 3121,408 3121,408 2792,366
782 3121,408 3121,408 2792,366
783 3121,408 3121,408 2792,366
784 3121,408 3121,408 2792,366
785 3121,408 3121,408 2792,366
786 4163,541 3121,408 2792,366
787 3121,408 3121,408 2792,366
788 3121,408 3121,408 2792,366
789 3121,408 3121,408 2792,366
790 3121,408 3121,408 2792,366
791 3121,408 3121,408 2792,366
792 3121,408 3121,408 2792,366
793 3121,408 3121,408 2792,366
794 3121,408 3121,408 2792,366
795 3121,408 3121,408 2792,366
796 3121,408 3121,408 2792,366
797 3121,408 3121,408 2792,366
798 3121,408 3121,408 2792,366
799 3121,408 3121,408 2792,366
800 3121,408 3121,408 2792,366
