nrOsobnika current best_current best_global
1 6773,352 4512,481 2925,740
2 6752,017 4512,481 2925,740
3 5821,059 4512,481 2925,740
4 6211,973 4512,481 2925,740
5 6029,633 4512,481 2925,740
6 6538,855 4512,481 2925,740
7 6848,928 4512,481 2925,740
8 6393,275 4512,481 2925,740
9 4512,481 4512,481 2925,740
10 7066,967 4512,481 2925,740
11 6377,337 4512,481 2925,740
12 7315,994 4512,481 2925,740
13 7116,471 4512,481 2925,740
14 6284,027 4512,481 2925,740
15 6981,975 4512,481 2925,740
16 6314,402 4512,481 2925,740
17 7002,132 4512,481 2925,740
18 6491,798 4512,481 2925,740
19 7032,708 4512,481 2925,740
20 5889,787 4512,481 2925,740
21 4512,481 4292,361 2925,740
22 5229,190 4292,361 2925,740
23 5821,059 4292,361 2925,740
24 5889,787 4292,361 2925,740
25 5962,111 4292,361 2925,740
26 6029,633 4292,361 2925,740
27 6032,233 4292,361 2925,740
28 6066,054 4292,361 2925,740
29 6067,327 4292,361 2925,740
30 6094,497 4292,361 2925,740
31 6145,961 4292,361 2925,740
32 6156,379 4292,361 2925,740
33 6211,973 4292,361 2925,740
34 6239,927 4292,361 2925,740
35 6284,027 4292,361 2925,740
36 6292,327 4292,361 2925,740
37 6314,402 4292,361 2925,740
38 6354,758 4292,361 2925,740
39 6377,337 4292,361 2925,740
40 6393,275 4292,361 2925,740
41 4292,361 4292,361 2925,740
42 4512,481 4292,361 2925,740
43 4883,125 4292,361 2925,740
44 5229,190 4292,361 2925,740
45 5281,301 4292,361 2925,740
46 5635,715 4292,361 2925,740
47 5639,983 4292,361 2925,740
48 5744,383 4292,361 2925,740
49 5746,486 4292,361 2925,740
50 5821,059 4292,361 2925,740
51 5856,060 4292,361 2925,740
52 5889,787 4292,361 2925,740
53 5915,027 4292,361 2925,740
54 5962,111 4292,361 2925,740
55 5970,880 4292,361 2925,740
56 6005,857 4292,361 2925,740
57 6029,633 4292,361 2925,740
58 6032,233 4292,361 2925,740
59 6066,054 4292,361 2925,740
60 6067,327 4292,361 2925,740
61 4292,361 4292,361 2925,740
62 4512,481 4292,361 2925,740
63 4883,125 4292,361 2925,740
64 5057,337 4292,361 2925,740
65 5198,014 4292,361 2925,740
66 5229,190 4292,361 2925,740
67 5281,301 4292,361 2925,740
68 5366,808 4292,361 2925,740
69 5377,751 4292,361 2925,740
70 5434,350 4292,361 2925,740
71 5497,133 4292,361 2925,740
72 5543,754 4292,361 2925,740
73 5609,105 4292,361 2925,740
74 5635,715 4292,361 2925,740
75 5639,983 4292,361 2925,740
76 5694,814 4292,361 2925,740
77 6201,993 4292,361 2925,740
78 5734,400 4292,361 2925,740
79 5744,383 4292,361 2925,740
80 5746,486 4292,361 2925,740
81 4292,361 4292,361 2925,740
82 4512,481 4292,361 2925,740
83 4647,002 4292,361 2925,740
84 4883,125 4292,361 2925,740
85 4904,945 4292,361 2925,740
86 5077,694 4292,361 2925,740
87 4990,490 4292,361 2925,740
88 5057,337 4292,361 2925,740
89 5101,721 4292,361 2925,740
90 6803,653 4292,361 2925,740
91 5229,190 4292,361 2925,740
92 5256,361 4292,361 2925,740
93 5264,778 4292,361 2925,740
94 5281,301 4292,361 2925,740
95 5320,643 4292,361 2925,740
96 5366,808 4292,361 2925,740
97 5377,751 4292,361 2925,740
98 5417,405 4292,361 2925,740
99 5434,350 4292,361 2925,740
100 5497,133 4292,361 2925,740
101 4292,361 4292,361 2925,740
102 4496,953 4292,361 2925,740
103 4512,481 4292,361 2925,740
104 4647,002 4292,361 2925,740
105 4669,056 4292,361 2925,740
106 4760,449 4292,361 2925,740
107 4883,125 4292,361 2925,740
108 4904,945 4292,361 2925,740
109 4966,932 4292,361 2925,740
110 4990,490 4292,361 2925,740
111 5000,452 4292,361 2925,740
112 5020,854 4292,361 2925,740
113 5080,713 4292,361 2925,740
114 5077,694 4292,361 2925,740
115 5084,629 4292,361 2925,740
116 5101,721 4292,361 2925,740
117 5181,809 4292,361 2925,740
118 5197,120 4292,361 2925,740
119 5416,260 4292,361 2925,740
120 5256,361 4292,361 2925,740
121 4292,361 4292,361 2925,740
122 6076,314 4292,361 2925,740
123 4496,953 4292,361 2925,740
124 4512,481 4292,361 2925,740
125 4512,481 4292,361 2925,740
126 4647,002 4292,361 2925,740
127 4669,056 4292,361 2925,740
128 4760,449 4292,361 2925,740
129 4792,199 4292,361 2925,740
130 4836,960 4292,361 2925,740
131 4867,953 4292,361 2925,740
132 4868,666 4292,361 2925,740
133 4882,589 4292,361 2925,740
134 4883,125 4292,361 2925,740
135 4904,945 4292,361 2925,740
136 4904,945 4292,361 2925,740
137 4966,932 4292,361 2925,740
138 4990,490 4292,361 2925,740
139 5000,452 4292,361 2925,740
140 5020,854 4292,361 2925,740
141 4292,361 3903,327 2925,740
142 4496,953 3903,327 2925,740
143 4512,481 3903,327 2925,740
144 4512,481 3903,327 2925,740
145 4567,978 3903,327 2925,740
146 4567,978 3903,327 2925,740
147 4578,588 3903,327 2925,740
148 4607,810 3903,327 2925,740
149 4647,002 3903,327 2925,740
150 4656,376 3903,327 2925,740
151 4669,056 3903,327 2925,740
152 4680,310 3903,327 2925,740
153 4760,449 3903,327 2925,740
154 4792,199 3903,327 2925,740
155 4829,122 3903,327 2925,740
156 4836,960 3903,327 2925,740
157 4867,953 3903,327 2925,740
158 4868,666 3903,327 2925,740
159 4878,081 3903,327 2925,740
160 4882,589 3903,327 2925,740
161 3903,327 3737,403 2925,740
162 4012,358 3737,403 2925,740
163 4194,701 3737,403 2925,740
164 4199,805 3737,403 2925,740
165 4292,361 3737,403 2925,740
166 4406,801 3737,403 2925,740
167 4427,662 3737,403 2925,740
168 4430,319 3737,403 2925,740
169 4436,973 3737,403 2925,740
170 4496,953 3737,403 2925,740
171 4512,481 3737,403 2925,740
172 4512,481 3737,403 2925,740
173 4567,978 3737,403 2925,740
174 4567,978 3737,403 2925,740
175 4578,588 3737,403 2925,740
176 4578,588 3737,403 2925,740
177 4607,810 3737,403 2925,740
178 4607,810 3737,403 2925,740
179 4647,002 3737,403 2925,740
180 4656,376 3737,403 2925,740
181 3737,403 3737,403 2925,740
182 3903,327 3737,403 2925,740
183 4012,358 3737,403 2925,740
184 4142,550 3737,403 2925,740
185 4175,005 3737,403 2925,740
186 4194,701 3737,403 2925,740
187 4199,805 3737,403 2925,740
188 4292,361 3737,403 2925,740
189 4404,330 3737,403 2925,740
190 4404,330 3737,403 2925,740
191 4406,801 3737,403 2925,740
192 4407,371 3737,403 2925,740
193 4410,585 3737,403 2925,740
194 4427,662 3737,403 2925,740
195 4430,319 3737,403 2925,740
196 4436,973 3737,403 2925,740
197 4454,469 3737,403 2925,740
198 4496,953 3737,403 2925,740
199 4510,982 3737,403 2925,740
200 5986,979 3737,403 2925,740
201 3737,403 3737,403 2925,740
202 3760,148 3737,403 2925,740
203 3903,327 3737,403 2925,740
204 3903,972 3737,403 2925,740
205 3954,140 3737,403 2925,740
206 4012,358 3737,403 2925,740
207 4081,396 3737,403 2925,740
208 4136,642 3737,403 2925,740
209 4142,550 3737,403 2925,740
210 4142,550 3737,403 2925,740
211 4164,192 3737,403 2925,740
212 4175,005 3737,403 2925,740
213 4194,701 3737,403 2925,740
214 4199,805 3737,403 2925,740
215 4199,805 3737,403 2925,740
216 4258,851 3737,403 2925,740
217 4292,361 3737,403 2925,740
218 4292,361 3737,403 2925,740
219 4348,959 3737,403 2925,740
220 4404,330 3737,403 2925,740
221 3737,403 3737,403 2925,740
222 3760,148 3737,403 2925,740
223 3822,844 3737,403 2925,740
224 3884,088 3737,403 2925,740
225 3903,327 3737,403 2925,740
226 3903,972 3737,403 2925,740
227 3954,140 3737,403 2925,740
228 4012,358 3737,403 2925,740
229 4081,396 3737,403 2925,740
230 4106,686 3737,403 2925,740
231 4136,642 3737,403 2925,740
232 4142,550 3737,403 2925,740
233 4142,550 3737,403 2925,740
234 4142,550 3737,403 2925,740
235 4164,192 3737,403 2925,740
236 4164,192 3737,403 2925,740
237 4175,005 3737,403 2925,740
238 4194,701 3737,403 2925,740
239 4194,701 3737,403 2925,740
240 4194,701 3737,403 2925,740
241 5205,991 3755,995 2925,740
242 3755,995 3755,995 2925,740
243 3760,148 3755,995 2925,740
244 3822,844 3755,995 2925,740
245 3884,088 3755,995 2925,740
246 3891,808 3755,995 2925,740
247 3903,327 3755,995 2925,740
248 3903,972 3755,995 2925,740
249 3928,734 3755,995 2925,740
250 3954,140 3755,995 2925,740
251 4012,358 3755,995 2925,740
252 4080,032 3755,995 2925,740
253 5424,849 3755,995 2925,740
254 4106,686 3755,995 2925,740
255 4136,642 3755,995 2925,740
256 4142,550 3755,995 2925,740
257 4142,550 3755,995 2925,740
258 4142,550 3755,995 2925,740
259 4142,550 3755,995 2925,740
260 4151,629 3755,995 2925,740
261 3755,995 3680,000 2925,740
262 3760,148 3680,000 2925,740
263 3822,844 3680,000 2925,740
264 3884,088 3680,000 2925,740
265 3884,088 3680,000 2925,740
266 3891,808 3680,000 2925,740
267 3891,808 3680,000 2925,740
268 3903,327 3680,000 2925,740
269 3903,327 3680,000 2925,740
270 3903,972 3680,000 2925,740
271 3903,972 3680,000 2925,740
272 3903,972 3680,000 2925,740
273 3903,972 3680,000 2925,740
274 3928,734 3680,000 2925,740
275 3954,140 3680,000 2925,740
276 4012,358 3680,000 2925,740
277 4012,358 3680,000 2925,740
278 4690,197 3680,000 2925,740
279 4106,686 3680,000 2925,740
280 4136,642 3680,000 2925,740
281 3680,000 3680,000 2925,740
282 3680,781 3680,000 2925,740
283 3755,995 3680,000 2925,740
284 3760,148 3680,000 2925,740
285 3822,844 3680,000 2925,740
286 3875,743 3680,000 2925,740
287 3884,088 3680,000 2925,740
288 3884,088 3680,000 2925,740
289 3891,808 3680,000 2925,740
290 3891,808 3680,000 2925,740
291 3903,327 3680,000 2925,740
292 3903,327 3680,000 2925,740
293 3903,972 3680,000 2925,740
294 3903,972 3680,000 2925,740
295 3903,972 3680,000 2925,740
296 3903,972 3680,000 2925,740
297 3928,734 3680,000 2925,740
298 3954,140 3680,000 2925,740
299 4012,358 3680,000 2925,740
300 4012,358 3680,000 2925,740
301 3680,000 3624,976 2925,740
302 3680,781 3624,976 2925,740
303 3693,705 3624,976 2925,740
304 3755,995 3624,976 2925,740
305 3760,148 3624,976 2925,740
306 3822,844 3624,976 2925,740
307 3822,844 3624,976 2925,740
308 3822,844 3624,976 2925,740
309 3875,743 3624,976 2925,740
310 3875,743 3624,976 2925,740
311 3884,088 3624,976 2925,740
312 3884,088 3624,976 2925,740
313 3891,808 3624,976 2925,740
314 3891,808 3624,976 2925,740
315 3903,327 3624,976 2925,740
316 3903,327 3624,976 2925,740
317 3903,972 3624,976 2925,740
318 3903,972 3624,976 2925,740
319 3903,972 3624,976 2925,740
320 3903,972 3624,976 2925,740
321 3624,976 3415,986 2925,740
322 3680,000 3415,986 2925,740
323 3680,000 3415,986 2925,740
324 3680,781 3415,986 2925,740
325 3680,781 3415,986 2925,740
326 3693,705 3415,986 2925,740
327 3693,705 3415,986 2925,740
328 3730,167 3415,986 2925,740
329 3755,995 3415,986 2925,740
330 3755,995 3415,986 2925,740
331 3760,148 3415,986 2925,740
332 3822,844 3415,986 2925,740
333 5736,494 3415,986 2925,740
334 3822,844 3415,986 2925,740
335 3822,844 3415,986 2925,740
336 4919,924 3415,986 2925,740
337 5598,359 3415,986 2925,740
338 3883,320 3415,986 2925,740
339 3884,088 3415,986 2925,740
340 3884,088 3415,986 2925,740
341 3415,986 3415,986 2925,740
342 3607,995 3415,986 2925,740
343 3624,976 3415,986 2925,740
344 3624,976 3415,986 2925,740
345 3680,000 3415,986 2925,740
346 3680,000 3415,986 2925,740
347 3680,781 3415,986 2925,740
348 3680,781 3415,986 2925,740
349 5053,815 3415,986 2925,740
350 3693,705 3415,986 2925,740
351 3693,705 3415,986 2925,740
352 3693,705 3415,986 2925,740
353 3693,705 3415,986 2925,740
354 3730,167 3415,986 2925,740
355 3730,167 3415,986 2925,740
356 3732,690 3415,986 2925,740
357 3755,995 3415,986 2925,740
358 3755,995 3415,986 2925,740
359 5142,008 3415,986 2925,740
360 4834,969 3415,986 2925,740
361 3415,986 3415,986 2925,740
362 3471,823 3415,986 2925,740
363 3552,158 3415,986 2925,740
364 3552,158 3415,986 2925,740
365 3570,825 3415,986 2925,740
366 3607,995 3415,986 2925,740
367 3597,550 3415,986 2925,740
368 3624,976 3415,986 2925,740
369 3624,976 3415,986 2925,740
370 3647,531 3415,986 2925,740
371 3680,000 3415,986 2925,740
372 3680,000 3415,986 2925,740
373 3680,781 3415,986 2925,740
374 3680,781 3415,986 2925,740
375 3680,781 3415,986 2925,740
376 3693,705 3415,986 2925,740
377 3693,705 3415,986 2925,740
378 3693,705 3415,986 2925,740
379 3693,705 3415,986 2925,740
380 3693,705 3415,986 2925,740
381 3415,986 3415,986 2925,740
382 3471,823 3415,986 2925,740
383 3471,823 3415,986 2925,740
384 3471,823 3415,986 2925,740
385 3552,158 3415,986 2925,740
386 3552,158 3415,986 2925,740
387 3570,825 3415,986 2925,740
388 3597,550 3415,986 2925,740
389 3607,995 3415,986 2925,740
390 3607,995 3415,986 2925,740
391 3616,095 3415,986 2925,740
392 3624,976 3415,986 2925,740
393 3624,976 3415,986 2925,740
394 3624,976 3415,986 2925,740
395 3624,976 3415,986 2925,740
396 3647,531 3415,986 2925,740
397 3647,531 3415,986 2925,740
398 3647,531 3415,986 2925,740
399 3680,000 3415,986 2925,740
400 3680,000 3415,986 2925,740
401 3415,986 3415,986 2925,740
402 3415,986 3415,986 2925,740
403 3415,986 3415,986 2925,740
404 3471,823 3415,986 2925,740
405 3471,823 3415,986 2925,740
406 3471,823 3415,986 2925,740
407 3471,823 3415,986 2925,740
408 3491,083 3415,986 2925,740
409 3552,158 3415,986 2925,740
410 3552,158 3415,986 2925,740
411 3552,158 3415,986 2925,740
412 3570,825 3415,986 2925,740
413 3597,550 3415,986 2925,740
414 3603,956 3415,986 2925,740
415 3607,995 3415,986 2925,740
416 3607,995 3415,986 2925,740
417 3607,995 3415,986 2925,740
418 3607,995 3415,986 2925,740
419 5275,112 3415,986 2925,740
420 3616,095 3415,986 2925,740
421 3415,986 3415,986 2925,740
422 3415,986 3415,986 2925,740
423 3415,986 3415,986 2925,740
424 3415,986 3415,986 2925,740
425 3415,986 3415,986 2925,740
426 3415,986 3415,986 2925,740
427 3471,823 3415,986 2925,740
428 3471,823 3415,986 2925,740
429 3471,823 3415,986 2925,740
430 3471,823 3415,986 2925,740
431 3471,823 3415,986 2925,740
432 3471,823 3415,986 2925,740
433 3471,823 3415,986 2925,740
434 3471,823 3415,986 2925,740
435 3471,823 3415,986 2925,740
436 3491,083 3415,986 2925,740
437 3491,083 3415,986 2925,740
438 3552,158 3415,986 2925,740
439 3552,158 3415,986 2925,740
440 3552,158 3415,986 2925,740
441 3415,986 3415,986 2925,740
442 3415,986 3415,986 2925,740
443 3415,986 3415,986 2925,740
444 3415,986 3415,986 2925,740
445 3415,986 3415,986 2925,740
446 3415,986 3415,986 2925,740
447 3415,986 3415,986 2925,740
448 3415,986 3415,986 2925,740
449 3415,986 3415,986 2925,740
450 3415,986 3415,986 2925,740
451 3415,986 3415,986 2925,740
452 3415,986 3415,986 2925,740
453 3415,986 3415,986 2925,740
454 3415,986 3415,986 2925,740
455 3415,986 3415,986 2925,740
456 3468,219 3415,986 2925,740
457 3526,702 3415,986 2925,740
458 3415,986 3415,986 2925,740
459 3435,246 3415,986 2925,740
460 3471,823 3415,986 2925,740
461 3415,986 3415,986 2925,740
462 3415,986 3415,986 2925,740
463 3954,786 3415,986 2925,740
464 3415,986 3415,986 2925,740
465 3415,986 3415,986 2925,740
466 3415,986 3415,986 2925,740
467 3415,986 3415,986 2925,740
468 3415,986 3415,986 2925,740
469 3415,986 3415,986 2925,740
470 3415,986 3415,986 2925,740
471 3415,986 3415,986 2925,740
472 3415,986 3415,986 2925,740
473 3415,986 3415,986 2925,740
474 3415,986 3415,986 2925,740
475 3415,986 3415,986 2925,740
476 3415,986 3415,986 2925,740
477 4338,038 3415,986 2925,740
478 3415,986 3415,986 2925,740
479 3415,986 3415,986 2925,740
480 3415,986 3415,986 2925,740
481 3415,986 3415,986 2925,740
482 3654,887 3415,986 2925,740
483 3415,986 3415,986 2925,740
484 4591,307 3415,986 2925,740
485 3415,986 3415,986 2925,740
486 3415,986 3415,986 2925,740
487 3415,986 3415,986 2925,740
488 3415,986 3415,986 2925,740
489 3415,986 3415,986 2925,740
490 3415,986 3415,986 2925,740
491 3415,986 3415,986 2925,740
492 3415,986 3415,986 2925,740
493 3415,986 3415,986 2925,740
494 3415,986 3415,986 2925,740
495 3415,986 3415,986 2925,740
496 3415,986 3415,986 2925,740
497 3415,986 3415,986 2925,740
498 3415,986 3415,986 2925,740
499 3415,986 3415,986 2925,740
500 3415,986 3415,986 2925,740
501 3415,986 3415,986 2925,740
502 3415,986 3415,986 2925,740
503 3415,986 3415,986 2925,740
504 3415,986 3415,986 2925,740
505 3415,986 3415,986 2925,740
506 3415,986 3415,986 2925,740
507 3415,986 3415,986 2925,740
508 3415,986 3415,986 2925,740
509 3415,986 3415,986 2925,740
510 3415,986 3415,986 2925,740
511 3415,986 3415,986 2925,740
512 3415,986 3415,986 2925,740
513 3415,986 3415,986 2925,740
514 3415,986 3415,986 2925,740
515 3415,986 3415,986 2925,740
516 3415,986 3415,986 2925,740
517 3415,986 3415,986 2925,740
518 3415,986 3415,986 2925,740
519 3415,986 3415,986 2925,740
520 3415,986 3415,986 2925,740
521 3415,986 3415,986 2925,740
522 3415,986 3415,986 2925,740
523 3415,986 3415,986 2925,740
524 3415,986 3415,986 2925,740
525 3415,986 3415,986 2925,740
526 3415,986 3415,986 2925,740
527 3415,986 3415,986 2925,740
528 3415,986 3415,986 2925,740
529 3415,986 3415,986 2925,740
530 3415,986 3415,986 2925,740
531 3415,986 3415,986 2925,740
532 3415,986 3415,986 2925,740
533 3415,986 3415,986 2925,740
534 3415,986 3415,986 2925,740
535 3415,986 3415,986 2925,740
536 3415,986 3415,986 2925,740
537 3415,986 3415,986 2925,740
538 3415,986 3415,986 2925,740
539 4490,960 3415,986 2925,740
540 3415,986 3415,986 2925,740
541 3415,986 3415,986 2925,740
542 3415,986 3415,986 2925,740
543 3415,986 3415,986 2925,740
544 3415,986 3415,986 2925,740
545 3415,986 3415,986 2925,740
546 3415,986 3415,986 2925,740
547 3415,986 3415,986 2925,740
548 3415,986 3415,986 2925,740
549 4092,578 3415,986 2925,740
550 3415,986 3415,986 2925,740
551 3415,986 3415,986 2925,740
552 3415,986 3415,986 2925,740
553 3415,986 3415,986 2925,740
554 3415,986 3415,986 2925,740
555 3415,986 3415,986 2925,740
556 3415,986 3415,986 2925,740
557 3415,986 3415,986 2925,740
558 3415,986 3415,986 2925,740
559 3415,986 3415,986 2925,740
560 3415,986 3415,986 2925,740
561 3415,986 3415,986 2925,740
562 3415,986 3415,986 2925,740
563 3415,986 3415,986 2925,740
564 3415,986 3415,986 2925,740
565 3415,986 3415,986 2925,740
566 3415,986 3415,986 2925,740
567 3415,986 3415,986 2925,740
568 3415,986 3415,986 2925,740
569 5573,005 3415,986 2925,740
570 3415,986 3415,986 2925,740
571 3415,986 3415,986 2925,740
572 3415,986 3415,986 2925,740
573 3415,986 3415,986 2925,740
574 3415,986 3415,986 2925,740
575 3415,986 3415,986 2925,740
576 3415,986 3415,986 2925,740
577 3415,986 3415,986 2925,740
578 3415,986 3415,986 2925,740
579 3415,986 3415,986 2925,740
580 3415,986 3415,986 2925,740
581 3415,986 3415,986 2925,740
582 3415,986 3415,986 2925,740
583 3415,986 3415,986 2925,740
584 3415,986 3415,986 2925,740
585 3415,986 3415,986 2925,740
586 3415,986 3415,986 2925,740
587 3415,986 3415,986 2925,740
588 3415,986 3415,986 2925,740
589 3415,986 3415,986 2925,740
590 3415,986 3415,986 2925,740
591 3415,986 3415,986 2925,740
592 3415,986 3415,986 2925,740
593 3415,986 3415,986 2925,740
594 3415,986 3415,986 2925,740
595 3415,986 3415,986 2925,740
596 3415,986 3415,986 2925,740
597 3415,986 3415,986 2925,740
598 3415,986 3415,986 2925,740
599 3415,986 3415,986 2925,740
600 3415,986 3415,986 2925,740
601 3415,986 3415,986 2925,740
602 3415,986 3415,986 2925,740
603 3415,986 3415,986 2925,740
604 3415,986 3415,986 2925,740
605 3415,986 3415,986 2925,740
606 3415,986 3415,986 2925,740
607 3415,986 3415,986 2925,740
608 3415,986 3415,986 2925,740
609 3415,986 3415,986 2925,740
610 3415,986 3415,986 2925,740
611 3415,986 3415,986 2925,740
612 3415,986 3415,986 2925,740
613 3415,986 3415,986 2925,740
614 3415,986 3415,986 2925,740
615 3415,986 3415,986 2925,740
616 3415,986 3415,986 2925,740
617 3712,187 3415,986 2925,740
618 3415,986 3415,986 2925,740
619 3415,986 3415,986 2925,740
620 3415,986 3415,986 2925,740
621 3415,986 3415,986 2925,740
622 4215,392 3415,986 2925,740
623 3415,986 3415,986 2925,740
624 3415,986 3415,986 2925,740
625 3415,986 3415,986 2925,740
626 3415,986 3415,986 2925,740
627 3415,986 3415,986 2925,740
628 3415,986 3415,986 2925,740
629 5881,340 3415,986 2925,740
630 3415,986 3415,986 2925,740
631 3415,986 3415,986 2925,740
632 3415,986 3415,986 2925,740
633 3415,986 3415,986 2925,740
634 3819,768 3415,986 2925,740
635 3415,986 3415,986 2925,740
636 3415,986 3415,986 2925,740
637 3415,986 3415,986 2925,740
638 3415,986 3415,986 2925,740
639 3415,986 3415,986 2925,740
640 3415,986 3415,986 2925,740
641 3415,986 3415,986 2925,740
642 3415,986 3415,986 2925,740
643 3415,986 3415,986 2925,740
644 4874,658 3415,986 2925,740
645 3415,986 3415,986 2925,740
646 3415,986 3415,986 2925,740
647 3415,986 3415,986 2925,740
648 3415,986 3415,986 2925,740
649 3415,986 3415,986 2925,740
650 3415,986 3415,986 2925,740
651 3415,986 3415,986 2925,740
652 3415,986 3415,986 2925,740
653 3415,986 3415,986 2925,740
654 3415,986 3415,986 2925,740
655 3415,986 3415,986 2925,740
656 3415,986 3415,986 2925,740
657 3415,986 3415,986 2925,740
658 3415,986 3415,986 2925,740
659 3415,986 3415,986 2925,740
660 3415,986 3415,986 2925,740
661 3415,986 3415,986 2925,740
662 3415,986 3415,986 2925,740
663 3415,986 3415,986 2925,740
664 3415,986 3415,986 2925,740
665 3415,986 3415,986 2925,740
666 3415,986 3415,986 2925,740
667 3415,986 3415,986 2925,740
668 3415,986 3415,986 2925,740
669 3696,677 3415,986 2925,740
670 3415,986 3415,986 2925,740
671 3415,986 3415,986 2925,740
672 3415,986 3415,986 2925,740
673 3415,986 3415,986 2925,740
674 4197,755 3415,986 2925,740
675 3415,986 3415,986 2925,740
676 3415,986 3415,986 2925,740
677 3415,986 3415,986 2925,740
678 3415,986 3415,986 2925,740
679 3415,986 3415,986 2925,740
680 3415,986 3415,986 2925,740
681 3415,986 3415,986 2925,740
682 3415,986 3415,986 2925,740
683 3415,986 3415,986 2925,740
684 3415,986 3415,986 2925,740
685 3415,986 3415,986 2925,740
686 3415,986 3415,986 2925,740
687 3415,986 3415,986 2925,740
688 3415,986 3415,986 2925,740
689 3415,986 3415,986 2925,740
690 6462,739 3415,986 2925,740
691 3415,986 3415,986 2925,740
692 3415,986 3415,986 2925,740
693 3415,986 3415,986 2925,740
694 3415,986 3415,986 2925,740
695 3415,986 3415,986 2925,740
696 3415,986 3415,986 2925,740
697 3415,986 3415,986 2925,740
698 3415,986 3415,986 2925,740
699 3415,986 3415,986 2925,740
700 3415,986 3415,986 2925,740
701 3415,986 3415,986 2925,740
702 3415,986 3415,986 2925,740
703 3415,986 3415,986 2925,740
704 3415,986 3415,986 2925,740
705 3415,986 3415,986 2925,740
706 3415,986 3415,986 2925,740
707 3415,986 3415,986 2925,740
708 3415,986 3415,986 2925,740
709 3415,986 3415,986 2925,740
710 3415,986 3415,986 2925,740
711 3415,986 3415,986 2925,740
712 3415,986 3415,986 2925,740
713 3415,986 3415,986 2925,740
714 3415,986 3415,986 2925,740
715 3415,986 3415,986 2925,740
716 3415,986 3415,986 2925,740
717 3415,986 3415,986 2925,740
718 3415,986 3415,986 2925,740
719 3415,986 3415,986 2925,740
720 3415,986 3415,986 2925,740
721 3415,986 3415,986 2925,740
722 3415,986 3415,986 2925,740
723 3415,986 3415,986 2925,740
724 3415,986 3415,986 2925,740
725 3415,986 3415,986 2925,740
726 3415,986 3415,986 2925,740
727 3415,986 3415,986 2925,740
728 3415,986 3415,986 2925,740
729 3415,986 3415,986 2925,740
730 3415,986 3415,986 2925,740
731 3415,986 3415,986 2925,740
732 3415,986 3415,986 2925,740
733 3415,986 3415,986 2925,740
734 3415,986 3415,986 2925,740
735 3415,986 3415,986 2925,740
736 3415,986 3415,986 2925,740
737 3415,986 3415,986 2925,740
738 3415,986 3415,986 2925,740
739 3415,986 3415,986 2925,740
740 3740,947 3415,986 2925,740
741 3415,986 3415,986 2925,740
742 3415,986 3415,986 2925,740
743 3415,986 3415,986 2925,740
744 3415,986 3415,986 2925,740
745 4491,600 3415,986 2925,740
746 3415,986 3415,986 2925,740
747 3415,986 3415,986 2925,740
748 3415,986 3415,986 2925,740
749 3415,986 3415,986 2925,740
750 3415,986 3415,986 2925,740
751 3415,986 3415,986 2925,740
752 3415,986 3415,986 2925,740
753 3415,986 3415,986 2925,740
754 3415,986 3415,986 2925,740
755 3415,986 3415,986 2925,740
756 3415,986 3415,986 2925,740
757 3415,986 3415,986 2925,740
758 3415,986 3415,986 2925,740
759 3415,986 3415,986 2925,740
760 3415,986 3415,986 2925,740
761 3415,986 3415,986 2925,740
762 3415,986 3415,986 2925,740
763 3415,986 3415,986 2925,740
764 3415,986 3415,986 2925,740
765 3415,986 3415,986 2925,740
766 3415,986 3415,986 2925,740
767 3415,986 3415,986 2925,740
768 3415,986 3415,986 2925,740
769 3415,986 3415,986 2925,740
770 3415,986 3415,986 2925,740
771 3415,986 3415,986 2925,740
772 3415,986 3415,986 2925,740
773 3415,986 3415,986 2925,740
774 3415,986 3415,986 2925,740
775 4444,030 3415,986 2925,740
776 3415,986 3415,986 2925,740
777 3415,986 3415,986 2925,740
778 3415,986 3415,986 2925,740
779 3415,986 3415,986 2925,740
780 3415,986 3415,986 2925,740
781 3415,986 3415,986 2925,740
782 3415,986 3415,986 2925,740
783 3415,986 3415,986 2925,740
784 3415,986 3415,986 2925,740
785 3415,986 3415,986 2925,740
786 3415,986 3415,986 2925,740
787 3415,986 3415,986 2925,740
788 3415,986 3415,986 2925,740
789 3415,986 3415,986 2925,740
790 3415,986 3415,986 2925,740
791 3415,986 3415,986 2925,740
792 3415,986 3415,986 2925,740
793 3415,986 3415,986 2925,740
794 3415,986 3415,986 2925,740
795 3415,986 3415,986 2925,740
796 3415,986 3415,986 2925,740
797 3415,986 3415,986 2925,740
798 5608,804 3415,986 2925,740
799 3415,986 3415,986 2925,740
800 3415,986 3415,986 2925,740
