nrOsobnika current best_current best_global
1 6470,803 5605,693 2925,740
2 5961,806 5605,693 2925,740
3 5636,441 5605,693 2925,740
4 5753,774 5605,693 2925,740
5 6654,928 5605,693 2925,740
6 6555,627 5605,693 2925,740
7 5703,001 5605,693 2925,740
8 7289,480 5605,693 2925,740
9 5731,216 5605,693 2925,740
10 6665,409 5605,693 2925,740
11 6495,340 5605,693 2925,740
12 5788,171 5605,693 2925,740
13 5619,376 5605,693 2925,740
14 6052,162 5605,693 2925,740
15 6076,457 5605,693 2925,740
16 6986,443 5605,693 2925,740
17 6428,035 5605,693 2925,740
18 5695,224 5605,693 2925,740
19 6454,694 5605,693 2925,740
20 6299,237 5605,693 2925,740
21 5605,693 4748,071 2925,740
22 5619,376 4748,071 2925,740
23 5636,441 4748,071 2925,740
24 5646,290 4748,071 2925,740
25 5695,224 4748,071 2925,740
26 5703,001 4748,071 2925,740
27 5420,719 4748,071 2925,740
28 5753,774 4748,071 2925,740
29 5759,516 4748,071 2925,740
30 5788,171 4748,071 2925,740
31 5961,806 4748,071 2925,740
32 6052,162 4748,071 2925,740
33 6076,457 4748,071 2925,740
34 6282,969 4748,071 2925,740
35 6135,635 4748,071 2925,740
36 6401,716 4748,071 2925,740
37 6428,035 4748,071 2925,740
38 6454,694 4748,071 2925,740
39 6470,803 4748,071 2925,740
40 6495,340 4748,071 2925,740
41 4748,071 4460,111 2925,740
42 5190,525 4460,111 2925,740
43 5283,039 4460,111 2925,740
44 5420,719 4460,111 2925,740
45 5532,197 4460,111 2925,740
46 5605,693 4460,111 2925,740
47 5619,376 4460,111 2925,740
48 5636,441 4460,111 2925,740
49 5646,290 4460,111 2925,740
50 5654,786 4460,111 2925,740
51 5695,224 4460,111 2925,740
52 5703,001 4460,111 2925,740
53 5707,242 4460,111 2925,740
54 5711,527 4460,111 2925,740
55 5753,774 4460,111 2925,740
56 5759,516 4460,111 2925,740
57 5788,171 4460,111 2925,740
58 5814,630 4460,111 2925,740
59 5824,476 4460,111 2925,740
60 5832,720 4460,111 2925,740
61 4460,111 4460,111 2925,740
62 4614,992 4460,111 2925,740
63 4616,922 4460,111 2925,740
64 4748,071 4460,111 2925,740
65 5190,525 4460,111 2925,740
66 5283,039 4460,111 2925,740
67 5412,353 4460,111 2925,740
68 5420,719 4460,111 2925,740
69 5481,389 4460,111 2925,740
70 5497,509 4460,111 2925,740
71 5532,197 4460,111 2925,740
72 5605,693 4460,111 2925,740
73 5610,670 4460,111 2925,740
74 5619,376 4460,111 2925,740
75 5632,024 4460,111 2925,740
76 5636,441 4460,111 2925,740
77 5646,290 4460,111 2925,740
78 5651,238 4460,111 2925,740
79 5654,786 4460,111 2925,740
80 5695,224 4460,111 2925,740
81 4651,341 4614,992 2925,740
82 4614,992 4614,992 2925,740
83 4616,922 4614,992 2925,740
84 4748,071 4614,992 2925,740
85 5150,916 4614,992 2925,740
86 5183,623 4614,992 2925,740
87 5646,512 4614,992 2925,740
88 5216,272 4614,992 2925,740
89 5264,270 4614,992 2925,740
90 5283,039 4614,992 2925,740
91 5722,263 4614,992 2925,740
92 5412,353 4614,992 2925,740
93 5420,719 4614,992 2925,740
94 5434,522 4614,992 2925,740
95 5481,389 4614,992 2925,740
96 5497,509 4614,992 2925,740
97 5518,040 4614,992 2925,740
98 5521,145 4614,992 2925,740
99 5532,197 4614,992 2925,740
100 5556,677 4614,992 2925,740
101 4614,992 4614,992 2925,740
102 4616,922 4614,992 2925,740
103 4651,341 4614,992 2925,740
104 4748,071 4614,992 2925,740
105 4748,071 4614,992 2925,740
106 5010,916 4614,992 2925,740
107 5150,128 4614,992 2925,740
108 5150,916 4614,992 2925,740
109 5183,623 4614,992 2925,740
110 5206,846 4614,992 2925,740
111 5212,379 4614,992 2925,740
112 5216,272 4614,992 2925,740
113 5230,292 4614,992 2925,740
114 5242,472 4614,992 2925,740
115 5264,270 4614,992 2925,740
116 5283,039 4614,992 2925,740
117 5295,582 4614,992 2925,740
118 5412,353 4614,992 2925,740
119 5420,719 4614,992 2925,740
120 5434,522 4614,992 2925,740
121 4614,992 4553,531 2925,740
122 4616,922 4553,531 2925,740
123 4651,341 4553,531 2925,740
124 5041,229 4553,531 2925,740
125 4748,071 4553,531 2925,740
126 4748,071 4553,531 2925,740
127 4784,033 4553,531 2925,740
128 5112,732 4553,531 2925,740
129 5122,253 4553,531 2925,740
130 5146,565 4553,531 2925,740
131 5150,128 4553,531 2925,740
132 5150,916 4553,531 2925,740
133 5183,623 4553,531 2925,740
134 5206,846 4553,531 2925,740
135 5212,379 4553,531 2925,740
136 5216,272 4553,531 2925,740
137 5221,363 4553,531 2925,740
138 5230,292 4553,531 2925,740
139 5242,472 4553,531 2925,740
140 5247,409 4553,531 2925,740
141 4553,531 4553,531 2925,740
142 4612,001 4553,531 2925,740
143 4614,992 4553,531 2925,740
144 4616,922 4553,531 2925,740
145 4651,341 4553,531 2925,740
146 4741,726 4553,531 2925,740
147 4748,071 4553,531 2925,740
148 4748,071 4553,531 2925,740
149 4784,033 4553,531 2925,740
150 4821,819 4553,531 2925,740
151 4885,092 4553,531 2925,740
152 4926,655 4553,531 2925,740
153 5041,229 4553,531 2925,740
154 5077,001 4553,531 2925,740
155 5112,261 4553,531 2925,740
156 5112,732 4553,531 2925,740
157 5122,253 4553,531 2925,740
158 5146,565 4553,531 2925,740
159 5150,128 4553,531 2925,740
160 5150,916 4553,531 2925,740
161 4553,531 4377,240 2925,740
162 4612,001 4377,240 2925,740
163 4614,992 4377,240 2925,740
164 4616,922 4377,240 2925,740
165 4651,341 4377,240 2925,740
166 4726,045 4377,240 2925,740
167 4741,726 4377,240 2925,740
168 4748,071 4377,240 2925,740
169 4748,071 4377,240 2925,740
170 4774,636 4377,240 2925,740
171 4784,033 4377,240 2925,740
172 4803,097 4377,240 2925,740
173 4821,819 4377,240 2925,740
174 4885,092 4377,240 2925,740
175 4926,655 4377,240 2925,740
176 5041,229 4377,240 2925,740
177 5063,421 4377,240 2925,740
178 5076,319 4377,240 2925,740
179 5077,001 4377,240 2925,740
180 5112,261 4377,240 2925,740
181 4377,240 4377,240 2925,740
182 4553,531 4377,240 2925,740
183 4612,001 4377,240 2925,740
184 4454,620 4377,240 2925,740
185 4616,922 4377,240 2925,740
186 4651,341 4377,240 2925,740
187 4697,642 4377,240 2925,740
188 4726,045 4377,240 2925,740
189 4741,726 4377,240 2925,740
190 4748,071 4377,240 2925,740
191 4748,071 4377,240 2925,740
192 4765,722 4377,240 2925,740
193 4770,871 4377,240 2925,740
194 4774,206 4377,240 2925,740
195 4774,636 4377,240 2925,740
196 4776,585 4377,240 2925,740
197 4784,033 4377,240 2925,740
198 4803,097 4377,240 2925,740
199 4821,819 4377,240 2925,740
200 5316,281 4377,240 2925,740
201 4377,240 4212,514 2925,740
202 4386,971 4212,514 2925,740
203 4388,155 4212,514 2925,740
204 4454,620 4212,514 2925,740
205 4517,023 4212,514 2925,740
206 4517,023 4212,514 2925,740
207 4553,531 4212,514 2925,740
208 4612,001 4212,514 2925,740
209 4616,922 4212,514 2925,740
210 4651,341 4212,514 2925,740
211 4659,922 4212,514 2925,740
212 4669,897 4212,514 2925,740
213 4697,642 4212,514 2925,740
214 4726,045 4212,514 2925,740
215 4726,231 4212,514 2925,740
216 4741,726 4212,514 2925,740
217 4748,071 4212,514 2925,740
218 4748,071 4212,514 2925,740
219 4756,352 4212,514 2925,740
220 4765,722 4212,514 2925,740
221 4212,514 4026,315 2925,740
222 4377,240 4026,315 2925,740
223 4385,316 4026,315 2925,740
224 4386,971 4026,315 2925,740
225 4388,155 4026,315 2925,740
226 4454,620 4026,315 2925,740
227 4454,620 4026,315 2925,740
228 4517,023 4026,315 2925,740
229 4517,023 4026,315 2925,740
230 4517,023 4026,315 2925,740
231 4517,023 4026,315 2925,740
232 4553,531 4026,315 2925,740
233 4563,722 4026,315 2925,740
234 4612,001 4026,315 2925,740
235 4612,001 4026,315 2925,740
236 4612,001 4026,315 2925,740
237 4613,425 4026,315 2925,740
238 4614,992 4026,315 2925,740
239 4616,922 4026,315 2925,740
240 4651,341 4026,315 2925,740
241 4026,315 4026,315 2925,740
242 4212,514 4026,315 2925,740
243 4284,942 4026,315 2925,740
244 4329,964 4026,315 2925,740
245 4334,685 4026,315 2925,740
246 4334,685 4026,315 2925,740
247 4357,864 4026,315 2925,740
248 4377,240 4026,315 2925,740
249 4377,240 4026,315 2925,740
250 4377,240 4026,315 2925,740
251 4385,316 4026,315 2925,740
252 4386,971 4026,315 2925,740
253 4388,155 4026,315 2925,740
254 4454,620 4026,315 2925,740
255 4454,620 4026,315 2925,740
256 4454,620 4026,315 2925,740
257 4517,023 4026,315 2925,740
258 4517,023 4026,315 2925,740
259 4517,023 4026,315 2925,740
260 4517,023 4026,315 2925,740
261 4026,315 4026,315 2925,740
262 4171,323 4026,315 2925,740
263 4212,514 4026,315 2925,740
264 4284,942 4026,315 2925,740
265 4307,643 4026,315 2925,740
266 4329,964 4026,315 2925,740
267 4334,685 4026,315 2925,740
268 4334,685 4026,315 2925,740
269 4341,052 4026,315 2925,740
270 4350,464 4026,315 2925,740
271 4357,864 4026,315 2925,740
272 4375,604 4026,315 2925,740
273 4377,240 4026,315 2925,740
274 4377,240 4026,315 2925,740
275 4377,240 4026,315 2925,740
276 4377,240 4026,315 2925,740
277 4385,316 4026,315 2925,740
278 4386,971 4026,315 2925,740
279 4388,155 4026,315 2925,740
280 4388,155 4026,315 2925,740
281 4026,315 4026,315 2925,740
282 4171,323 4026,315 2925,740
283 4210,680 4026,315 2925,740
284 4212,514 4026,315 2925,740
285 4250,317 4026,315 2925,740
286 4284,942 4026,315 2925,740
287 4307,643 4026,315 2925,740
288 4329,964 4026,315 2925,740
289 4334,685 4026,315 2925,740
290 4334,685 4026,315 2925,740
291 4341,052 4026,315 2925,740
292 4350,464 4026,315 2925,740
293 4357,864 4026,315 2925,740
294 4375,604 4026,315 2925,740
295 4377,240 4026,315 2925,740
296 4377,240 4026,315 2925,740
297 4377,240 4026,315 2925,740
298 4377,240 4026,315 2925,740
299 4385,316 4026,315 2925,740
300 4386,971 4026,315 2925,740
301 4026,315 4026,315 2925,740
302 4045,391 4026,315 2925,740
303 4129,857 4026,315 2925,740
304 4141,348 4026,315 2925,740
305 4171,323 4026,315 2925,740
306 4207,327 4026,315 2925,740
307 4210,680 4026,315 2925,740
308 4212,514 4026,315 2925,740
309 4250,317 4026,315 2925,740
310 4284,942 4026,315 2925,740
311 4307,643 4026,315 2925,740
312 4329,964 4026,315 2925,740
313 4334,685 4026,315 2925,740
314 6058,875 4026,315 2925,740
315 4334,685 4026,315 2925,740
316 4334,685 4026,315 2925,740
317 4341,052 4026,315 2925,740
318 4350,464 4026,315 2925,740
319 4357,864 4026,315 2925,740
320 4375,604 4026,315 2925,740
321 4026,315 3763,099 2925,740
322 4045,391 3763,099 2925,740
323 4045,391 3763,099 2925,740
324 4129,857 3763,099 2925,740
325 4135,508 3763,099 2925,740
326 4141,348 3763,099 2925,740
327 4149,044 3763,099 2925,740
328 5443,758 3763,099 2925,740
329 4171,323 3763,099 2925,740
330 4171,719 3763,099 2925,740
331 4207,327 3763,099 2925,740
332 4981,799 3763,099 2925,740
333 4212,514 3763,099 2925,740
334 4250,317 3763,099 2925,740
335 4271,158 3763,099 2925,740
336 4284,942 3763,099 2925,740
337 4297,917 3763,099 2925,740
338 4305,639 3763,099 2925,740
339 4307,643 3763,099 2925,740
340 4324,019 3763,099 2925,740
341 3763,099 3763,099 2925,740
342 3857,956 3763,099 2925,740
343 4026,315 3763,099 2925,740
344 4045,391 3763,099 2925,740
345 4290,847 3763,099 2925,740
346 4047,496 3763,099 2925,740
347 4129,857 3763,099 2925,740
348 4533,153 3763,099 2925,740
349 4141,348 3763,099 2925,740
350 4149,044 3763,099 2925,740
351 4171,323 3763,099 2925,740
352 4171,719 3763,099 2925,740
353 4175,040 3763,099 2925,740
354 4207,327 3763,099 2925,740
355 4212,514 3763,099 2925,740
356 4250,317 3763,099 2925,740
357 4271,158 3763,099 2925,740
358 4275,407 3763,099 2925,740
359 4284,942 3763,099 2925,740
360 4297,917 3763,099 2925,740
361 3763,099 3763,099 2925,740
362 3789,066 3763,099 2925,740
363 3857,956 3763,099 2925,740
364 4026,315 3763,099 2925,740
365 4026,315 3763,099 2925,740
366 4026,315 3763,099 2925,740
367 4038,334 3763,099 2925,740
368 4043,861 3763,099 2925,740
369 4045,391 3763,099 2925,740
370 4047,496 3763,099 2925,740
371 4074,107 3763,099 2925,740
372 4079,646 3763,099 2925,740
373 4081,886 3763,099 2925,740
374 4129,857 3763,099 2925,740
375 4141,348 3763,099 2925,740
376 4149,044 3763,099 2925,740
377 4162,037 3763,099 2925,740
378 4171,323 3763,099 2925,740
379 4171,323 3763,099 2925,740
380 4171,719 3763,099 2925,740
381 3763,099 3763,099 2925,740
382 3789,066 3763,099 2925,740
383 3832,961 3763,099 2925,740
384 3857,956 3763,099 2925,740
385 3864,503 3763,099 2925,740
386 3882,011 3763,099 2925,740
387 3997,517 3763,099 2925,740
388 4003,601 3763,099 2925,740
389 4026,315 3763,099 2925,740
390 4821,284 3763,099 2925,740
391 4026,315 3763,099 2925,740
392 4026,315 3763,099 2925,740
393 4038,334 3763,099 2925,740
394 4043,861 3763,099 2925,740
395 4045,391 3763,099 2925,740
396 4047,496 3763,099 2925,740
397 4049,674 3763,099 2925,740
398 4074,107 3763,099 2925,740
399 4079,646 3763,099 2925,740
400 4081,886 3763,099 2925,740
401 3763,099 3753,132 2925,740
402 3789,066 3753,132 2925,740
403 3832,961 3753,132 2925,740
404 3857,956 3753,132 2925,740
405 3864,503 3753,132 2925,740
406 3882,011 3753,132 2925,740
407 3882,011 3753,132 2925,740
408 3922,399 3753,132 2925,740
409 6532,917 3753,132 2925,740
410 3943,600 3753,132 2925,740
411 3954,859 3753,132 2925,740
412 3956,435 3753,132 2925,740
413 3966,294 3753,132 2925,740
414 3966,294 3753,132 2925,740
415 3997,517 3753,132 2925,740
416 4003,601 3753,132 2925,740
417 4026,315 3753,132 2925,740
418 4026,315 3753,132 2925,740
419 4026,315 3753,132 2925,740
420 4038,334 3753,132 2925,740
421 3753,132 3753,132 2925,740
422 3763,099 3753,132 2925,740
423 3789,066 3753,132 2925,740
424 3811,451 3753,132 2925,740
425 3818,942 3753,132 2925,740
426 3818,942 3753,132 2925,740
427 3832,391 3753,132 2925,740
428 3832,961 3753,132 2925,740
429 3857,956 3753,132 2925,740
430 3864,503 3753,132 2925,740
431 3882,011 3753,132 2925,740
432 3882,011 3753,132 2925,740
433 3905,398 3753,132 2925,740
434 3922,399 3753,132 2925,740
435 3922,399 3753,132 2925,740
436 3943,600 3753,132 2925,740
437 3954,859 3753,132 2925,740
438 3955,412 3753,132 2925,740
439 3956,435 3753,132 2925,740
440 3966,294 3753,132 2925,740
441 3753,132 3630,655 2925,740
442 3763,099 3630,655 2925,740
443 3776,650 3630,655 2925,740
444 3789,066 3630,655 2925,740
445 3789,066 3630,655 2925,740
446 3811,451 3630,655 2925,740
447 3818,942 3630,655 2925,740
448 3818,942 3630,655 2925,740
449 3832,391 3630,655 2925,740
450 3832,391 3630,655 2925,740
451 3832,961 3630,655 2925,740
452 3857,956 3630,655 2925,740
453 3864,503 3630,655 2925,740
454 3882,011 3630,655 2925,740
455 3882,011 3630,655 2925,740
456 3905,398 3630,655 2925,740
457 3905,398 3630,655 2925,740
458 3905,398 3630,655 2925,740
459 3909,851 3630,655 2925,740
460 3922,399 3630,655 2925,740
461 3630,655 3630,655 2925,740
462 3745,305 3630,655 2925,740
463 3753,132 3630,655 2925,740
464 3763,099 3630,655 2925,740
465 3776,650 3630,655 2925,740
466 3788,496 3630,655 2925,740
467 3789,066 3630,655 2925,740
468 3789,066 3630,655 2925,740
469 3811,451 3630,655 2925,740
470 3818,942 3630,655 2925,740
471 3818,942 3630,655 2925,740
472 3832,391 3630,655 2925,740
473 3832,391 3630,655 2925,740
474 5787,879 3630,655 2925,740
475 3832,391 3630,655 2925,740
476 3832,961 3630,655 2925,740
477 3832,961 3630,655 2925,740
478 3832,961 3630,655 2925,740
479 4681,969 3630,655 2925,740
480 3864,503 3630,655 2925,740
481 3630,655 3630,655 2925,740
482 3630,655 3630,655 2925,740
483 3745,305 3630,655 2925,740
484 3753,132 3630,655 2925,740
485 3753,132 3630,655 2925,740
486 3763,099 3630,655 2925,740
487 3776,650 3630,655 2925,740
488 3788,496 3630,655 2925,740
489 3789,066 3630,655 2925,740
490 3789,066 3630,655 2925,740
491 3789,066 3630,655 2925,740
492 3789,066 3630,655 2925,740
493 3789,066 3630,655 2925,740
494 3789,264 3630,655 2925,740
495 3811,451 3630,655 2925,740
496 3818,942 3630,655 2925,740
497 3818,942 3630,655 2925,740
498 3832,391 3630,655 2925,740
499 5025,925 3630,655 2925,740
500 3832,391 3630,655 2925,740
501 3630,655 3630,655 2925,740
502 3630,655 3630,655 2925,740
503 3706,487 3630,655 2925,740
504 3709,960 3630,655 2925,740
505 3745,305 3630,655 2925,740
506 3753,010 3630,655 2925,740
507 3753,132 3630,655 2925,740
508 3753,132 3630,655 2925,740
509 3763,099 3630,655 2925,740
510 3776,650 3630,655 2925,740
511 3788,496 3630,655 2925,740
512 3788,496 3630,655 2925,740
513 3788,496 3630,655 2925,740
514 3788,496 3630,655 2925,740
515 3788,496 3630,655 2925,740
516 3789,066 3630,655 2925,740
517 3789,066 3630,655 2925,740
518 4845,412 3630,655 2925,740
519 3789,066 3630,655 2925,740
520 3789,066 3630,655 2925,740
521 3630,655 3630,655 2925,740
522 3630,655 3630,655 2925,740
523 3630,655 3630,655 2925,740
524 3630,655 3630,655 2925,740
525 3706,487 3630,655 2925,740
526 3706,487 3630,655 2925,740
527 3709,960 3630,655 2925,740
528 3709,960 3630,655 2925,740
529 3745,305 3630,655 2925,740
530 3745,305 3630,655 2925,740
531 3753,010 3630,655 2925,740
532 3753,132 3630,655 2925,740
533 3753,132 3630,655 2925,740
534 3753,132 3630,655 2925,740
535 3763,099 3630,655 2925,740
536 3776,650 3630,655 2925,740
537 3788,496 3630,655 2925,740
538 3788,496 3630,655 2925,740
539 3788,496 3630,655 2925,740
540 3788,496 3630,655 2925,740
541 3630,655 3630,655 2925,740
542 3630,655 3630,655 2925,740
543 3630,655 3630,655 2925,740
544 3630,655 3630,655 2925,740
545 3630,655 3630,655 2925,740
546 3630,655 3630,655 2925,740
547 3706,487 3630,655 2925,740
548 3706,487 3630,655 2925,740
549 3706,487 3630,655 2925,740
550 5204,459 3630,655 2925,740
551 3709,960 3630,655 2925,740
552 3709,960 3630,655 2925,740
553 3745,305 3630,655 2925,740
554 3745,305 3630,655 2925,740
555 3753,010 3630,655 2925,740
556 3753,132 3630,655 2925,740
557 3753,132 3630,655 2925,740
558 3753,132 3630,655 2925,740
559 3753,132 3630,655 2925,740
560 3763,099 3630,655 2925,740
561 3630,655 3630,655 2925,740
562 3630,655 3630,655 2925,740
563 3630,655 3630,655 2925,740
564 3630,655 3630,655 2925,740
565 3630,655 3630,655 2925,740
566 3630,655 3630,655 2925,740
567 3630,655 3630,655 2925,740
568 3630,655 3630,655 2925,740
569 3630,655 3630,655 2925,740
570 3630,655 3630,655 2925,740
571 3706,487 3630,655 2925,740
572 3706,487 3630,655 2925,740
573 3706,487 3630,655 2925,740
574 3706,487 3630,655 2925,740
575 3709,960 3630,655 2925,740
576 3709,960 3630,655 2925,740
577 3714,963 3630,655 2925,740
578 3715,296 3630,655 2925,740
579 3745,305 3630,655 2925,740
580 3745,305 3630,655 2925,740
581 3630,655 3630,655 2925,740
582 3630,655 3630,655 2925,740
583 3630,655 3630,655 2925,740
584 3630,655 3630,655 2925,740
585 3630,655 3630,655 2925,740
586 3630,655 3630,655 2925,740
587 3630,655 3630,655 2925,740
588 3630,655 3630,655 2925,740
589 3630,655 3630,655 2925,740
590 3630,655 3630,655 2925,740
591 3630,655 3630,655 2925,740
592 3630,655 3630,655 2925,740
593 3630,655 3630,655 2925,740
594 3630,655 3630,655 2925,740
595 3630,655 3630,655 2925,740
596 3630,655 3630,655 2925,740
597 3630,655 3630,655 2925,740
598 3630,655 3630,655 2925,740
599 3630,655 3630,655 2925,740
600 3630,655 3630,655 2925,740
601 3630,655 3630,655 2925,740
602 3630,655 3630,655 2925,740
603 3630,655 3630,655 2925,740
604 3630,655 3630,655 2925,740
605 3630,655 3630,655 2925,740
606 3630,655 3630,655 2925,740
607 3630,655 3630,655 2925,740
608 3630,655 3630,655 2925,740
609 3630,655 3630,655 2925,740
610 3630,655 3630,655 2925,740
611 3630,655 3630,655 2925,740
612 3630,655 3630,655 2925,740
613 3630,655 3630,655 2925,740
614 3630,655 3630,655 2925,740
615 3630,655 3630,655 2925,740
616 3630,655 3630,655 2925,740
617 3630,655 3630,655 2925,740
618 3630,655 3630,655 2925,740
619 3630,655 3630,655 2925,740
620 3630,655 3630,655 2925,740
621 3630,655 3630,655 2925,740
622 3630,655 3630,655 2925,740
623 3630,655 3630,655 2925,740
624 3630,655 3630,655 2925,740
625 3630,655 3630,655 2925,740
626 3630,655 3630,655 2925,740
627 3630,655 3630,655 2925,740
628 3630,655 3630,655 2925,740
629 4725,316 3630,655 2925,740
630 3630,655 3630,655 2925,740
631 3630,655 3630,655 2925,740
632 3630,655 3630,655 2925,740
633 3630,655 3630,655 2925,740
634 3630,655 3630,655 2925,740
635 3630,655 3630,655 2925,740
636 3630,655 3630,655 2925,740
637 3630,655 3630,655 2925,740
638 3630,655 3630,655 2925,740
639 3630,655 3630,655 2925,740
640 3630,655 3630,655 2925,740
641 3630,655 3630,655 2925,740
642 4682,106 3630,655 2925,740
643 3630,655 3630,655 2925,740
644 3630,655 3630,655 2925,740
645 3630,655 3630,655 2925,740
646 3630,655 3630,655 2925,740
647 3630,655 3630,655 2925,740
648 3630,655 3630,655 2925,740
649 3630,655 3630,655 2925,740
650 3630,655 3630,655 2925,740
651 3630,655 3630,655 2925,740
652 3630,655 3630,655 2925,740
653 3630,655 3630,655 2925,740
654 3630,655 3630,655 2925,740
655 3630,655 3630,655 2925,740
656 3630,655 3630,655 2925,740
657 3630,655 3630,655 2925,740
658 3630,655 3630,655 2925,740
659 3630,655 3630,655 2925,740
660 3630,655 3630,655 2925,740
661 3630,655 3630,655 2925,740
662 3630,655 3630,655 2925,740
663 3630,655 3630,655 2925,740
664 3630,655 3630,655 2925,740
665 3630,655 3630,655 2925,740
666 3630,655 3630,655 2925,740
667 3630,655 3630,655 2925,740
668 3630,655 3630,655 2925,740
669 3630,655 3630,655 2925,740
670 3630,655 3630,655 2925,740
671 3630,655 3630,655 2925,740
672 3630,655 3630,655 2925,740
673 3630,655 3630,655 2925,740
674 3630,655 3630,655 2925,740
675 3630,655 3630,655 2925,740
676 3630,655 3630,655 2925,740
677 3630,655 3630,655 2925,740
678 3630,655 3630,655 2925,740
679 3630,655 3630,655 2925,740
680 3630,655 3630,655 2925,740
681 3630,655 3630,655 2925,740
682 3630,655 3630,655 2925,740
683 3630,655 3630,655 2925,740
684 6241,952 3630,655 2925,740
685 3630,655 3630,655 2925,740
686 3630,655 3630,655 2925,740
687 3630,655 3630,655 2925,740
688 3630,655 3630,655 2925,740
689 3630,655 3630,655 2925,740
690 3630,655 3630,655 2925,740
691 5287,475 3630,655 2925,740
692 3630,655 3630,655 2925,740
693 3630,655 3630,655 2925,740
694 3630,655 3630,655 2925,740
695 3630,655 3630,655 2925,740
696 3630,655 3630,655 2925,740
697 3630,655 3630,655 2925,740
698 3630,655 3630,655 2925,740
699 3630,655 3630,655 2925,740
700 3630,655 3630,655 2925,740
701 3630,655 3630,655 2925,740
702 3630,655 3630,655 2925,740
703 3630,655 3630,655 2925,740
704 3630,655 3630,655 2925,740
705 3630,655 3630,655 2925,740
706 6152,199 3630,655 2925,740
707 3630,655 3630,655 2925,740
708 3630,655 3630,655 2925,740
709 3630,655 3630,655 2925,740
710 3630,655 3630,655 2925,740
711 3630,655 3630,655 2925,740
712 3630,655 3630,655 2925,740
713 3630,655 3630,655 2925,740
714 3630,655 3630,655 2925,740
715 3630,655 3630,655 2925,740
716 3630,655 3630,655 2925,740
717 3630,655 3630,655 2925,740
718 3630,655 3630,655 2925,740
719 5576,199 3630,655 2925,740
720 3630,655 3630,655 2925,740
721 3630,655 3630,655 2925,740
722 3630,655 3630,655 2925,740
723 3630,655 3630,655 2925,740
724 3630,655 3630,655 2925,740
725 3630,655 3630,655 2925,740
726 3630,655 3630,655 2925,740
727 3630,655 3630,655 2925,740
728 3630,655 3630,655 2925,740
729 3630,655 3630,655 2925,740
730 3630,655 3630,655 2925,740
731 3630,655 3630,655 2925,740
732 3630,655 3630,655 2925,740
733 3630,655 3630,655 2925,740
734 3630,655 3630,655 2925,740
735 3630,655 3630,655 2925,740
736 3630,655 3630,655 2925,740
737 5387,264 3630,655 2925,740
738 3630,655 3630,655 2925,740
739 6008,383 3630,655 2925,740
740 3630,655 3630,655 2925,740
741 3630,655 3630,655 2925,740
742 3630,655 3630,655 2925,740
743 3630,655 3630,655 2925,740
744 3630,655 3630,655 2925,740
745 3630,655 3630,655 2925,740
746 3630,655 3630,655 2925,740
747 3630,655 3630,655 2925,740
748 3630,655 3630,655 2925,740
749 3630,655 3630,655 2925,740
750 3630,655 3630,655 2925,740
751 3630,655 3630,655 2925,740
752 3630,655 3630,655 2925,740
753 3630,655 3630,655 2925,740
754 3630,655 3630,655 2925,740
755 3630,655 3630,655 2925,740
756 3630,655 3630,655 2925,740
757 3630,655 3630,655 2925,740
758 3630,655 3630,655 2925,740
759 3630,655 3630,655 2925,740
760 3630,655 3630,655 2925,740
761 3630,655 3630,655 2925,740
762 3630,655 3630,655 2925,740
763 3630,655 3630,655 2925,740
764 3630,655 3630,655 2925,740
765 3630,655 3630,655 2925,740
766 3630,655 3630,655 2925,740
767 3630,655 3630,655 2925,740
768 3630,655 3630,655 2925,740
769 3630,655 3630,655 2925,740
770 3630,655 3630,655 2925,740
771 3630,655 3630,655 2925,740
772 3630,655 3630,655 2925,740
773 3630,655 3630,655 2925,740
774 3630,655 3630,655 2925,740
775 3630,655 3630,655 2925,740
776 3630,655 3630,655 2925,740
777 3630,655 3630,655 2925,740
778 3630,655 3630,655 2925,740
779 3630,655 3630,655 2925,740
780 3630,655 3630,655 2925,740
781 3630,655 3630,655 2925,740
782 3630,655 3630,655 2925,740
783 3630,655 3630,655 2925,740
784 3630,655 3630,655 2925,740
785 3630,655 3630,655 2925,740
786 3630,655 3630,655 2925,740
787 3630,655 3630,655 2925,740
788 3630,655 3630,655 2925,740
789 3630,655 3630,655 2925,740
790 3630,655 3630,655 2925,740
791 3630,655 3630,655 2925,740
792 3630,655 3630,655 2925,740
793 3630,655 3630,655 2925,740
794 3630,655 3630,655 2925,740
795 3630,655 3630,655 2925,740
796 3630,655 3630,655 2925,740
797 3630,655 3630,655 2925,740
798 3630,655 3630,655 2925,740
799 3630,655 3630,655 2925,740
800 3630,655 3630,655 2925,740
