nrOsobnika current best_current best_global
1 5175,298 6453,569 6453,569
2 5175,298 6448,012 6448,012
3 5175,298 6110,578 6110,578
4 5175,298 6346,163 6346,163
5 5175,298 6335,457 6335,457
6 5175,298 6394,877 6394,877
7 5175,298 6405,173 6405,173
8 5175,298 6453,631 6453,631
9 5175,298 6264,279 6264,279
10 5175,298 6318,175 6318,175
11 5175,298 6393,219 6393,219
12 5175,298 6341,183 6341,183
13 5175,298 6414,028 6414,028
14 5175,298 6488,716 6488,716
15 5175,298 6494,156 6494,156
16 5175,298 6407,730 6407,730
17 5175,298 6260,172 6260,172
18 5175,298 6257,450 6257,450
19 5175,298 6347,263 6347,263
20 5175,298 6448,293 6448,293
21 4990,925 5175,668 5175,668
22 4990,925 5412,857 5412,857
23 4990,925 5594,641 5594,641
24 4990,925 5689,170 5689,170
25 4990,925 5719,294 5719,294
26 4990,925 5793,905 5793,905
27 4990,925 5825,378 5825,378
28 4990,925 5885,975 5885,975
29 4990,925 5928,697 5928,697
30 4990,925 5989,888 5989,888
31 4990,925 6023,459 6023,459
32 4990,925 6054,962 6054,962
33 4990,925 6088,936 6088,936
34 4990,925 6117,427 6117,427
35 4990,925 6154,740 6154,740
36 4990,925 6186,049 6186,049
37 4990,925 6224,890 6224,890
38 4990,925 6269,340 6269,340
39 4990,925 6289,678 6289,678
40 4990,925 6319,711 6319,711
41 4854,144 5049,514 5049,514
42 4854,144 5222,339 5222,339
43 4854,144 5375,117 5375,117
44 4854,144 5464,801 5464,801
45 4854,144 5473,702 5473,702
46 4854,144 5609,600 5609,600
47 4854,144 5590,817 5590,817
48 4854,144 5668,090 5668,090
49 4854,144 5687,648 5687,648
50 4854,144 5753,358 5753,358
51 4854,144 5780,585 5780,585
52 4854,144 5785,778 5785,778
53 4854,144 5840,516 5840,516
54 4854,144 5847,126 5847,126
55 4854,144 5894,282 5894,282
56 4854,144 5910,042 5910,042
57 4854,144 5919,308 5919,308
58 4854,144 5941,185 5941,185
59 4854,144 5974,478 5974,478
60 4854,144 5998,310 5998,310
61 4714,819 4855,087 4855,087
62 4714,819 5052,545 5052,545
63 4714,819 5145,449 5145,449
64 4714,819 5237,096 5237,096
65 4714,819 5326,526 5326,526
66 4714,819 5365,872 5365,872
67 4714,819 5441,582 5441,582
68 4714,819 5436,715 5436,715
69 4714,819 5486,789 5486,789
70 4714,819 5519,855 5519,855
71 4714,819 5546,236 5546,236
72 4714,819 5610,345 5610,345
73 4714,819 5593,826 5593,826
74 4714,819 5629,703 5629,703
75 4714,819 5743,869 5743,869
76 4714,819 5666,531 5666,531
77 4714,819 5732,608 5732,608
78 4714,819 5701,649 5701,649
79 4714,819 5748,630 5748,630
80 4714,819 5757,379 5757,379
81 4647,832 4763,295 4763,295
82 4647,832 4946,056 4946,056
83 4647,832 5018,259 5018,259
84 4647,832 5058,081 5058,081
85 4647,832 5170,373 5170,373
86 4647,832 5187,102 5187,102
87 4647,832 5266,961 5266,961
88 4647,832 5300,814 5300,814
89 4647,832 5301,622 5301,622
90 4647,832 5381,515 5381,515
91 4647,832 5439,593 5439,593
92 4647,832 5443,163 5443,163
93 4647,832 5410,114 5410,114
94 4647,832 5483,768 5483,768
95 4647,832 5500,252 5500,252
96 4647,832 5490,051 5490,051
97 4647,832 5510,210 5510,210
98 4647,832 5572,897 5572,897
99 4647,832 5631,456 5631,456
100 4647,832 5619,157 5619,157
101 4573,331 4647,832 4647,832
102 4573,331 4757,825 4757,825
103 4573,331 4861,622 4861,622
104 4573,331 4931,423 4931,423
105 4573,331 4990,069 4990,069
106 4573,331 5043,732 5043,732
107 4573,331 5087,073 5087,073
108 4573,331 5116,334 5116,334
109 4573,331 5182,398 5182,398
110 4573,331 5156,006 5156,006
111 4573,331 5198,611 5198,611
112 4573,331 5225,960 5225,960
113 4573,331 5256,800 5256,800
114 4573,331 5281,911 5281,911
115 4573,331 5303,041 5303,041
116 4573,331 5316,928 5316,928
117 4573,331 5340,538 5340,538
118 4573,331 5374,588 5374,588
119 4573,331 5386,991 5386,991
120 4573,331 5398,906 5398,906
121 4407,877 4598,957 4598,957
122 4407,877 4740,449 4740,449
123 4407,877 4756,717 4756,717
124 4407,877 4832,311 4832,311
125 4407,877 4862,142 4862,142
126 4407,877 4898,037 4898,037
127 4407,877 4966,565 4966,565
128 4407,877 4983,984 4983,984
129 4407,877 5011,107 5011,107
130 4407,877 5080,418 5080,418
131 4407,877 5110,283 5110,283
132 4407,877 5140,020 5140,020
133 4407,877 5135,636 5135,636
134 4407,877 5140,038 5140,038
135 4407,877 5161,634 5161,634
136 4407,877 5183,972 5183,972
137 4407,877 5269,918 5269,918
138 4407,877 5215,013 5215,013
139 4407,877 5238,743 5238,743
140 4407,877 5265,823 5265,823
141 4271,270 4407,877 4407,877
142 4271,270 4568,100 4568,100
143 4271,270 4631,083 4631,083
144 4271,270 4709,332 4709,332
145 4271,270 4732,302 4732,302
146 4271,270 4770,263 4770,263
147 4271,270 4828,221 4828,221
148 4271,270 4823,308 4823,308
149 4271,270 4902,205 4902,205
150 4271,270 4912,154 4912,154
151 4271,270 4912,654 4912,654
152 4271,270 4973,200 4973,200
153 4271,270 4972,405 4972,405
154 4271,270 5053,508 5053,508
155 4271,270 5014,405 5014,405
156 4271,270 5030,488 5030,488
157 4271,270 5049,811 5049,811
158 4271,270 5073,608 5073,608
159 4271,270 5126,727 5126,727
160 4271,270 5157,023 5157,023
161 4175,816 4328,784 4328,784
162 4175,816 4449,557 4449,557
163 4175,816 4511,038 4511,038
164 4175,816 4596,615 4596,615
165 4175,816 4635,424 4635,424
166 4175,816 4672,229 4672,229
167 4175,816 4690,719 4690,719
168 4175,816 4771,589 4771,589
169 4175,816 4782,655 4782,655
170 4175,816 4817,821 4817,821
171 4175,816 4808,550 4808,550
172 4175,816 4895,248 4895,248
173 4175,816 4839,360 4839,360
174 4175,816 4880,091 4880,091
175 4175,816 4901,530 4901,530
176 4175,816 4985,540 4985,540
177 4175,816 4963,742 4963,742
178 4175,816 4924,406 4924,406
179 4175,816 4971,740 4971,740
180 4175,816 4958,783 4958,783
181 4080,677 4202,537 4202,537
182 4080,677 4301,078 4301,078
183 4080,677 4384,992 4384,992
184 4080,677 4501,705 4501,705
185 4080,677 4616,985 4616,985
186 4080,677 4594,442 4594,442
187 4080,677 4631,359 4631,359
188 4080,677 4609,063 4609,063
189 4080,677 4704,872 4704,872
190 4080,677 4658,163 4658,163
191 4080,677 4734,617 4734,617
192 4080,677 4721,626 4721,626
193 4080,677 4723,205 4723,205
194 4080,677 4765,056 4765,056
195 4080,677 4750,268 4750,268
196 4080,677 4770,734 4770,734
197 4080,677 4818,603 4818,603
198 4080,677 4802,469 4802,469
199 4080,677 4813,490 4813,490
200 4080,677 5034,942 5034,942
201 4010,628 4166,296 4166,296
202 4010,628 4234,141 4234,141
203 4010,628 4257,149 4257,149
204 4010,628 4305,481 4305,481
205 4010,628 4347,205 4347,205
206 4010,628 4397,309 4397,309
207 4010,628 4528,990 4528,990
208 4010,628 4521,184 4521,184
209 4010,628 4512,310 4512,310
210 4010,628 4544,129 4544,129
211 4010,628 4560,984 4560,984
212 4010,628 4577,392 4577,392
213 4010,628 4600,740 4600,740
214 4010,628 4648,669 4648,669
215 4010,628 4644,011 4644,011
216 4010,628 4700,417 4700,417
217 4010,628 4680,353 4680,353
218 4010,628 4753,026 4753,026
219 4010,628 4715,893 4715,893
220 4010,628 4710,937 4710,937
221 3912,079 4088,618 4088,618
222 3912,079 4148,218 4148,218
223 3912,079 4275,969 4275,969
224 3912,079 4215,800 4215,800
225 3912,079 4251,865 4251,865
226 3912,079 4315,553 4315,553
227 3912,079 4352,347 4352,347
228 3912,079 4352,771 4352,771
229 3912,079 4440,370 4440,370
230 3912,079 4442,604 4442,604
231 3912,079 4415,491 4415,491
232 3912,079 4545,599 4545,599
233 3912,079 4467,928 4467,928
234 3912,079 4528,984 4528,984
235 3912,079 4514,959 4514,959
236 3912,079 4584,407 4584,407
237 3912,079 4600,297 4600,297
238 3912,079 4549,576 4549,576
239 3912,079 4594,274 4594,274
240 3912,079 4666,102 4666,102
241 3854,503 3984,464 3984,464
242 3854,503 4029,628 4029,628
243 3854,503 4082,999 4082,999
244 3854,503 4132,290 4132,290
245 3854,503 4199,997 4199,997
246 3854,503 4187,634 4187,634
247 3854,503 4266,787 4266,787
248 3854,503 4446,879 4446,879
249 3854,503 4372,817 4372,817
250 3854,503 4304,097 4304,097
251 3854,503 4297,756 4297,756
252 3854,503 4355,152 4355,152
253 3854,503 4432,976 4432,976
254 3854,503 4351,568 4351,568
255 3854,503 4361,677 4361,677
256 3854,503 4398,732 4398,732
257 3854,503 4388,281 4388,281
258 3854,503 4399,621 4399,621
259 3854,503 4479,604 4479,604
260 3854,503 4470,266 4470,266
261 3791,985 3854,503 3854,503
262 3791,985 3994,748 3994,748
263 3791,985 3995,893 3995,893
264 3791,985 4156,771 4156,771
265 3791,985 4143,942 4143,942
266 3791,985 4097,981 4097,981
267 3791,985 4139,337 4139,337
268 3791,985 4144,588 4144,588
269 3791,985 4187,387 4187,387
270 3791,985 4193,763 4193,763
271 3791,985 4240,628 4240,628
272 3791,985 4299,205 4299,205
273 3791,985 4286,846 4286,846
274 3791,985 4239,367 4239,367
275 3791,985 4263,647 4263,647
276 3791,985 4302,320 4302,320
277 3791,985 4298,097 4298,097
278 3791,985 4326,298 4326,298
279 3791,985 4331,709 4331,709
280 3791,985 4336,695 4336,695
281 3741,296 3853,975 3853,975
282 3741,296 3886,901 3886,901
283 3741,296 3962,252 3962,252
284 3741,296 3969,832 3969,832
285 3741,296 4005,248 4005,248
286 3741,296 4120,042 4120,042
287 3741,296 4057,249 4057,249
288 3741,296 4161,750 4161,750
289 3741,296 4130,494 4130,494
290 3741,296 4098,230 4098,230
291 3741,296 4141,304 4141,304
292 3741,296 4207,853 4207,853
293 3741,296 4134,652 4134,652
294 3741,296 4209,988 4209,988
295 3741,296 4212,305 4212,305
296 3741,296 4179,052 4179,052
297 3741,296 4209,244 4209,244
298 3741,296 4198,418 4198,418
299 3741,296 4293,210 4293,210
300 3741,296 4301,056 4301,056
301 3664,033 3820,450 3820,450
302 3664,033 3873,244 3873,244
303 3664,033 3996,152 3996,152
304 3664,033 3884,463 3884,463
305 3664,033 3922,452 3922,452
306 3664,033 3937,988 3937,988
307 3664,033 3998,270 3998,270
308 3664,033 4008,666 4008,666
309 3664,033 3995,495 3995,495
310 3664,033 4010,449 4010,449
311 3664,033 4030,498 4030,498
312 3664,033 4028,343 4028,343
313 3664,033 4097,271 4097,271
314 3664,033 4138,026 4138,026
315 3664,033 4100,267 4100,267
316 3664,033 4140,141 4140,141
317 3664,033 4133,542 4133,542
318 3664,033 4120,694 4120,694
319 3664,033 4179,924 4179,924
320 3664,033 4119,581 4119,581
321 3620,621 3768,713 3768,713
322 3620,621 3867,331 3867,331
323 3620,621 3937,697 3937,697
324 3620,621 3816,654 3816,654
325 3620,621 3841,763 3841,763
326 3620,621 3900,672 3900,672
327 3620,621 3876,581 3876,581
328 3620,621 3943,593 3943,593
329 3620,621 3944,084 3944,084
330 3620,621 3928,761 3928,761
331 3620,621 3939,864 3939,864
332 3620,621 4005,464 4005,464
333 3620,621 4106,888 4106,888
334 3620,621 3978,863 3978,863
335 3620,621 4051,955 4051,955
336 3620,621 4053,189 4053,189
337 3620,621 4102,398 4102,398
338 3620,621 4038,487 4038,487
339 3620,621 4023,208 4023,208
340 3620,621 4102,691 4102,691
341 3586,890 3747,696 3747,696
342 3586,890 3759,932 3759,932
343 3586,890 3921,561 3921,561
344 3586,890 3757,606 3757,606
345 3586,890 3803,700 3803,700
346 3586,890 3808,532 3808,532
347 3586,890 3813,524 3813,524
348 3586,890 3865,561 3865,561
349 3586,890 3887,901 3887,901
350 3586,890 3888,592 3888,592
351 3586,890 3894,683 3894,683
352 3586,890 3957,228 3957,228
353 3586,890 3912,206 3912,206
354 3586,890 3961,496 3961,496
355 3586,890 3912,055 3912,055
356 3586,890 3962,318 3962,318
357 3586,890 3978,651 3978,651
358 3586,890 3942,639 3942,639
359 3586,890 3996,937 3996,937
360 3586,890 4174,676 4174,676
361 3565,840 3586,890 3586,890
362 3565,840 3665,828 3665,828
363 3565,840 3787,125 3787,125
364 3565,840 3736,946 3736,946
365 3565,840 3837,816 3837,816
366 3565,840 3810,249 3810,249
367 3565,840 3764,949 3764,949
368 3565,840 3849,248 3849,248
369 3565,840 3781,219 3781,219
370 3565,840 3815,422 3815,422
371 3565,840 3829,553 3829,553
372 3565,840 3905,618 3905,618
373 3565,840 3809,719 3809,719
374 3565,840 3993,113 3993,113
375 3565,840 3826,731 3826,731
376 3565,840 3852,366 3852,366
377 3565,840 3869,230 3869,230
378 3565,840 3880,147 3880,147
379 3565,840 3853,300 3853,300
380 3565,840 3870,052 3870,052
381 3551,530 3596,587 3596,587
382 3551,530 3606,632 3606,632
383 3551,530 3660,124 3660,124
384 3551,530 3655,703 3655,703
385 3551,530 3672,479 3672,479
386 3551,530 3684,325 3684,325
387 3551,530 3779,179 3779,179
388 3551,530 3741,401 3741,401
389 3551,530 3713,557 3713,557
390 3551,530 3760,524 3760,524
391 3551,530 3841,667 3841,667
392 3551,530 3825,127 3825,127
393 3551,530 3750,792 3750,792
394 3551,530 3756,983 3756,983
395 3551,530 3781,471 3781,471
396 3551,530 3852,900 3852,900
397 3551,530 3769,627 3769,627
398 3551,530 3809,795 3809,795
399 3551,530 3838,851 3838,851
400 3551,530 3797,426 3797,426
401 3526,702 3551,530 3551,530
402 3526,702 3589,012 3589,012
403 3526,702 3601,743 3601,743
404 3526,702 3657,258 3657,258
405 3526,702 3727,239 3727,239
406 3526,702 3658,967 3658,967
407 3526,702 3809,710 3809,710
408 3526,702 3724,493 3724,493
409 3526,702 3799,312 3799,312
410 3526,702 3675,474 3675,474
411 3526,702 3678,951 3678,951
412 3526,702 3699,388 3699,388
413 3526,702 3691,343 3691,343
414 3526,702 3773,213 3773,213
415 3526,702 3739,284 3739,284
416 3526,702 3705,909 3705,909
417 3526,702 3721,028 3721,028
418 3526,702 3838,770 3838,770
419 3526,702 3771,933 3771,933
420 3526,702 3736,054 3736,054
421 3507,548 3542,803 3542,803
422 3507,548 3551,425 3551,425
423 3507,548 3618,835 3618,835
424 3507,548 3653,023 3653,023
425 3507,548 3672,690 3672,690
426 3507,548 3596,771 3596,771
427 3507,548 3646,563 3646,563
428 3507,548 3681,450 3681,450
429 3507,548 3661,042 3661,042
430 3507,548 3647,670 3647,670
431 3507,548 3664,044 3664,044
432 3507,548 3684,631 3684,631
433 3507,548 3671,576 3671,576
434 3507,548 3661,463 3661,463
435 3507,548 3653,507 3653,507
436 3507,548 3709,369 3709,369
437 3507,548 3719,446 3719,446
438 3507,548 3665,968 3665,968
439 3507,548 3738,947 3738,947
440 3507,548 3781,127 3781,127
441 3479,613 3634,996 3634,996
442 3479,613 3592,236 3592,236
443 3479,613 3633,399 3633,399
444 3479,613 3556,645 3556,645
445 3479,613 3593,115 3593,115
446 3479,613 3571,517 3571,517
447 3479,613 3578,965 3578,965
448 3479,613 3668,950 3668,950
449 3479,613 3676,631 3676,631
450 3479,613 3627,326 3627,326
451 3479,613 3642,668 3642,668
452 3479,613 3657,771 3657,771
453 3479,613 3639,749 3639,749
454 3479,613 3619,312 3619,312
455 3479,613 3617,237 3617,237
456 3479,613 3643,743 3643,743
457 3479,613 3702,515 3702,515
458 3479,613 3646,882 3646,882
459 3479,613 3721,961 3721,961
460 3479,613 3700,076 3700,076
461 3466,202 3534,019 3534,019
462 3466,202 3544,180 3544,180
463 3466,202 3532,037 3532,037
464 3466,202 3586,519 3586,519
465 3466,202 3600,263 3600,263
466 3466,202 3591,907 3591,907
467 3466,202 3569,802 3569,802
468 3466,202 3548,663 3548,663
469 3466,202 3624,102 3624,102
470 3466,202 3634,988 3634,988
471 3466,202 3581,866 3581,866
472 3466,202 3568,323 3568,323
473 3466,202 3700,609 3700,609
474 3466,202 3693,300 3693,300
475 3466,202 3629,944 3629,944
476 3466,202 3647,976 3647,976
477 3466,202 3661,996 3661,996
478 3466,202 3718,780 3718,780
479 3466,202 3613,028 3613,028
480 3466,202 3608,496 3608,496
481 3462,597 3528,629 3528,629
482 3462,597 3557,745 3557,745
483 3462,597 3501,195 3501,195
484 3462,597 3550,450 3550,450
485 3462,597 3538,830 3538,830
486 3462,597 3565,785 3565,785
487 3462,597 3552,029 3552,029
488 3462,597 3629,770 3629,770
489 3462,597 3535,150 3535,150
490 3462,597 3543,612 3543,612
491 3462,597 3555,801 3555,801
492 3462,597 3596,070 3596,070
493 3462,597 3545,393 3545,393
494 3462,597 3545,591 3545,591
495 3462,597 3550,213 3550,213
496 3462,597 3630,794 3630,794
497 3462,597 3591,474 3591,474
498 3462,597 3584,135 3584,135
499 3462,597 3595,089 3595,089
500 3462,597 3607,646 3607,646
501 3459,671 3496,983 3496,983
502 3459,671 3521,305 3521,305
503 3459,671 3541,456 3541,456
504 3459,671 3498,923 3498,923
505 3459,671 3593,902 3593,902
506 3459,671 3558,788 3558,788
507 3459,671 3644,015 3644,015
508 3459,671 3570,434 3570,434
509 3459,671 3589,440 3589,440
510 3459,671 3541,835 3541,835
511 3459,671 3623,662 3623,662
512 3459,671 3583,096 3583,096
513 3459,671 3538,309 3538,309
514 3459,671 3544,909 3544,909
515 3459,671 3543,919 3543,919
516 3459,671 3575,886 3575,886
517 3459,671 3765,840 3765,840
518 3459,671 3590,888 3590,888
519 3459,671 3616,428 3616,428
520 3459,671 3577,254 3577,254
521 3455,492 3540,609 3540,609
522 3455,492 3492,740 3492,740
523 3455,492 3480,534 3480,534
524 3455,492 3625,564 3625,564
525 3455,492 3568,152 3568,152
526 3455,492 3590,711 3590,711
527 3455,492 3497,449 3497,449
528 3455,492 3604,295 3604,295
529 3455,492 3534,443 3534,443
530 3455,492 3592,438 3592,438
531 3455,492 3584,007 3584,007
532 3455,492 3523,185 3523,185
533 3455,492 3529,558 3529,558
534 3455,492 3639,257 3639,257
535 3455,492 3552,950 3552,950
536 3455,492 3612,136 3612,136
537 3455,492 3673,804 3673,804
538 3455,492 3517,854 3517,854
539 3455,492 3642,247 3642,247
540 3455,492 3580,441 3580,441
541 3452,054 3479,689 3479,689
542 3452,054 3607,068 3607,068
543 3452,054 3461,642 3461,642
544 3452,054 3509,647 3509,647
545 3452,054 3528,982 3528,982
546 3452,054 3529,029 3529,029
547 3452,054 3525,403 3525,403
548 3452,054 3504,967 3504,967
549 3452,054 3518,865 3518,865
550 3452,054 3540,533 3540,533
551 3452,054 3497,189 3497,189
552 3452,054 3600,631 3600,631
553 3452,054 3509,277 3509,277
554 3452,054 3505,468 3505,468
555 3452,054 3578,916 3578,916
556 3452,054 3540,722 3540,722
557 3452,054 3547,169 3547,169
558 3452,054 3500,840 3500,840
559 3452,054 3501,278 3501,278
560 3452,054 3522,890 3522,890
561 3447,383 3596,059 3596,059
562 3447,383 3587,463 3587,463
563 3447,383 3500,789 3500,789
564 3447,383 3556,351 3556,351
565 3447,383 3510,833 3510,833
566 3447,383 3627,164 3627,164
567 3447,383 3551,237 3551,237
568 3447,383 3487,996 3487,996
569 3447,383 3535,210 3535,210
570 3447,383 3527,284 3527,284
571 3447,383 3518,927 3518,927
572 3447,383 3477,025 3477,025
573 3447,383 3515,385 3515,385
574 3447,383 3503,993 3503,993
575 3447,383 3479,123 3479,123
576 3447,383 3629,963 3629,963
577 3447,383 3560,636 3560,636
578 3447,383 3516,899 3516,899
579 3447,383 3529,255 3529,255
580 3447,383 3528,865 3528,865
581 3446,023 3447,383 3447,383
582 3446,023 3485,207 3485,207
583 3446,023 3453,749 3453,749
584 3446,023 3508,504 3508,504
585 3446,023 3535,018 3535,018
586 3446,023 3575,622 3575,622
587 3446,023 3459,835 3459,835
588 3446,023 3500,772 3500,772
589 3446,023 3461,392 3461,392
590 3446,023 3483,577 3483,577
591 3446,023 3583,164 3583,164
592 3446,023 3554,691 3554,691
593 3446,023 3541,553 3541,553
594 3446,023 3505,809 3505,809
595 3446,023 3464,145 3464,145
596 3446,023 3524,914 3524,914
597 3446,023 3543,023 3543,023
598 3446,023 3481,805 3481,805
599 3446,023 3510,785 3510,785
600 3446,023 3505,962 3505,962
601 3446,023 3630,521 3630,521
602 3446,023 3450,099 3450,099
603 3446,023 3452,217 3452,217
604 3446,023 3454,209 3454,209
605 3446,023 3614,631 3614,631
606 3446,023 3496,116 3496,116
607 3446,023 3469,684 3469,684
608 3446,023 3456,131 3456,131
609 3446,023 3457,823 3457,823
610 3446,023 3513,886 3513,886
611 3446,023 3481,237 3481,237
612 3446,023 3520,480 3520,480
613 3446,023 3523,373 3523,373
614 3446,023 3459,933 3459,933
615 3446,023 3516,730 3516,730
616 3446,023 3541,550 3541,550
617 3446,023 3530,521 3530,521
618 3446,023 3461,847 3461,847
619 3446,023 3608,658 3608,658
620 3446,023 3544,928 3544,928
621 3446,023 3559,197 3559,197
622 3446,023 3500,108 3500,108
623 3446,023 3521,462 3521,462
624 3446,023 3452,254 3452,254
625 3446,023 3488,393 3488,393
626 3446,023 3512,821 3512,821
627 3446,023 3637,307 3637,307
628 3446,023 3531,939 3531,939
629 3446,023 3711,620 3711,620
630 3446,023 3500,360 3500,360
631 3446,023 3519,766 3519,766
632 3446,023 3563,836 3563,836
633 3446,023 3485,358 3485,358
634 3446,023 3521,075 3521,075
635 3446,023 3456,131 3456,131
636 3446,023 3508,091 3508,091
637 3446,023 3495,577 3495,577
638 3446,023 3457,924 3457,924
639 3446,023 3541,751 3541,751
640 3446,023 3588,830 3588,830
641 3446,023 3450,211 3450,211
642 3446,023 3507,104 3507,104
643 3446,023 3448,969 3448,969
644 3446,023 3515,791 3515,791
645 3446,023 3451,124 3451,124
646 3446,023 3491,183 3491,183
647 3446,023 3452,254 3452,254
648 3446,023 3550,155 3550,155
649 3446,023 3537,360 3537,360
650 3446,023 3452,354 3452,354
651 3446,023 3452,354 3452,354
652 3446,023 3452,354 3452,354
653 3446,023 3474,846 3474,846
654 3446,023 3453,980 3453,980
655 3446,023 3499,271 3499,271
656 3446,023 3453,980 3453,980
657 3446,023 3509,105 3509,105
658 3446,023 3548,304 3548,304
659 3446,023 3477,407 3477,407
660 3446,023 3524,068 3524,068
661 3444,934 3573,514 3573,514
662 3444,934 3462,990 3462,990
663 3444,934 3548,251 3548,251
664 3444,934 3448,969 3448,969
665 3444,934 3458,326 3458,326
666 3444,934 3511,647 3511,647
667 3444,934 3448,969 3448,969
668 3444,934 3498,431 3498,431
669 3444,934 3506,335 3506,335
670 3444,934 3451,124 3451,124
671 3444,934 3496,364 3496,364
672 3444,934 3515,850 3515,850
673 3444,934 3550,252 3550,252
674 3444,934 3550,574 3550,574
675 3444,934 3569,831 3569,831
676 3444,934 3574,862 3574,862
677 3444,934 3473,962 3473,962
678 3444,934 3550,495 3550,495
679 3444,934 3548,539 3548,539
680 3444,934 3458,454 3458,454
681 3444,934 3515,310 3515,310
682 3444,934 3524,589 3524,589
683 3444,934 3543,226 3543,226
684 3444,934 3602,786 3602,786
685 3444,934 3446,023 3446,023
686 3444,934 3529,906 3529,906
687 3444,934 3520,580 3520,580
688 3444,934 3501,830 3501,830
689 3444,934 3448,969 3448,969
690 3444,934 3550,527 3550,527
691 3444,934 3541,251 3541,251
692 3444,934 3510,185 3510,185
693 3444,934 3516,631 3516,631
694 3444,934 3504,001 3504,001
695 3444,934 3500,886 3500,886
696 3444,934 3528,611 3528,611
697 3444,934 3449,361 3449,361
698 3444,934 3488,664 3488,664
699 3444,934 3451,124 3451,124
700 3444,934 3451,124 3451,124
701 3435,702 3583,297 3583,297
702 3435,702 3492,550 3492,550
703 3435,702 3453,045 3453,045
704 3435,702 3444,285 3444,285
705 3435,702 3448,969 3448,969
706 3435,702 3670,731 3670,731
707 3435,702 3527,351 3527,351
708 3435,702 3614,326 3614,326
709 3435,702 3613,301 3613,301
710 3435,702 3489,896 3489,896
711 3435,702 3480,347 3480,347
712 3435,702 3503,338 3503,338
713 3435,702 3448,969 3448,969
714 3435,702 3448,969 3448,969
715 3435,702 3562,098 3562,098
716 3435,702 3532,513 3532,513
717 3435,702 3461,528 3461,528
718 3435,702 3448,969 3448,969
719 3435,702 3513,820 3513,820
720 3435,702 3473,288 3473,288
721 3435,702 3435,702 3435,702
722 3435,702 3444,934 3444,934
723 3435,702 3444,934 3444,934
724 3435,702 3480,639 3480,639
725 3435,702 3444,934 3444,934
726 3435,702 3449,308 3449,308
727 3435,702 3527,476 3527,476
728 3435,702 3560,313 3560,313
729 3435,702 3526,334 3526,334
730 3435,702 3510,385 3510,385
731 3435,702 3541,536 3541,536
732 3435,702 3452,830 3452,830
733 3435,702 3533,469 3533,469
734 3435,702 3564,409 3564,409
735 3435,702 3517,082 3517,082
736 3435,702 3511,721 3511,721
737 3435,702 3624,893 3624,893
738 3435,702 3448,969 3448,969
739 3435,702 3577,491 3577,491
740 3435,702 3540,026 3540,026
741 3435,702 3435,702 3435,702
742 3435,702 3435,702 3435,702
743 3435,702 3482,021 3482,021
744 3435,702 3491,534 3491,534
745 3435,702 3534,212 3534,212
746 3435,702 3469,063 3469,063
747 3435,702 3504,610 3504,610
748 3435,702 3461,745 3461,745
749 3435,702 3490,942 3490,942
750 3435,702 3622,527 3622,527
751 3435,702 3488,639 3488,639
752 3435,702 3462,094 3462,094
753 3435,702 3508,313 3508,313
754 3435,702 3529,874 3529,874
755 3435,702 3448,969 3448,969
756 3435,702 3511,208 3511,208
757 3435,702 3448,969 3448,969
758 3435,702 3469,835 3469,835
759 3435,702 3448,969 3448,969
760 3435,702 3455,262 3455,262
761 3435,493 3592,406 3592,406
762 3435,493 3435,702 3435,702
763 3435,493 3575,023 3575,023
764 3435,493 3435,999 3435,999
765 3435,493 3466,931 3466,931
766 3435,493 3516,961 3516,961
767 3435,493 3477,965 3477,965
768 3435,493 3481,864 3481,864
769 3435,493 3478,121 3478,121
770 3435,493 3551,864 3551,864
771 3435,493 3444,052 3444,052
772 3435,493 3490,195 3490,195
773 3435,493 3579,203 3579,203
774 3435,493 3564,489 3564,489
775 3435,493 3478,905 3478,905
776 3435,493 3535,440 3535,440
777 3435,493 3512,564 3512,564
778 3435,493 3546,606 3546,606
779 3435,493 3448,969 3448,969
780 3435,493 3513,659 3513,659
781 3432,039 3432,039 3432,039
782 3432,039 3490,393 3490,393
783 3432,039 3435,702 3435,702
784 3432,039 3528,966 3528,966
785 3432,039 3503,153 3503,153
786 3432,039 3555,654 3555,654
787 3432,039 3435,702 3435,702
788 3432,039 3491,201 3491,201
789 3432,039 3435,702 3435,702
790 3432,039 3488,786 3488,786
791 3432,039 3435,702 3435,702
792 3432,039 3549,553 3549,553
793 3432,039 3486,730 3486,730
794 3432,039 3526,501 3526,501
795 3432,039 3479,417 3479,417
796 3432,039 3529,214 3529,214
797 3432,039 3555,204 3555,204
798 3432,039 3598,581 3598,581
799 3432,039 3443,492 3443,492
800 3432,039 3620,572 3620,572
