nrOsobnika current best_current best_global
1 6873,678 5198,883 2951,769
2 6632,671 5198,883 2951,769
3 5940,482 5198,883 2951,769
4 7633,951 5198,883 2951,769
5 6342,546 5198,883 2951,769
6 6462,401 5198,883 2951,769
7 6790,485 5198,883 2951,769
8 6519,737 5198,883 2951,769
9 7043,962 5198,883 2951,769
10 5776,359 5198,883 2951,769
11 6417,961 5198,883 2951,769
12 6620,663 5198,883 2951,769
13 5356,531 5198,883 2951,769
14 6264,925 5198,883 2951,769
15 7193,351 5198,883 2951,769
16 6050,143 5198,883 2951,769
17 6780,361 5198,883 2951,769
18 6362,730 5198,883 2951,769
19 6276,141 5198,883 2951,769
20 6923,627 5198,883 2951,769
21 5198,883 4988,869 2951,769
22 5356,531 4988,869 2951,769
23 5454,727 4988,869 2951,769
24 5776,359 4988,869 2951,769
25 5812,177 4988,869 2951,769
26 5836,713 4988,869 2951,769
27 5940,482 4988,869 2951,769
28 5963,838 4988,869 2951,769
29 6050,143 4988,869 2951,769
30 6072,400 4988,869 2951,769
31 6180,135 4988,869 2951,769
32 6264,925 4988,869 2951,769
33 6271,108 4988,869 2951,769
34 6276,141 4988,869 2951,769
35 6342,546 4988,869 2951,769
36 6362,730 4988,869 2951,769
37 6410,006 4988,869 2951,769
38 6417,961 4988,869 2951,769
39 6428,573 4988,869 2951,769
40 6448,549 4988,869 2951,769
41 5373,128 5053,713 2951,769
42 5198,883 5053,713 2951,769
43 5270,412 5053,713 2951,769
44 5334,034 5053,713 2951,769
45 5356,531 5053,713 2951,769
46 5454,727 5053,713 2951,769
47 5581,362 5053,713 2951,769
48 5638,533 5053,713 2951,769
49 5707,375 5053,713 2951,769
50 5748,288 5053,713 2951,769
51 5761,268 5053,713 2951,769
52 5766,278 5053,713 2951,769
53 5776,359 5053,713 2951,769
54 5812,177 5053,713 2951,769
55 5820,472 5053,713 2951,769
56 5836,713 5053,713 2951,769
57 5940,482 5053,713 2951,769
58 5963,838 5053,713 2951,769
59 6050,143 5053,713 2951,769
60 6056,979 5053,713 2951,769
61 5053,713 4747,718 2951,769
62 5198,883 4747,718 2951,769
63 5270,412 4747,718 2951,769
64 5334,034 4747,718 2951,769
65 5356,531 4747,718 2951,769
66 5373,128 4747,718 2951,769
67 5409,483 4747,718 2951,769
68 5413,566 4747,718 2951,769
69 5454,727 4747,718 2951,769
70 5491,171 4747,718 2951,769
71 5581,362 4747,718 2951,769
72 5595,355 4747,718 2951,769
73 5619,991 4747,718 2951,769
74 5638,533 4747,718 2951,769
75 5707,375 4747,718 2951,769
76 5748,288 4747,718 2951,769
77 5761,268 4747,718 2951,769
78 5766,278 4747,718 2951,769
79 5776,359 4747,718 2951,769
80 5812,177 4747,718 2951,769
81 4747,718 4747,718 2951,769
82 5053,713 4747,718 2951,769
83 5091,571 4747,718 2951,769
84 5198,883 4747,718 2951,769
85 5199,276 4747,718 2951,769
86 5247,234 4747,718 2951,769
87 5270,412 4747,718 2951,769
88 5271,956 4747,718 2951,769
89 5334,034 4747,718 2951,769
90 5356,531 4747,718 2951,769
91 5373,128 4747,718 2951,769
92 5409,483 4747,718 2951,769
93 5413,566 4747,718 2951,769
94 5454,727 4747,718 2951,769
95 5491,171 4747,718 2951,769
96 5498,133 4747,718 2951,769
97 5509,958 4747,718 2951,769
98 5525,456 4747,718 2951,769
99 5581,362 4747,718 2951,769
100 5595,355 4747,718 2951,769
101 4747,718 4535,965 2951,769
102 4943,038 4535,965 2951,769
103 4977,980 4535,965 2951,769
104 5053,713 4535,965 2951,769
105 5091,571 4535,965 2951,769
106 5027,900 4535,965 2951,769
107 5199,276 4535,965 2951,769
108 5247,234 4535,965 2951,769
109 5270,412 4535,965 2951,769
110 4732,460 4535,965 2951,769
111 5334,034 4535,965 2951,769
112 5356,531 4535,965 2951,769
113 5373,128 4535,965 2951,769
114 5409,483 4535,965 2951,769
115 5412,142 4535,965 2951,769
116 5413,566 4535,965 2951,769
117 5454,727 4535,965 2951,769
118 5491,171 4535,965 2951,769
119 5498,133 4535,965 2951,769
120 5509,958 4535,965 2951,769
121 4535,965 4535,965 2951,769
122 4732,460 4535,965 2951,769
123 4747,718 4535,965 2951,769
124 4943,038 4535,965 2951,769
125 4977,980 4535,965 2951,769
126 5027,900 4535,965 2951,769
127 5042,966 4535,965 2951,769
128 5053,713 4535,965 2951,769
129 5091,571 4535,965 2951,769
130 5190,484 4535,965 2951,769
131 5199,276 4535,965 2951,769
132 5247,234 4535,965 2951,769
133 5270,412 4535,965 2951,769
134 5295,911 4535,965 2951,769
135 5328,906 4535,965 2951,769
136 5334,034 4535,965 2951,769
137 5356,531 4535,965 2951,769
138 5373,128 4535,965 2951,769
139 5403,148 4535,965 2951,769
140 5409,483 4535,965 2951,769
141 4535,965 4327,001 2951,769
142 4677,345 4327,001 2951,769
143 4732,460 4327,001 2951,769
144 4744,091 4327,001 2951,769
145 4747,718 4327,001 2951,769
146 4943,038 4327,001 2951,769
147 5799,943 4327,001 2951,769
148 4977,980 4327,001 2951,769
149 5027,900 4327,001 2951,769
150 5042,966 4327,001 2951,769
151 5079,748 4327,001 2951,769
152 5053,713 4327,001 2951,769
153 5091,571 4327,001 2951,769
154 5190,484 4327,001 2951,769
155 5199,276 4327,001 2951,769
156 5247,234 4327,001 2951,769
157 5270,412 4327,001 2951,769
158 5295,911 4327,001 2951,769
159 5328,906 4327,001 2951,769
160 5334,034 4327,001 2951,769
161 4327,001 4327,001 2951,769
162 4495,795 4327,001 2951,769
163 4535,965 4327,001 2951,769
164 4677,345 4327,001 2951,769
165 4726,758 4327,001 2951,769
166 4732,460 4327,001 2951,769
167 4744,091 4327,001 2951,769
168 4747,718 4327,001 2951,769
169 4864,503 4327,001 2951,769
170 4864,503 4327,001 2951,769
171 4875,891 4327,001 2951,769
172 4943,038 4327,001 2951,769
173 4977,980 4327,001 2951,769
174 4977,980 4327,001 2951,769
175 5027,900 4327,001 2951,769
176 5034,616 4327,001 2951,769
177 5702,714 4327,001 2951,769
178 5053,713 4327,001 2951,769
179 5079,748 4327,001 2951,769
180 5091,571 4327,001 2951,769
181 4327,001 4327,001 2951,769
182 4430,576 4327,001 2951,769
183 4495,795 4327,001 2951,769
184 4535,965 4327,001 2951,769
185 4677,345 4327,001 2951,769
186 4695,662 4327,001 2951,769
187 4705,089 4327,001 2951,769
188 4726,758 4327,001 2951,769
189 4732,460 4327,001 2951,769
190 4744,091 4327,001 2951,769
191 4747,718 4327,001 2951,769
192 4752,616 4327,001 2951,769
193 4796,332 4327,001 2951,769
194 4855,531 4327,001 2951,769
195 4863,476 4327,001 2951,769
196 4864,503 4327,001 2951,769
197 4864,503 4327,001 2951,769
198 4875,891 4327,001 2951,769
199 4943,038 4327,001 2951,769
200 4973,857 4327,001 2951,769
201 4327,001 4153,931 2951,769
202 4430,576 4153,931 2951,769
203 4495,795 4153,931 2951,769
204 4495,795 4153,931 2951,769
205 4535,965 4153,931 2951,769
206 4664,323 4153,931 2951,769
207 4677,345 4153,931 2951,769
208 4695,662 4153,931 2951,769
209 4705,089 4153,931 2951,769
210 4726,758 4153,931 2951,769
211 4726,758 4153,931 2951,769
212 4732,460 4153,931 2951,769
213 4744,091 4153,931 2951,769
214 4747,718 4153,931 2951,769
215 4752,616 4153,931 2951,769
216 4796,332 4153,931 2951,769
217 4855,531 4153,931 2951,769
218 4855,531 4153,931 2951,769
219 4863,476 4153,931 2951,769
220 4864,503 4153,931 2951,769
221 4153,931 4153,931 2951,769
222 4327,001 4153,931 2951,769
223 4430,576 4153,931 2951,769
224 4495,795 4153,931 2951,769
225 4495,795 4153,931 2951,769
226 4535,965 4153,931 2951,769
227 4535,965 4153,931 2951,769
228 4646,960 4153,931 2951,769
229 4664,323 4153,931 2951,769
230 4677,345 4153,931 2951,769
231 4677,345 4153,931 2951,769
232 5678,628 4153,931 2951,769
233 4695,662 4153,931 2951,769
234 4705,089 4153,931 2951,769
235 4726,758 4153,931 2951,769
236 4726,758 4153,931 2951,769
237 4732,460 4153,931 2951,769
238 4744,091 4153,931 2951,769
239 4747,718 4153,931 2951,769
240 4752,616 4153,931 2951,769
241 4153,931 4079,080 2951,769
242 4327,001 4079,080 2951,769
243 4424,254 4079,080 2951,769
244 4430,576 4079,080 2951,769
245 4495,795 4079,080 2951,769
246 4495,795 4079,080 2951,769
247 4528,721 4079,080 2951,769
248 4535,965 4079,080 2951,769
249 4535,965 4079,080 2951,769
250 4561,944 4079,080 2951,769
251 4583,902 4079,080 2951,769
252 4646,960 4079,080 2951,769
253 4664,323 4079,080 2951,769
254 4677,345 4079,080 2951,769
255 4677,345 4079,080 2951,769
256 5414,400 4079,080 2951,769
257 4695,662 4079,080 2951,769
258 4705,089 4079,080 2951,769
259 4726,758 4079,080 2951,769
260 5058,255 4079,080 2951,769
261 4079,080 3912,387 2951,769
262 4153,931 3912,387 2951,769
263 4327,001 3912,387 2951,769
264 4394,665 3912,387 2951,769
265 4424,254 3912,387 2951,769
266 4430,576 3912,387 2951,769
267 4495,795 3912,387 2951,769
268 4495,795 3912,387 2951,769
269 4528,721 3912,387 2951,769
270 4535,965 3912,387 2951,769
271 4535,965 3912,387 2951,769
272 4535,965 3912,387 2951,769
273 4535,965 3912,387 2951,769
274 4561,944 3912,387 2951,769
275 4561,944 3912,387 2951,769
276 4583,902 3912,387 2951,769
277 4646,960 3912,387 2951,769
278 4664,323 3912,387 2951,769
279 4664,323 3912,387 2951,769
280 4677,345 3912,387 2951,769
281 3912,387 3912,387 2951,769
282 4079,080 3912,387 2951,769
283 4153,931 3912,387 2951,769
284 4327,001 3912,387 2951,769
285 4394,665 3912,387 2951,769
286 4394,665 3912,387 2951,769
287 4424,254 3912,387 2951,769
288 4430,576 3912,387 2951,769
289 4495,795 3912,387 2951,769
290 4495,795 3912,387 2951,769
291 4495,795 3912,387 2951,769
292 4528,721 3912,387 2951,769
293 4535,965 3912,387 2951,769
294 4535,965 3912,387 2951,769
295 4535,965 3912,387 2951,769
296 4535,965 3912,387 2951,769
297 4535,965 3912,387 2951,769
298 4535,965 3912,387 2951,769
299 4552,325 3912,387 2951,769
300 4552,325 3912,387 2951,769
301 3912,387 3912,387 2951,769
302 3912,387 3912,387 2951,769
303 4079,080 3912,387 2951,769
304 4079,080 3912,387 2951,769
305 4490,816 3912,387 2951,769
306 4153,931 3912,387 2951,769
307 4327,001 3912,387 2951,769
308 4394,665 3912,387 2951,769
309 4394,665 3912,387 2951,769
310 4478,626 3912,387 2951,769
311 4430,576 3912,387 2951,769
312 4443,094 3912,387 2951,769
313 4476,574 3912,387 2951,769
314 4495,795 3912,387 2951,769
315 4495,795 3912,387 2951,769
316 4495,795 3912,387 2951,769
317 4518,824 3912,387 2951,769
318 4528,721 3912,387 2951,769
319 4535,965 3912,387 2951,769
320 4535,965 3912,387 2951,769
321 3912,387 3912,387 2951,769
322 3912,387 3912,387 2951,769
323 4079,080 3912,387 2951,769
324 4079,080 3912,387 2951,769
325 4115,881 3912,387 2951,769
326 4122,504 3912,387 2951,769
327 4153,931 3912,387 2951,769
328 4162,741 3912,387 2951,769
329 4168,472 3912,387 2951,769
330 4327,001 3912,387 2951,769
331 4394,665 3912,387 2951,769
332 4394,665 3912,387 2951,769
333 4430,576 3912,387 2951,769
334 4443,094 3912,387 2951,769
335 4476,574 3912,387 2951,769
336 4478,626 3912,387 2951,769
337 4490,816 3912,387 2951,769
338 4495,795 3912,387 2951,769
339 4495,795 3912,387 2951,769
340 4495,795 3912,387 2951,769
341 4039,394 3912,387 2951,769
342 3912,387 3912,387 2951,769
343 5158,025 3912,387 2951,769
344 3912,387 3912,387 2951,769
345 4079,080 3912,387 2951,769
346 4079,080 3912,387 2951,769
347 4115,881 3912,387 2951,769
348 4122,504 3912,387 2951,769
349 4152,501 3912,387 2951,769
350 4153,931 3912,387 2951,769
351 4153,931 3912,387 2951,769
352 4162,741 3912,387 2951,769
353 4168,472 3912,387 2951,769
354 4327,001 3912,387 2951,769
355 4328,049 3912,387 2951,769
356 4394,665 3912,387 2951,769
357 4394,665 3912,387 2951,769
358 4428,272 3912,387 2951,769
359 4430,576 3912,387 2951,769
360 4443,094 3912,387 2951,769
361 3912,387 3912,387 2951,769
362 3912,387 3912,387 2951,769
363 3912,387 3912,387 2951,769
364 4023,175 3912,387 2951,769
365 4039,394 3912,387 2951,769
366 5997,877 3912,387 2951,769
367 4079,012 3912,387 2951,769
368 4079,080 3912,387 2951,769
369 4079,080 3912,387 2951,769
370 4079,080 3912,387 2951,769
371 4091,463 3912,387 2951,769
372 5499,508 3912,387 2951,769
373 4115,881 3912,387 2951,769
374 4122,504 3912,387 2951,769
375 4152,501 3912,387 2951,769
376 4153,931 3912,387 2951,769
377 4153,931 3912,387 2951,769
378 4162,741 3912,387 2951,769
379 4168,472 3912,387 2951,769
380 4169,095 3912,387 2951,769
381 3912,387 3912,387 2951,769
382 3912,387 3912,387 2951,769
383 3912,387 3912,387 2951,769
384 3940,211 3912,387 2951,769
385 3943,383 3912,387 2951,769
386 3995,351 3912,387 2951,769
387 4023,175 3912,387 2951,769
388 4039,394 3912,387 2951,769
389 4043,989 3912,387 2951,769
390 4043,989 3912,387 2951,769
391 4987,687 3912,387 2951,769
392 4068,840 3912,387 2951,769
393 4079,012 3912,387 2951,769
394 4079,080 3912,387 2951,769
395 4079,080 3912,387 2951,769
396 4079,080 3912,387 2951,769
397 4079,080 3912,387 2951,769
398 4079,080 3912,387 2951,769
399 4079,080 3912,387 2951,769
400 4079,208 3912,387 2951,769
401 3912,387 3912,387 2951,769
402 3912,387 3912,387 2951,769
403 3912,387 3912,387 2951,769
404 3912,387 3912,387 2951,769
405 3912,387 3912,387 2951,769
406 3912,387 3912,387 2951,769
407 3912,387 3912,387 2951,769
408 3912,387 3912,387 2951,769
409 3940,211 3912,387 2951,769
410 3940,211 3912,387 2951,769
411 3943,383 3912,387 2951,769
412 3943,383 3912,387 2951,769
413 3975,025 3912,387 2951,769
414 3995,351 3912,387 2951,769
415 3995,351 3912,387 2951,769
416 3996,048 3912,387 2951,769
417 3996,048 3912,387 2951,769
418 4901,259 3912,387 2951,769
419 3998,719 3912,387 2951,769
420 4023,175 3912,387 2951,769
421 3912,387 3912,387 2951,769
422 3912,387 3912,387 2951,769
423 3912,387 3912,387 2951,769
424 5358,921 3912,387 2951,769
425 3912,387 3912,387 2951,769
426 3912,387 3912,387 2951,769
427 3912,387 3912,387 2951,769
428 3912,387 3912,387 2951,769
429 3912,387 3912,387 2951,769
430 3912,387 3912,387 2951,769
431 3912,387 3912,387 2951,769
432 3912,387 3912,387 2951,769
433 3912,387 3912,387 2951,769
434 3912,387 3912,387 2951,769
435 3912,387 3912,387 2951,769
436 3912,387 3912,387 2951,769
437 3912,387 3912,387 2951,769
438 3912,387 3912,387 2951,769
439 3912,387 3912,387 2951,769
440 3912,387 3912,387 2951,769
441 6774,098 3912,387 2951,769
442 3912,387 3912,387 2951,769
443 3912,387 3912,387 2951,769
444 3912,387 3912,387 2951,769
445 3912,387 3912,387 2951,769
446 3912,387 3912,387 2951,769
447 3912,387 3912,387 2951,769
448 3912,387 3912,387 2951,769
449 3912,387 3912,387 2951,769
450 3912,387 3912,387 2951,769
451 3912,387 3912,387 2951,769
452 3912,387 3912,387 2951,769
453 3912,387 3912,387 2951,769
454 3912,387 3912,387 2951,769
455 3912,387 3912,387 2951,769
456 3912,387 3912,387 2951,769
457 3912,387 3912,387 2951,769
458 3912,387 3912,387 2951,769
459 4017,882 3912,387 2951,769
460 3912,387 3912,387 2951,769
461 3912,387 3912,387 2951,769
462 3912,387 3912,387 2951,769
463 3912,387 3912,387 2951,769
464 3912,387 3912,387 2951,769
465 3912,387 3912,387 2951,769
466 3912,387 3912,387 2951,769
467 3912,387 3912,387 2951,769
468 3912,387 3912,387 2951,769
469 3912,387 3912,387 2951,769
470 3912,387 3912,387 2951,769
471 3912,387 3912,387 2951,769
472 3912,387 3912,387 2951,769
473 3912,387 3912,387 2951,769
474 3912,387 3912,387 2951,769
475 3912,387 3912,387 2951,769
476 3912,387 3912,387 2951,769
477 3912,387 3912,387 2951,769
478 3912,387 3912,387 2951,769
479 3912,387 3912,387 2951,769
480 3912,387 3912,387 2951,769
481 3912,387 3912,387 2951,769
482 3912,387 3912,387 2951,769
483 3912,387 3912,387 2951,769
484 3912,387 3912,387 2951,769
485 3912,387 3912,387 2951,769
486 3912,387 3912,387 2951,769
487 3912,387 3912,387 2951,769
488 3912,387 3912,387 2951,769
489 3912,387 3912,387 2951,769
490 3912,387 3912,387 2951,769
491 3912,387 3912,387 2951,769
492 3912,387 3912,387 2951,769
493 3912,387 3912,387 2951,769
494 3912,387 3912,387 2951,769
495 3912,387 3912,387 2951,769
496 3912,387 3912,387 2951,769
497 3912,387 3912,387 2951,769
498 3912,387 3912,387 2951,769
499 3912,387 3912,387 2951,769
500 5337,439 3912,387 2951,769
501 3912,387 3912,387 2951,769
502 3912,387 3912,387 2951,769
503 3912,387 3912,387 2951,769
504 3912,387 3912,387 2951,769
505 3912,387 3912,387 2951,769
506 3912,387 3912,387 2951,769
507 3912,387 3912,387 2951,769
508 3912,387 3912,387 2951,769
509 3912,387 3912,387 2951,769
510 3912,387 3912,387 2951,769
511 4165,905 3912,387 2951,769
512 3912,387 3912,387 2951,769
513 3912,387 3912,387 2951,769
514 3912,387 3912,387 2951,769
515 3912,387 3912,387 2951,769
516 3912,387 3912,387 2951,769
517 3912,387 3912,387 2951,769
518 3912,387 3912,387 2951,769
519 3912,387 3912,387 2951,769
520 3912,387 3912,387 2951,769
521 3912,387 3912,387 2951,769
522 3912,387 3912,387 2951,769
523 3912,387 3912,387 2951,769
524 3912,387 3912,387 2951,769
525 3912,387 3912,387 2951,769
526 3912,387 3912,387 2951,769
527 3912,387 3912,387 2951,769
528 3912,387 3912,387 2951,769
529 3912,387 3912,387 2951,769
530 3912,387 3912,387 2951,769
531 3912,387 3912,387 2951,769
532 3912,387 3912,387 2951,769
533 3912,387 3912,387 2951,769
534 3912,387 3912,387 2951,769
535 3912,387 3912,387 2951,769
536 3912,387 3912,387 2951,769
537 3912,387 3912,387 2951,769
538 3912,387 3912,387 2951,769
539 3912,387 3912,387 2951,769
540 3912,387 3912,387 2951,769
541 3912,387 3912,387 2951,769
542 3912,387 3912,387 2951,769
543 3912,387 3912,387 2951,769
544 3912,387 3912,387 2951,769
545 3912,387 3912,387 2951,769
546 3912,387 3912,387 2951,769
547 3912,387 3912,387 2951,769
548 3912,387 3912,387 2951,769
549 3912,387 3912,387 2951,769
550 3912,387 3912,387 2951,769
551 3912,387 3912,387 2951,769
552 3912,387 3912,387 2951,769
553 3912,387 3912,387 2951,769
554 3912,387 3912,387 2951,769
555 4757,822 3912,387 2951,769
556 3912,387 3912,387 2951,769
557 3912,387 3912,387 2951,769
558 3912,387 3912,387 2951,769
559 3912,387 3912,387 2951,769
560 3912,387 3912,387 2951,769
561 3912,387 3912,387 2951,769
562 3912,387 3912,387 2951,769
563 3912,387 3912,387 2951,769
564 3912,387 3912,387 2951,769
565 3912,387 3912,387 2951,769
566 3912,387 3912,387 2951,769
567 3912,387 3912,387 2951,769
568 4653,883 3912,387 2951,769
569 3912,387 3912,387 2951,769
570 3912,387 3912,387 2951,769
571 3912,387 3912,387 2951,769
572 3912,387 3912,387 2951,769
573 3912,387 3912,387 2951,769
574 3912,387 3912,387 2951,769
575 3912,387 3912,387 2951,769
576 3912,387 3912,387 2951,769
577 3912,387 3912,387 2951,769
578 3912,387 3912,387 2951,769
579 3912,387 3912,387 2951,769
580 3912,387 3912,387 2951,769
581 3912,387 3912,387 2951,769
582 3912,387 3912,387 2951,769
583 3912,387 3912,387 2951,769
584 3912,387 3912,387 2951,769
585 3912,387 3912,387 2951,769
586 3912,387 3912,387 2951,769
587 3912,387 3912,387 2951,769
588 3912,387 3912,387 2951,769
589 3912,387 3912,387 2951,769
590 3912,387 3912,387 2951,769
591 3912,387 3912,387 2951,769
592 3912,387 3912,387 2951,769
593 3912,387 3912,387 2951,769
594 3912,387 3912,387 2951,769
595 3912,387 3912,387 2951,769
596 3912,387 3912,387 2951,769
597 3912,387 3912,387 2951,769
598 3912,387 3912,387 2951,769
599 5249,936 3912,387 2951,769
600 3912,387 3912,387 2951,769
601 3918,439 3912,387 2951,769
602 3912,387 3912,387 2951,769
603 3912,387 3912,387 2951,769
604 3912,387 3912,387 2951,769
605 3912,387 3912,387 2951,769
606 3912,387 3912,387 2951,769
607 3912,387 3912,387 2951,769
608 3912,387 3912,387 2951,769
609 3912,387 3912,387 2951,769
610 3912,387 3912,387 2951,769
611 4611,418 3912,387 2951,769
612 3912,387 3912,387 2951,769
613 3912,387 3912,387 2951,769
614 3912,387 3912,387 2951,769
615 3912,387 3912,387 2951,769
616 3912,387 3912,387 2951,769
617 3912,387 3912,387 2951,769
618 3912,387 3912,387 2951,769
619 3912,387 3912,387 2951,769
620 3912,387 3912,387 2951,769
621 3912,387 3912,387 2951,769
622 3912,387 3912,387 2951,769
623 3912,387 3912,387 2951,769
624 3912,387 3912,387 2951,769
625 3912,387 3912,387 2951,769
626 3912,387 3912,387 2951,769
627 3912,387 3912,387 2951,769
628 4161,319 3912,387 2951,769
629 3912,387 3912,387 2951,769
630 3912,387 3912,387 2951,769
631 3912,387 3912,387 2951,769
632 3912,387 3912,387 2951,769
633 3912,387 3912,387 2951,769
634 3912,387 3912,387 2951,769
635 3912,387 3912,387 2951,769
636 3912,387 3912,387 2951,769
637 3912,387 3912,387 2951,769
638 3912,387 3912,387 2951,769
639 3912,387 3912,387 2951,769
640 3912,387 3912,387 2951,769
641 3912,387 3912,387 2951,769
642 3912,387 3912,387 2951,769
643 3912,387 3912,387 2951,769
644 3912,387 3912,387 2951,769
645 3912,387 3912,387 2951,769
646 3912,387 3912,387 2951,769
647 3912,387 3912,387 2951,769
648 3912,387 3912,387 2951,769
649 3912,387 3912,387 2951,769
650 3912,387 3912,387 2951,769
651 3912,387 3912,387 2951,769
652 3912,387 3912,387 2951,769
653 3912,387 3912,387 2951,769
654 3912,387 3912,387 2951,769
655 3912,387 3912,387 2951,769
656 3912,387 3912,387 2951,769
657 3912,387 3912,387 2951,769
658 3912,387 3912,387 2951,769
659 3912,387 3912,387 2951,769
660 6008,167 3912,387 2951,769
661 3912,387 3912,387 2951,769
662 3912,387 3912,387 2951,769
663 3912,387 3912,387 2951,769
664 3912,387 3912,387 2951,769
665 3912,387 3912,387 2951,769
666 3912,387 3912,387 2951,769
667 3912,387 3912,387 2951,769
668 3912,387 3912,387 2951,769
669 3912,387 3912,387 2951,769
670 3912,387 3912,387 2951,769
671 3912,387 3912,387 2951,769
672 3912,387 3912,387 2951,769
673 3912,387 3912,387 2951,769
674 3912,387 3912,387 2951,769
675 3912,387 3912,387 2951,769
676 3912,387 3912,387 2951,769
677 3912,387 3912,387 2951,769
678 3912,387 3912,387 2951,769
679 3912,387 3912,387 2951,769
680 3912,387 3912,387 2951,769
681 3912,387 3912,387 2951,769
682 3912,387 3912,387 2951,769
683 3912,387 3912,387 2951,769
684 3912,387 3912,387 2951,769
685 3912,387 3912,387 2951,769
686 3912,387 3912,387 2951,769
687 3912,387 3912,387 2951,769
688 3912,387 3912,387 2951,769
689 3912,387 3912,387 2951,769
690 3912,387 3912,387 2951,769
691 3912,387 3912,387 2951,769
692 3912,387 3912,387 2951,769
693 3912,387 3912,387 2951,769
694 3912,387 3912,387 2951,769
695 3912,387 3912,387 2951,769
696 3912,387 3912,387 2951,769
697 3912,387 3912,387 2951,769
698 3912,387 3912,387 2951,769
699 3912,387 3912,387 2951,769
700 3912,387 3912,387 2951,769
701 3912,387 3912,387 2951,769
702 3912,387 3912,387 2951,769
703 3912,387 3912,387 2951,769
704 3912,387 3912,387 2951,769
705 3912,387 3912,387 2951,769
706 3912,387 3912,387 2951,769
707 3912,387 3912,387 2951,769
708 3912,387 3912,387 2951,769
709 3912,387 3912,387 2951,769
710 3912,387 3912,387 2951,769
711 3912,387 3912,387 2951,769
712 3912,387 3912,387 2951,769
713 3912,387 3912,387 2951,769
714 3912,387 3912,387 2951,769
715 4889,871 3912,387 2951,769
716 3912,387 3912,387 2951,769
717 3912,387 3912,387 2951,769
718 3912,387 3912,387 2951,769
719 3912,387 3912,387 2951,769
720 3912,387 3912,387 2951,769
721 3912,387 3912,387 2951,769
722 3912,387 3912,387 2951,769
723 3912,387 3912,387 2951,769
724 3912,387 3912,387 2951,769
725 3912,387 3912,387 2951,769
726 3912,387 3912,387 2951,769
727 3912,387 3912,387 2951,769
728 3912,387 3912,387 2951,769
729 6233,344 3912,387 2951,769
730 3912,387 3912,387 2951,769
731 3912,387 3912,387 2951,769
732 3912,387 3912,387 2951,769
733 3912,387 3912,387 2951,769
734 3912,387 3912,387 2951,769
735 3912,387 3912,387 2951,769
736 4614,495 3912,387 2951,769
737 3912,387 3912,387 2951,769
738 3912,387 3912,387 2951,769
739 3912,387 3912,387 2951,769
740 3912,387 3912,387 2951,769
741 3912,387 3912,387 2951,769
742 3912,387 3912,387 2951,769
743 3912,387 3912,387 2951,769
744 3912,387 3912,387 2951,769
745 3912,387 3912,387 2951,769
746 3912,387 3912,387 2951,769
747 3912,387 3912,387 2951,769
748 3912,387 3912,387 2951,769
749 3912,387 3912,387 2951,769
750 3912,387 3912,387 2951,769
751 3912,387 3912,387 2951,769
752 3912,387 3912,387 2951,769
753 3912,387 3912,387 2951,769
754 3912,387 3912,387 2951,769
755 3912,387 3912,387 2951,769
756 3912,387 3912,387 2951,769
757 3912,387 3912,387 2951,769
758 3912,387 3912,387 2951,769
759 3912,387 3912,387 2951,769
760 3912,387 3912,387 2951,769
761 3912,387 3912,387 2951,769
762 3912,387 3912,387 2951,769
763 3912,387 3912,387 2951,769
764 3912,387 3912,387 2951,769
765 3912,387 3912,387 2951,769
766 3912,387 3912,387 2951,769
767 3912,387 3912,387 2951,769
768 3912,387 3912,387 2951,769
769 3912,387 3912,387 2951,769
770 4463,166 3912,387 2951,769
771 3912,387 3912,387 2951,769
772 3912,387 3912,387 2951,769
773 3912,387 3912,387 2951,769
774 3912,387 3912,387 2951,769
775 3912,387 3912,387 2951,769
776 3912,387 3912,387 2951,769
777 3912,387 3912,387 2951,769
778 3912,387 3912,387 2951,769
779 3912,387 3912,387 2951,769
780 3912,387 3912,387 2951,769
781 3912,387 3912,387 2951,769
782 3912,387 3912,387 2951,769
783 3912,387 3912,387 2951,769
784 3912,387 3912,387 2951,769
785 3912,387 3912,387 2951,769
786 3912,387 3912,387 2951,769
787 3912,387 3912,387 2951,769
788 3912,387 3912,387 2951,769
789 3912,387 3912,387 2951,769
790 3912,387 3912,387 2951,769
791 3912,387 3912,387 2951,769
792 3912,387 3912,387 2951,769
793 3912,387 3912,387 2951,769
794 3912,387 3912,387 2951,769
795 3912,387 3912,387 2951,769
796 3912,387 3912,387 2951,769
797 4767,265 3912,387 2951,769
798 3912,387 3912,387 2951,769
799 3912,387 3912,387 2951,769
800 3912,387 3912,387 2951,769
