nrOsobnika current best_current best_global
1 5852,562 4789,958 2925,740
2 6199,322 4789,958 2925,740
3 6119,214 4789,958 2925,740
4 6409,112 4789,958 2925,740
5 5906,212 4789,958 2925,740
6 7290,165 4789,958 2925,740
7 7354,707 4789,958 2925,740
8 6731,983 4789,958 2925,740
9 6066,451 4789,958 2925,740
10 6439,510 4789,958 2925,740
11 5834,164 4789,958 2925,740
12 5868,569 4789,958 2925,740
13 6257,324 4789,958 2925,740
14 7470,528 4789,958 2925,740
15 6408,540 4789,958 2925,740
16 4789,958 4789,958 2925,740
17 6153,011 4789,958 2925,740
18 6614,996 4789,958 2925,740
19 6169,114 4789,958 2925,740
20 6761,034 4789,958 2925,740
21 4789,958 4789,958 2925,740
22 5369,125 4789,958 2925,740
23 5711,614 4789,958 2925,740
24 5726,193 4789,958 2925,740
25 5834,164 4789,958 2925,740
26 5852,562 4789,958 2925,740
27 5868,569 4789,958 2925,740
28 5876,465 4789,958 2925,740
29 5906,212 4789,958 2925,740
30 5990,539 4789,958 2925,740
31 6066,451 4789,958 2925,740
32 6077,875 4789,958 2925,740
33 6119,214 4789,958 2925,740
34 6153,011 4789,958 2925,740
35 6169,114 4789,958 2925,740
36 6171,974 4789,958 2925,740
37 6199,322 4789,958 2925,740
38 6215,144 4789,958 2925,740
39 6257,324 4789,958 2925,740
40 6262,169 4789,958 2925,740
41 4789,958 4789,958 2925,740
42 5260,390 4789,958 2925,740
43 5298,341 4789,958 2925,740
44 5369,125 4789,958 2925,740
45 5370,759 4789,958 2925,740
46 5507,180 4789,958 2925,740
47 5519,659 4789,958 2925,740
48 5657,634 4789,958 2925,740
49 5711,614 4789,958 2925,740
50 5719,079 4789,958 2925,740
51 5726,193 4789,958 2925,740
52 5436,285 4789,958 2925,740
53 5834,164 4789,958 2925,740
54 5852,562 4789,958 2925,740
55 5868,569 4789,958 2925,740
56 5876,465 4789,958 2925,740
57 5880,540 4789,958 2925,740
58 5906,212 4789,958 2925,740
59 5990,539 4789,958 2925,740
60 6066,451 4789,958 2925,740
61 4789,958 4600,720 2925,740
62 5022,286 4600,720 2925,740
63 5260,390 4600,720 2925,740
64 5275,830 4600,720 2925,740
65 5279,330 4600,720 2925,740
66 5298,341 4600,720 2925,740
67 5331,933 4600,720 2925,740
68 5360,812 4600,720 2925,740
69 5369,125 4600,720 2925,740
70 5370,759 4600,720 2925,740
71 5434,004 4600,720 2925,740
72 5436,285 4600,720 2925,740
73 5494,941 4600,720 2925,740
74 5507,180 4600,720 2925,740
75 5518,649 4600,720 2925,740
76 5519,659 4600,720 2925,740
77 5620,419 4600,720 2925,740
78 5649,182 4600,720 2925,740
79 5657,634 4600,720 2925,740
80 5711,614 4600,720 2925,740
81 4600,720 4557,339 2925,740
82 4757,123 4557,339 2925,740
83 4789,958 4557,339 2925,740
84 4832,800 4557,339 2925,740
85 4860,492 4557,339 2925,740
86 4943,378 4557,339 2925,740
87 5022,286 4557,339 2925,740
88 5129,900 4557,339 2925,740
89 5220,311 4557,339 2925,740
90 5260,390 4557,339 2925,740
91 5274,898 4557,339 2925,740
92 5274,916 4557,339 2925,740
93 5275,830 4557,339 2925,740
94 5279,330 4557,339 2925,740
95 5298,341 4557,339 2925,740
96 5331,933 4557,339 2925,740
97 5360,812 4557,339 2925,740
98 5369,125 4557,339 2925,740
99 5370,759 4557,339 2925,740
100 6166,773 4557,339 2925,740
101 4557,339 4282,125 2925,740
102 4600,720 4282,125 2925,740
103 4757,123 4282,125 2925,740
104 4789,958 4282,125 2925,740
105 4798,314 4282,125 2925,740
106 4832,800 4282,125 2925,740
107 4860,492 4282,125 2925,740
108 4943,378 4282,125 2925,740
109 5022,286 4282,125 2925,740
110 5041,939 4282,125 2925,740
111 5055,208 4282,125 2925,740
112 5090,224 4282,125 2925,740
113 5092,754 4282,125 2925,740
114 5111,953 4282,125 2925,740
115 5129,900 4282,125 2925,740
116 5143,953 4282,125 2925,740
117 5149,469 4282,125 2925,740
118 5165,139 4282,125 2925,740
119 5220,311 4282,125 2925,740
120 5257,882 4282,125 2925,740
121 4282,125 4282,125 2925,740
122 4414,270 4282,125 2925,740
123 4555,620 4282,125 2925,740
124 4557,339 4282,125 2925,740
125 4600,720 4282,125 2925,740
126 4760,440 4282,125 2925,740
127 4487,398 4282,125 2925,740
128 4757,123 4282,125 2925,740
129 4789,958 4282,125 2925,740
130 4798,314 4282,125 2925,740
131 6444,931 4282,125 2925,740
132 4832,800 4282,125 2925,740
133 4860,492 4282,125 2925,740
134 4911,359 4282,125 2925,740
135 4943,378 4282,125 2925,740
136 5022,286 4282,125 2925,740
137 5908,637 4282,125 2925,740
138 5046,064 4282,125 2925,740
139 5055,208 4282,125 2925,740
140 5090,224 4282,125 2925,740
141 4282,125 3793,311 2925,740
142 4311,507 3793,311 2925,740
143 4414,270 3793,311 2925,740
144 4487,398 3793,311 2925,740
145 4555,620 3793,311 2925,740
146 4555,620 3793,311 2925,740
147 4557,339 3793,311 2925,740
148 4557,339 3793,311 2925,740
149 4557,339 3793,311 2925,740
150 4557,339 3793,311 2925,740
151 4600,720 3793,311 2925,740
152 4687,828 3793,311 2925,740
153 4746,286 3793,311 2925,740
154 4757,123 3793,311 2925,740
155 4757,123 3793,311 2925,740
156 4757,123 3793,311 2925,740
157 4760,440 3793,311 2925,740
158 4789,958 3793,311 2925,740
159 4798,314 3793,311 2925,740
160 4832,800 3793,311 2925,740
161 3793,311 3793,311 2925,740
162 4203,361 3793,311 2925,740
163 4282,125 3793,311 2925,740
164 4311,507 3793,311 2925,740
165 4391,948 3793,311 2925,740
166 4414,270 3793,311 2925,740
167 4427,816 3793,311 2925,740
168 4487,398 3793,311 2925,740
169 4515,333 3793,311 2925,740
170 4540,783 3793,311 2925,740
171 4555,620 3793,311 2925,740
172 4555,620 3793,311 2925,740
173 4555,620 3793,311 2925,740
174 4557,339 3793,311 2925,740
175 4557,339 3793,311 2925,740
176 4557,339 3793,311 2925,740
177 4557,339 3793,311 2925,740
178 4600,720 3793,311 2925,740
179 4600,720 3793,311 2925,740
180 4687,828 3793,311 2925,740
181 3793,311 3793,311 2925,740
182 4126,981 3793,311 2925,740
183 4203,361 3793,311 2925,740
184 4278,451 3793,311 2925,740
185 4282,125 3793,311 2925,740
186 4293,384 3793,311 2925,740
187 4311,507 3793,311 2925,740
188 4391,948 3793,311 2925,740
189 4646,037 3793,311 2925,740
190 4414,270 3793,311 2925,740
191 4427,816 3793,311 2925,740
192 4487,398 3793,311 2925,740
193 4515,333 3793,311 2925,740
194 4517,052 3793,311 2925,740
195 4519,007 3793,311 2925,740
196 4519,007 3793,311 2925,740
197 4540,783 3793,311 2925,740
198 4555,620 3793,311 2925,740
199 4555,620 3793,311 2925,740
200 4555,620 3793,311 2925,740
201 3793,311 3793,311 2925,740
202 4053,360 3793,311 2925,740
203 4126,981 3793,311 2925,740
204 4203,361 3793,311 2925,740
205 4216,792 3793,311 2925,740
206 4278,451 3793,311 2925,740
207 4282,125 3793,311 2925,740
208 4293,384 3793,311 2925,740
209 4311,507 3793,311 2925,740
210 4374,886 3793,311 2925,740
211 4391,948 3793,311 2925,740
212 4414,270 3793,311 2925,740
213 4414,270 3793,311 2925,740
214 4427,816 3793,311 2925,740
215 4487,398 3793,311 2925,740
216 4493,087 3793,311 2925,740
217 4515,333 3793,311 2925,740
218 5368,842 3793,311 2925,740
219 4519,007 3793,311 2925,740
220 4519,007 3793,311 2925,740
221 3793,311 3670,518 2925,740
222 3793,311 3670,518 2925,740
223 3866,831 3670,518 2925,740
224 3866,831 3670,518 2925,740
225 4053,360 3670,518 2925,740
226 4121,859 3670,518 2925,740
227 4126,981 3670,518 2925,740
228 4162,433 3670,518 2925,740
229 4168,316 3670,518 2925,740
230 4175,160 3670,518 2925,740
231 4184,133 3670,518 2925,740
232 4203,361 3670,518 2925,740
233 4216,792 3670,518 2925,740
234 4216,792 3670,518 2925,740
235 4227,929 3670,518 2925,740
236 4278,451 3670,518 2925,740
237 4282,125 3670,518 2925,740
238 4282,125 3670,518 2925,740
239 4282,125 3670,518 2925,740
240 4292,981 3670,518 2925,740
241 3670,518 3551,902 2925,740
242 3670,518 3551,902 2925,740
243 3703,112 3551,902 2925,740
244 3793,311 3551,902 2925,740
245 3793,311 3551,902 2925,740
246 3793,311 3551,902 2925,740
247 3866,831 3551,902 2925,740
248 3866,831 3551,902 2925,740
249 3978,067 3551,902 2925,740
250 4053,360 3551,902 2925,740
251 4053,360 3551,902 2925,740
252 4121,859 3551,902 2925,740
253 4126,981 3551,902 2925,740
254 4162,433 3551,902 2925,740
255 4168,316 3551,902 2925,740
256 4175,160 3551,902 2925,740
257 4175,160 3551,902 2925,740
258 4184,133 3551,902 2925,740
259 4202,720 3551,902 2925,740
260 4203,361 3551,902 2925,740
261 3551,902 3551,902 2925,740
262 3670,518 3551,902 2925,740
263 3670,518 3551,902 2925,740
264 3670,518 3551,902 2925,740
265 3670,518 3551,902 2925,740
266 3703,112 3551,902 2925,740
267 3703,112 3551,902 2925,740
268 3703,112 3551,902 2925,740
269 3703,112 3551,902 2925,740
270 3793,311 3551,902 2925,740
271 3793,311 3551,902 2925,740
272 3793,311 3551,902 2925,740
273 3793,311 3551,902 2925,740
274 3793,311 3551,902 2925,740
275 3793,311 3551,902 2925,740
276 3866,831 3551,902 2925,740
277 3866,831 3551,902 2925,740
278 3866,831 3551,902 2925,740
279 3946,520 3551,902 2925,740
280 3946,520 3551,902 2925,740
281 4180,134 3551,902 2925,740
282 3551,902 3551,902 2925,740
283 3670,518 3551,902 2925,740
284 3670,518 3551,902 2925,740
285 3670,518 3551,902 2925,740
286 3670,518 3551,902 2925,740
287 3670,518 3551,902 2925,740
288 3670,518 3551,902 2925,740
289 3670,518 3551,902 2925,740
290 3670,518 3551,902 2925,740
291 3703,112 3551,902 2925,740
292 3703,112 3551,902 2925,740
293 3703,112 3551,902 2925,740
294 3703,112 3551,902 2925,740
295 3703,112 3551,902 2925,740
296 3793,311 3551,902 2925,740
297 3793,311 3551,902 2925,740
298 3793,311 3551,902 2925,740
299 3793,311 3551,902 2925,740
300 3793,311 3551,902 2925,740
301 3551,902 3551,902 2925,740
302 3551,902 3551,902 2925,740
303 3551,902 3551,902 2925,740
304 3551,902 3551,902 2925,740
305 3670,518 3551,902 2925,740
306 3670,518 3551,902 2925,740
307 3670,518 3551,902 2925,740
308 3670,518 3551,902 2925,740
309 3670,518 3551,902 2925,740
310 3670,518 3551,902 2925,740
311 3670,518 3551,902 2925,740
312 3670,518 3551,902 2925,740
313 3670,518 3551,902 2925,740
314 3670,518 3551,902 2925,740
315 3670,518 3551,902 2925,740
316 3670,518 3551,902 2925,740
317 3670,518 3551,902 2925,740
318 3670,518 3551,902 2925,740
319 3670,518 3551,902 2925,740
320 3670,518 3551,902 2925,740
321 3551,902 3551,902 2925,740
322 3551,902 3551,902 2925,740
323 4395,553 3551,902 2925,740
324 3551,902 3551,902 2925,740
325 3551,902 3551,902 2925,740
326 3551,902 3551,902 2925,740
327 3551,902 3551,902 2925,740
328 3670,518 3551,902 2925,740
329 3670,518 3551,902 2925,740
330 3670,518 3551,902 2925,740
331 3670,518 3551,902 2925,740
332 3670,518 3551,902 2925,740
333 4266,617 3551,902 2925,740
334 3670,518 3551,902 2925,740
335 3670,518 3551,902 2925,740
336 3670,518 3551,902 2925,740
337 3670,518 3551,902 2925,740
338 3670,518 3551,902 2925,740
339 3670,518 3551,902 2925,740
340 3670,518 3551,902 2925,740
341 3551,902 3551,902 2925,740
342 3551,902 3551,902 2925,740
343 3551,902 3551,902 2925,740
344 3551,902 3551,902 2925,740
345 3551,902 3551,902 2925,740
346 3551,902 3551,902 2925,740
347 3551,902 3551,902 2925,740
348 3551,902 3551,902 2925,740
349 3551,902 3551,902 2925,740
350 3551,902 3551,902 2925,740
351 3551,902 3551,902 2925,740
352 3938,304 3551,902 2925,740
353 3551,902 3551,902 2925,740
354 3551,902 3551,902 2925,740
355 3551,902 3551,902 2925,740
356 3551,902 3551,902 2925,740
357 3551,902 3551,902 2925,740
358 3551,902 3551,902 2925,740
359 3551,902 3551,902 2925,740
360 3670,518 3551,902 2925,740
361 3551,902 3551,902 2925,740
362 3551,902 3551,902 2925,740
363 3551,902 3551,902 2925,740
364 3551,902 3551,902 2925,740
365 3551,902 3551,902 2925,740
366 3551,902 3551,902 2925,740
367 3869,810 3551,902 2925,740
368 3551,902 3551,902 2925,740
369 3551,902 3551,902 2925,740
370 3551,902 3551,902 2925,740
371 3551,902 3551,902 2925,740
372 3551,902 3551,902 2925,740
373 3551,902 3551,902 2925,740
374 3551,902 3551,902 2925,740
375 3551,902 3551,902 2925,740
376 3551,902 3551,902 2925,740
377 3551,902 3551,902 2925,740
378 3551,902 3551,902 2925,740
379 3551,902 3551,902 2925,740
380 3551,902 3551,902 2925,740
381 3551,902 3551,902 2925,740
382 3551,902 3551,902 2925,740
383 3551,902 3551,902 2925,740
384 3551,902 3551,902 2925,740
385 3551,902 3551,902 2925,740
386 3551,902 3551,902 2925,740
387 3551,902 3551,902 2925,740
388 3551,902 3551,902 2925,740
389 3551,902 3551,902 2925,740
390 3551,902 3551,902 2925,740
391 5635,986 3551,902 2925,740
392 4557,590 3551,902 2925,740
393 3551,902 3551,902 2925,740
394 3551,902 3551,902 2925,740
395 3551,902 3551,902 2925,740
396 3551,902 3551,902 2925,740
397 3551,902 3551,902 2925,740
398 3551,902 3551,902 2925,740
399 3551,902 3551,902 2925,740
400 3551,902 3551,902 2925,740
401 3551,902 3551,902 2925,740
402 3551,902 3551,902 2925,740
403 3551,902 3551,902 2925,740
404 3551,902 3551,902 2925,740
405 3551,902 3551,902 2925,740
406 3551,902 3551,902 2925,740
407 3551,902 3551,902 2925,740
408 3551,902 3551,902 2925,740
409 3551,902 3551,902 2925,740
410 3551,902 3551,902 2925,740
411 3551,902 3551,902 2925,740
412 3551,902 3551,902 2925,740
413 3551,902 3551,902 2925,740
414 3551,902 3551,902 2925,740
415 3551,902 3551,902 2925,740
416 3551,902 3551,902 2925,740
417 3551,902 3551,902 2925,740
418 3551,902 3551,902 2925,740
419 3551,902 3551,902 2925,740
420 3551,902 3551,902 2925,740
421 3551,902 3551,902 2925,740
422 3551,902 3551,902 2925,740
423 3551,902 3551,902 2925,740
424 3551,902 3551,902 2925,740
425 3551,902 3551,902 2925,740
426 3551,902 3551,902 2925,740
427 3551,902 3551,902 2925,740
428 3551,902 3551,902 2925,740
429 3551,902 3551,902 2925,740
430 3551,902 3551,902 2925,740
431 3551,902 3551,902 2925,740
432 3551,902 3551,902 2925,740
433 3551,902 3551,902 2925,740
434 3551,902 3551,902 2925,740
435 3551,902 3551,902 2925,740
436 3551,902 3551,902 2925,740
437 3551,902 3551,902 2925,740
438 3551,902 3551,902 2925,740
439 3551,902 3551,902 2925,740
440 3551,902 3551,902 2925,740
441 3551,902 3349,828 2925,740
442 3551,902 3349,828 2925,740
443 3641,698 3349,828 2925,740
444 3551,902 3349,828 2925,740
445 3551,902 3349,828 2925,740
446 3551,902 3349,828 2925,740
447 3551,902 3349,828 2925,740
448 3551,902 3349,828 2925,740
449 3551,902 3349,828 2925,740
450 4637,508 3349,828 2925,740
451 3551,902 3349,828 2925,740
452 3551,902 3349,828 2925,740
453 3551,902 3349,828 2925,740
454 3551,902 3349,828 2925,740
455 3349,828 3349,828 2925,740
456 3551,902 3349,828 2925,740
457 3551,902 3349,828 2925,740
458 3551,902 3349,828 2925,740
459 3551,902 3349,828 2925,740
460 3551,902 3349,828 2925,740
461 3349,828 3346,116 2925,740
462 3551,902 3346,116 2925,740
463 3551,902 3346,116 2925,740
464 3551,902 3346,116 2925,740
465 3551,902 3346,116 2925,740
466 3551,902 3346,116 2925,740
467 3551,902 3346,116 2925,740
468 3551,902 3346,116 2925,740
469 3551,902 3346,116 2925,740
470 3551,902 3346,116 2925,740
471 3551,902 3346,116 2925,740
472 3551,902 3346,116 2925,740
473 3551,902 3346,116 2925,740
474 3551,902 3346,116 2925,740
475 3551,902 3346,116 2925,740
476 3551,902 3346,116 2925,740
477 3551,902 3346,116 2925,740
478 3551,902 3346,116 2925,740
479 3551,902 3346,116 2925,740
480 3551,902 3346,116 2925,740
481 3346,116 3346,116 2925,740
482 3346,116 3346,116 2925,740
483 3349,828 3346,116 2925,740
484 3551,902 3346,116 2925,740
485 3551,902 3346,116 2925,740
486 3551,902 3346,116 2925,740
487 3551,902 3346,116 2925,740
488 3551,902 3346,116 2925,740
489 3551,902 3346,116 2925,740
490 3551,902 3346,116 2925,740
491 3551,902 3346,116 2925,740
492 3551,902 3346,116 2925,740
493 3551,902 3346,116 2925,740
494 3551,902 3346,116 2925,740
495 3551,902 3346,116 2925,740
496 3551,902 3346,116 2925,740
497 3551,902 3346,116 2925,740
498 3551,902 3346,116 2925,740
499 3551,902 3346,116 2925,740
500 3551,902 3346,116 2925,740
501 3346,116 3346,116 2925,740
502 3346,116 3346,116 2925,740
503 3346,116 3346,116 2925,740
504 3346,116 3346,116 2925,740
505 3349,828 3346,116 2925,740
506 3551,902 3346,116 2925,740
507 3551,902 3346,116 2925,740
508 3551,902 3346,116 2925,740
509 3551,902 3346,116 2925,740
510 3551,902 3346,116 2925,740
511 3551,902 3346,116 2925,740
512 3551,902 3346,116 2925,740
513 3551,902 3346,116 2925,740
514 3551,902 3346,116 2925,740
515 3678,788 3346,116 2925,740
516 3551,902 3346,116 2925,740
517 3551,902 3346,116 2925,740
518 3551,902 3346,116 2925,740
519 3551,902 3346,116 2925,740
520 3505,545 3346,116 2925,740
521 3346,116 3299,759 2925,740
522 3346,116 3299,759 2925,740
523 3346,116 3299,759 2925,740
524 3346,116 3299,759 2925,740
525 3346,116 3299,759 2925,740
526 3346,116 3299,759 2925,740
527 3346,116 3299,759 2925,740
528 3346,116 3299,759 2925,740
529 3346,116 3299,759 2925,740
530 3346,116 3299,759 2925,740
531 3346,116 3299,759 2925,740
532 3349,828 3299,759 2925,740
533 3505,545 3299,759 2925,740
534 3551,902 3299,759 2925,740
535 3551,902 3299,759 2925,740
536 3551,902 3299,759 2925,740
537 3551,902 3299,759 2925,740
538 3551,902 3299,759 2925,740
539 3551,902 3299,759 2925,740
540 5332,723 3299,759 2925,740
541 3299,759 3299,759 2925,740
542 3346,116 3299,759 2925,740
543 3346,116 3299,759 2925,740
544 3346,116 3299,759 2925,740
545 3346,116 3299,759 2925,740
546 3346,116 3299,759 2925,740
547 3346,116 3299,759 2925,740
548 3346,116 3299,759 2925,740
549 3346,116 3299,759 2925,740
550 3346,116 3299,759 2925,740
551 3346,116 3299,759 2925,740
552 3346,116 3299,759 2925,740
553 3346,116 3299,759 2925,740
554 3346,116 3299,759 2925,740
555 3346,116 3299,759 2925,740
556 3346,116 3299,759 2925,740
557 3346,116 3299,759 2925,740
558 3346,116 3299,759 2925,740
559 3346,116 3299,759 2925,740
560 3346,116 3299,759 2925,740
561 3299,759 3299,759 2925,740
562 3299,759 3299,759 2925,740
563 3346,116 3299,759 2925,740
564 3346,116 3299,759 2925,740
565 3346,116 3299,759 2925,740
566 3346,116 3299,759 2925,740
567 3346,116 3299,759 2925,740
568 3346,116 3299,759 2925,740
569 3346,116 3299,759 2925,740
570 3346,116 3299,759 2925,740
571 3346,116 3299,759 2925,740
572 3481,109 3299,759 2925,740
573 3346,116 3299,759 2925,740
574 3346,116 3299,759 2925,740
575 3346,116 3299,759 2925,740
576 3346,116 3299,759 2925,740
577 3346,116 3299,759 2925,740
578 3346,116 3299,759 2925,740
579 3346,116 3299,759 2925,740
580 3346,116 3299,759 2925,740
581 3299,759 3299,759 2925,740
582 3299,759 3299,759 2925,740
583 3299,759 3299,759 2925,740
584 3299,759 3299,759 2925,740
585 3299,759 3299,759 2925,740
586 3299,759 3299,759 2925,740
587 3299,759 3299,759 2925,740
588 4442,488 3299,759 2925,740
589 3346,116 3299,759 2925,740
590 3346,116 3299,759 2925,740
591 3346,116 3299,759 2925,740
592 3346,116 3299,759 2925,740
593 3346,116 3299,759 2925,740
594 3346,116 3299,759 2925,740
595 3346,116 3299,759 2925,740
596 3346,116 3299,759 2925,740
597 3346,116 3299,759 2925,740
598 3346,116 3299,759 2925,740
599 3346,116 3299,759 2925,740
600 3346,116 3299,759 2925,740
601 3299,759 3299,759 2925,740
602 3299,759 3299,759 2925,740
603 3299,759 3299,759 2925,740
604 3299,759 3299,759 2925,740
605 4029,585 3299,759 2925,740
606 3299,759 3299,759 2925,740
607 3299,759 3299,759 2925,740
608 3299,759 3299,759 2925,740
609 3299,759 3299,759 2925,740
610 3299,759 3299,759 2925,740
611 3299,759 3299,759 2925,740
612 3299,759 3299,759 2925,740
613 3299,759 3299,759 2925,740
614 3299,759 3299,759 2925,740
615 3299,759 3299,759 2925,740
616 3299,759 3299,759 2925,740
617 3346,116 3299,759 2925,740
618 3346,116 3299,759 2925,740
619 3346,116 3299,759 2925,740
620 4399,634 3299,759 2925,740
621 4822,868 3299,759 2925,740
622 3299,759 3299,759 2925,740
623 3299,759 3299,759 2925,740
624 3299,759 3299,759 2925,740
625 3299,759 3299,759 2925,740
626 3299,759 3299,759 2925,740
627 3299,759 3299,759 2925,740
628 3299,759 3299,759 2925,740
629 3299,759 3299,759 2925,740
630 3299,759 3299,759 2925,740
631 3299,759 3299,759 2925,740
632 3299,759 3299,759 2925,740
633 3299,759 3299,759 2925,740
634 3299,759 3299,759 2925,740
635 3299,759 3299,759 2925,740
636 3299,759 3299,759 2925,740
637 3299,759 3299,759 2925,740
638 3299,759 3299,759 2925,740
639 3299,759 3299,759 2925,740
640 3299,759 3299,759 2925,740
641 3299,759 3299,759 2925,740
642 3299,759 3299,759 2925,740
643 3299,759 3299,759 2925,740
644 3299,759 3299,759 2925,740
645 3299,759 3299,759 2925,740
646 3299,759 3299,759 2925,740
647 3299,759 3299,759 2925,740
648 3299,759 3299,759 2925,740
649 3299,759 3299,759 2925,740
650 3299,759 3299,759 2925,740
651 3299,759 3299,759 2925,740
652 3299,759 3299,759 2925,740
653 3299,759 3299,759 2925,740
654 3299,759 3299,759 2925,740
655 3299,759 3299,759 2925,740
656 3299,759 3299,759 2925,740
657 3299,759 3299,759 2925,740
658 3299,759 3299,759 2925,740
659 3299,759 3299,759 2925,740
660 3299,759 3299,759 2925,740
661 3299,759 3299,759 2925,740
662 3299,759 3299,759 2925,740
663 3299,759 3299,759 2925,740
664 3299,759 3299,759 2925,740
665 3299,759 3299,759 2925,740
666 3299,759 3299,759 2925,740
667 3299,759 3299,759 2925,740
668 3299,759 3299,759 2925,740
669 3299,759 3299,759 2925,740
670 3299,759 3299,759 2925,740
671 3299,759 3299,759 2925,740
672 3299,759 3299,759 2925,740
673 3299,759 3299,759 2925,740
674 3299,759 3299,759 2925,740
675 3299,759 3299,759 2925,740
676 3299,759 3299,759 2925,740
677 3299,759 3299,759 2925,740
678 3299,759 3299,759 2925,740
679 3299,759 3299,759 2925,740
680 3299,759 3299,759 2925,740
681 3299,759 3299,759 2925,740
682 3299,759 3299,759 2925,740
683 3299,759 3299,759 2925,740
684 3299,759 3299,759 2925,740
685 3299,759 3299,759 2925,740
686 3299,759 3299,759 2925,740
687 3299,759 3299,759 2925,740
688 3299,759 3299,759 2925,740
689 3299,759 3299,759 2925,740
690 3299,759 3299,759 2925,740
691 3299,759 3299,759 2925,740
692 4752,301 3299,759 2925,740
693 3299,759 3299,759 2925,740
694 3299,759 3299,759 2925,740
695 3299,759 3299,759 2925,740
696 3299,759 3299,759 2925,740
697 3299,759 3299,759 2925,740
698 3299,759 3299,759 2925,740
699 3299,759 3299,759 2925,740
700 3299,759 3299,759 2925,740
701 5301,303 3299,759 2925,740
702 3299,759 3299,759 2925,740
703 3299,759 3299,759 2925,740
704 3299,759 3299,759 2925,740
705 3299,759 3299,759 2925,740
706 3299,759 3299,759 2925,740
707 3299,759 3299,759 2925,740
708 3299,759 3299,759 2925,740
709 3299,759 3299,759 2925,740
710 3299,759 3299,759 2925,740
711 3299,759 3299,759 2925,740
712 3299,759 3299,759 2925,740
713 3299,759 3299,759 2925,740
714 3299,759 3299,759 2925,740
715 3299,759 3299,759 2925,740
716 3299,759 3299,759 2925,740
717 3299,759 3299,759 2925,740
718 3299,759 3299,759 2925,740
719 3299,759 3299,759 2925,740
720 3299,759 3299,759 2925,740
721 3299,759 3299,759 2925,740
722 3299,759 3299,759 2925,740
723 3299,759 3299,759 2925,740
724 3299,759 3299,759 2925,740
725 3299,759 3299,759 2925,740
726 3299,759 3299,759 2925,740
727 3299,759 3299,759 2925,740
728 3299,759 3299,759 2925,740
729 3299,759 3299,759 2925,740
730 3299,759 3299,759 2925,740
731 3299,759 3299,759 2925,740
732 3299,759 3299,759 2925,740
733 3299,759 3299,759 2925,740
734 3299,759 3299,759 2925,740
735 3299,759 3299,759 2925,740
736 3299,759 3299,759 2925,740
737 3299,759 3299,759 2925,740
738 3299,759 3299,759 2925,740
739 3299,759 3299,759 2925,740
740 3299,759 3299,759 2925,740
741 3299,759 3299,759 2925,740
742 3299,759 3299,759 2925,740
743 3299,759 3299,759 2925,740
744 3299,759 3299,759 2925,740
745 3299,759 3299,759 2925,740
746 3299,759 3299,759 2925,740
747 3299,759 3299,759 2925,740
748 3299,759 3299,759 2925,740
749 3299,759 3299,759 2925,740
750 3299,759 3299,759 2925,740
751 3299,759 3299,759 2925,740
752 3299,759 3299,759 2925,740
753 3299,759 3299,759 2925,740
754 3299,759 3299,759 2925,740
755 3299,759 3299,759 2925,740
756 3299,759 3299,759 2925,740
757 3299,759 3299,759 2925,740
758 3299,759 3299,759 2925,740
759 3299,759 3299,759 2925,740
760 3299,759 3299,759 2925,740
761 3299,759 3299,759 2925,740
762 3299,759 3299,759 2925,740
763 3299,759 3299,759 2925,740
764 3299,759 3299,759 2925,740
765 3299,759 3299,759 2925,740
766 3299,759 3299,759 2925,740
767 3299,759 3299,759 2925,740
768 3299,759 3299,759 2925,740
769 3299,759 3299,759 2925,740
770 3299,759 3299,759 2925,740
771 3299,759 3299,759 2925,740
772 3299,759 3299,759 2925,740
773 3299,759 3299,759 2925,740
774 3299,759 3299,759 2925,740
775 3299,759 3299,759 2925,740
776 3299,759 3299,759 2925,740
777 3299,759 3299,759 2925,740
778 3299,759 3299,759 2925,740
779 3299,759 3299,759 2925,740
780 3299,759 3299,759 2925,740
781 3299,759 3299,759 2925,740
782 3299,759 3299,759 2925,740
783 3299,759 3299,759 2925,740
784 3299,759 3299,759 2925,740
785 3299,759 3299,759 2925,740
786 3299,759 3299,759 2925,740
787 3299,759 3299,759 2925,740
788 3299,759 3299,759 2925,740
789 3299,759 3299,759 2925,740
790 3299,759 3299,759 2925,740
791 3299,759 3299,759 2925,740
792 3299,759 3299,759 2925,740
793 3299,759 3299,759 2925,740
794 3299,759 3299,759 2925,740
795 3299,759 3299,759 2925,740
796 3299,759 3299,759 2925,740
797 3299,759 3299,759 2925,740
798 3299,759 3299,759 2925,740
799 3299,759 3299,759 2925,740
800 3299,759 3299,759 2925,740
