nrOsobnika current best_current best_global
1 6784,726 4933,200 4933,200
2 6953,161 4933,200 4933,200
3 6308,475 4933,200 4933,200
4 6222,875 4933,200 4933,200
5 6207,824 4933,200 4933,200
6 6490,644 4933,200 4933,200
7 5786,152 4933,200 4933,200
8 6450,024 4933,200 4933,200
9 6539,697 4933,200 4933,200
10 5453,511 4933,200 4933,200
11 5909,999 4933,200 4933,200
12 6095,889 4933,200 4933,200
13 6683,788 4933,200 4933,200
14 5868,281 4933,200 4933,200
15 6952,040 4933,200 4933,200
16 6676,381 4933,200 4933,200
17 6457,008 4933,200 4933,200
18 5148,671 4933,200 4933,200
19 6263,219 4933,200 4933,200
20 6844,946 4933,200 4933,200
21 4944,307 4944,307 4933,200
22 5148,671 4944,307 4933,200
23 5453,511 4944,307 4933,200
24 5494,615 4944,307 4933,200
25 5510,217 4944,307 4933,200
26 5748,118 4944,307 4933,200
27 5514,929 4944,307 4933,200
28 5801,437 4944,307 4933,200
29 5815,805 4944,307 4933,200
30 5868,281 4944,307 4933,200
31 5909,999 4944,307 4933,200
32 5968,273 4944,307 4933,200
33 5973,095 4944,307 4933,200
34 6019,538 4944,307 4933,200
35 6095,889 4944,307 4933,200
36 6103,275 4944,307 4933,200
37 6207,824 4944,307 4933,200
38 6222,875 4944,307 4933,200
39 6234,532 4944,307 4933,200
40 6263,219 4944,307 4933,200
41 4944,307 4943,385 4933,200
42 5093,802 4943,385 4933,200
43 5148,671 4943,385 4933,200
44 5358,332 4943,385 4933,200
45 5422,531 4943,385 4933,200
46 5453,511 4943,385 4933,200
47 5494,615 4943,385 4933,200
48 5510,217 4943,385 4933,200
49 5514,929 4943,385 4933,200
50 5559,640 4943,385 4933,200
51 5622,524 4943,385 4933,200
52 5748,118 4943,385 4933,200
53 5754,695 4943,385 4933,200
54 5801,437 4943,385 4933,200
55 6448,166 4943,385 4933,200
56 5868,281 4943,385 4933,200
57 5885,090 4943,385 4933,200
58 5909,999 4943,385 4933,200
59 5968,273 4943,385 4933,200
60 5973,095 4943,385 4933,200
61 4943,385 4943,385 4933,200
62 4944,307 4943,385 4933,200
63 5093,802 4943,385 4933,200
64 5148,671 4943,385 4933,200
65 5441,421 4943,385 4933,200
66 5358,332 4943,385 4933,200
67 5365,452 4943,385 4933,200
68 5422,531 4943,385 4933,200
69 5453,511 4943,385 4933,200
70 5494,615 4943,385 4933,200
71 5510,217 4943,385 4933,200
72 5514,929 4943,385 4933,200
73 5559,640 4943,385 4933,200
74 5570,787 4943,385 4933,200
75 5585,870 4943,385 4933,200
76 5622,524 4943,385 4933,200
77 5629,307 4943,385 4933,200
78 5191,574 4943,385 4933,200
79 5748,118 4943,385 4933,200
80 5754,695 4943,385 4933,200
81 4943,385 4552,657 4552,657
82 4944,307 4552,657 4552,657
83 4944,307 4552,657 4552,657
84 4981,725 4552,657 4552,657
85 5020,596 4552,657 4552,657
86 5093,802 4552,657 4552,657
87 5101,748 4552,657 4552,657
88 5137,232 4552,657 4552,657
89 5148,671 4552,657 4552,657
90 5191,574 4552,657 4552,657
91 6337,121 4552,657 4552,657
92 5358,332 4552,657 4552,657
93 5357,108 4552,657 4552,657
94 5422,531 4552,657 4552,657
95 5441,421 4552,657 4552,657
96 5453,511 4552,657 4552,657
97 5481,547 4552,657 4552,657
98 6135,418 4552,657 4552,657
99 5901,458 4552,657 4552,657
100 5510,217 4552,657 4552,657
101 4552,657 4453,653 4453,653
102 4863,892 4453,653 4453,653
103 4943,385 4453,653 4453,653
104 4944,307 4453,653 4453,653
105 4944,307 4453,653 4453,653
106 4981,725 4453,653 4453,653
107 5020,596 4453,653 4453,653
108 5056,827 4453,653 4453,653
109 5093,802 4453,653 4453,653
110 5101,748 4453,653 4453,653
111 5137,232 4453,653 4453,653
112 5148,671 4453,653 4453,653
113 5191,574 4453,653 4453,653
114 5217,190 4453,653 4453,653
115 5229,021 4453,653 4453,653
116 5244,474 4453,653 4453,653
117 5267,819 4453,653 4453,653
118 5340,035 4453,653 4453,653
119 5357,108 4453,653 4453,653
120 5358,332 4453,653 4453,653
121 4453,653 4453,653 4453,653
122 4552,657 4453,653 4453,653
123 4863,892 4453,653 4453,653
124 4943,385 4453,653 4453,653
125 4944,307 4453,653 4453,653
126 4944,307 4453,653 4453,653
127 4981,725 4453,653 4453,653
128 5020,596 4453,653 4453,653
129 5056,827 4453,653 4453,653
130 5093,802 4453,653 4453,653
131 5101,748 4453,653 4453,653
132 5137,232 4453,653 4453,653
133 5137,232 4453,653 4453,653
134 5146,443 4453,653 4453,653
135 5148,671 4453,653 4453,653
136 5191,574 4453,653 4453,653
137 5213,740 4453,653 4453,653
138 5217,190 4453,653 4453,653
139 5229,021 4453,653 4453,653
140 5244,474 4453,653 4453,653
141 4453,653 3928,711 3928,711
142 4453,653 3928,711 3928,711
143 4552,657 3928,711 3928,711
144 4552,657 3928,711 3928,711
145 4644,975 3928,711 3928,711
146 4710,439 3928,711 3928,711
147 4863,892 3928,711 3928,711
148 4888,738 3928,711 3928,711
149 4939,147 3928,711 3928,711
150 4943,385 3928,711 3928,711
151 4944,307 3928,711 3928,711
152 4944,307 3928,711 3928,711
153 4981,725 3928,711 3928,711
154 5020,596 3928,711 3928,711
155 5056,827 3928,711 3928,711
156 5093,802 3928,711 3928,711
157 5101,748 3928,711 3928,711
158 5137,232 3928,711 3928,711
159 5137,232 3928,711 3928,711
160 5982,949 3928,711 3928,711
161 4001,330 3928,711 3928,711
162 3984,025 3928,711 3928,711
163 4423,585 3928,711 3928,711
164 4453,653 3928,711 3928,711
165 4453,653 3928,711 3928,711
166 4453,653 3928,711 3928,711
167 4546,254 3928,711 3928,711
168 4552,657 3928,711 3928,711
169 4552,657 3928,711 3928,711
170 4552,657 3928,711 3928,711
171 4644,975 3928,711 3928,711
172 4710,439 3928,711 3928,711
173 4797,520 3928,711 3928,711
174 4782,494 3928,711 3928,711
175 4863,892 3928,711 3928,711
176 4888,738 3928,711 3928,711
177 4894,952 3928,711 3928,711
178 4939,147 3928,711 3928,711
179 4943,385 3928,711 3928,711
180 4944,307 3928,711 3928,711
181 3928,711 3909,323 3909,323
182 3935,308 3909,323 3909,323
183 3984,025 3909,323 3909,323
184 3984,025 3909,323 3909,323
185 3984,025 3909,323 3909,323
186 4001,330 3909,323 3909,323
187 4183,323 3909,323 3909,323
188 4287,343 3909,323 3909,323
189 4335,459 3909,323 3909,323
190 4423,585 3909,323 3909,323
191 4451,851 3909,323 3909,323
192 5033,240 3909,323 3909,323
193 4453,653 3909,323 3909,323
194 4453,653 3909,323 3909,323
195 4453,653 3909,323 3909,323
196 4546,254 3909,323 3909,323
197 4552,657 3909,323 3909,323
198 4552,657 3909,323 3909,323
199 4552,657 3909,323 3909,323
200 4644,975 3909,323 3909,323
201 3909,323 3818,946 3818,946
202 3928,711 3818,946 3818,946
203 3935,308 3818,946 3818,946
204 3984,025 3818,946 3818,946
205 3984,025 3818,946 3818,946
206 3984,025 3818,946 3818,946
207 4001,330 3818,946 3818,946
208 5368,766 3818,946 3818,946
209 4235,908 3818,946 3818,946
210 4287,343 3818,946 3818,946
211 4304,079 3818,946 3818,946
212 4335,459 3818,946 3818,946
213 4358,737 3818,946 3818,946
214 4380,746 3818,946 3818,946
215 4417,272 3818,946 3818,946
216 4423,585 3818,946 3818,946
217 4451,851 3818,946 3818,946
218 4453,653 3818,946 3818,946
219 4453,653 3818,946 3818,946
220 4453,653 3818,946 3818,946
221 3818,946 3818,946 3818,946
222 3909,323 3818,946 3818,946
223 5732,725 3818,946 3818,946
224 3928,711 3818,946 3818,946
225 3928,711 3818,946 3818,946
226 3928,711 3818,946 3818,946
227 3935,308 3818,946 3818,946
228 3935,308 3818,946 3818,946
229 3984,025 3818,946 3818,946
230 3984,025 3818,946 3818,946
231 3984,025 3818,946 3818,946
232 3984,025 3818,946 3818,946
233 4001,330 3818,946 3818,946
234 4033,634 3818,946 3818,946
235 4050,435 3818,946 3818,946
236 4103,511 3818,946 3818,946
237 4235,532 3818,946 3818,946
238 4235,908 3818,946 3818,946
239 4242,088 3818,946 3818,946
240 4658,639 3818,946 3818,946
241 3818,946 3818,946 3818,946
242 3818,946 3818,946 3818,946
243 3892,501 3818,946 3818,946
244 3909,323 3818,946 3818,946
245 3928,711 3818,946 3818,946
246 3928,711 3818,946 3818,946
247 3928,711 3818,946 3818,946
248 3928,711 3818,946 3818,946
249 3928,711 3818,946 3818,946
250 3928,711 3818,946 3818,946
251 3928,711 3818,946 3818,946
252 3928,711 3818,946 3818,946
253 3935,308 3818,946 3818,946
254 3935,308 3818,946 3818,946
255 3935,308 3818,946 3818,946
256 3935,308 3818,946 3818,946
257 3954,967 3818,946 3818,946
258 3984,025 3818,946 3818,946
259 3984,025 3818,946 3818,946
260 3984,025 3818,946 3818,946
261 3818,946 3808,882 3808,882
262 3818,946 3808,882 3808,882
263 3892,501 3808,882 3808,882
264 3892,501 3808,882 3808,882
265 3892,501 3808,882 3808,882
266 3892,501 3808,882 3808,882
267 3892,501 3808,882 3808,882
268 3909,323 3808,882 3808,882
269 3909,323 3808,882 3808,882
270 3928,711 3808,882 3808,882
271 3928,711 3808,882 3808,882
272 5112,881 3808,882 3808,882
273 3928,711 3808,882 3808,882
274 3928,711 3808,882 3808,882
275 3928,711 3808,882 3808,882
276 3928,711 3808,882 3808,882
277 3928,711 3808,882 3808,882
278 3928,711 3808,882 3808,882
279 3928,711 3808,882 3808,882
280 3928,711 3808,882 3808,882
281 3808,882 3776,437 3776,437
282 3818,946 3776,437 3776,437
283 3818,946 3776,437 3776,437
284 3818,946 3776,437 3776,437
285 3818,946 3776,437 3776,437
286 3818,946 3776,437 3776,437
287 3818,946 3776,437 3776,437
288 3892,501 3776,437 3776,437
289 3892,501 3776,437 3776,437
290 3892,501 3776,437 3776,437
291 3892,501 3776,437 3776,437
292 3892,501 3776,437 3776,437
293 3892,501 3776,437 3776,437
294 3892,501 3776,437 3776,437
295 3892,501 3776,437 3776,437
296 3892,501 3776,437 3776,437
297 3892,501 3776,437 3776,437
298 3909,323 3776,437 3776,437
299 3909,323 3776,437 3776,437
300 3909,323 3776,437 3776,437
301 3776,437 3676,580 3676,580
302 3808,882 3676,580 3676,580
303 5115,149 3676,580 3676,580
304 3818,946 3676,580 3676,580
305 3818,946 3676,580 3676,580
306 3818,946 3676,580 3676,580
307 3818,946 3676,580 3676,580
308 3818,946 3676,580 3676,580
309 3818,946 3676,580 3676,580
310 3818,946 3676,580 3676,580
311 3818,946 3676,580 3676,580
312 3818,946 3676,580 3676,580
313 5494,314 3676,580 3676,580
314 3818,946 3676,580 3676,580
315 3818,946 3676,580 3676,580
316 3818,946 3676,580 3676,580
317 3818,946 3676,580 3676,580
318 3818,946 3676,580 3676,580
319 3892,501 3676,580 3676,580
320 3892,501 3676,580 3676,580
321 3676,580 3676,580 3676,580
322 3676,580 3676,580 3676,580
323 3776,437 3676,580 3676,580
324 3808,882 3676,580 3676,580
325 3818,946 3676,580 3676,580
326 3818,946 3676,580 3676,580
327 3818,946 3676,580 3676,580
328 3818,946 3676,580 3676,580
329 3818,946 3676,580 3676,580
330 3818,946 3676,580 3676,580
331 3818,946 3676,580 3676,580
332 3818,946 3676,580 3676,580
333 3818,946 3676,580 3676,580
334 3818,946 3676,580 3676,580
335 5768,679 3676,580 3676,580
336 3818,946 3676,580 3676,580
337 3818,946 3676,580 3676,580
338 3818,946 3676,580 3676,580
339 3818,946 3676,580 3676,580
340 3818,946 3676,580 3676,580
341 3676,580 3676,580 3676,580
342 3676,580 3676,580 3676,580
343 3676,580 3676,580 3676,580
344 3776,437 3676,580 3676,580
345 3776,437 3676,580 3676,580
346 3808,882 3676,580 3676,580
347 3818,946 3676,580 3676,580
348 3818,946 3676,580 3676,580
349 3818,946 3676,580 3676,580
350 3818,946 3676,580 3676,580
351 3818,946 3676,580 3676,580
352 3818,946 3676,580 3676,580
353 3818,946 3676,580 3676,580
354 3818,946 3676,580 3676,580
355 3818,946 3676,580 3676,580
356 3818,946 3676,580 3676,580
357 3818,946 3676,580 3676,580
358 3818,946 3676,580 3676,580
359 3818,946 3676,580 3676,580
360 3818,946 3676,580 3676,580
361 3676,580 3676,580 3676,580
362 3676,580 3676,580 3676,580
363 3676,580 3676,580 3676,580
364 3676,580 3676,580 3676,580
365 3676,580 3676,580 3676,580
366 3676,580 3676,580 3676,580
367 3676,580 3676,580 3676,580
368 3676,580 3676,580 3676,580
369 3776,437 3676,580 3676,580
370 3776,437 3676,580 3676,580
371 3776,437 3676,580 3676,580
372 3776,437 3676,580 3676,580
373 3776,437 3676,580 3676,580
374 3776,437 3676,580 3676,580
375 3776,437 3676,580 3676,580
376 3808,882 3676,580 3676,580
377 3818,946 3676,580 3676,580
378 3818,946 3676,580 3676,580
379 3818,946 3676,580 3676,580
380 3818,946 3676,580 3676,580
381 3676,580 3676,580 3676,580
382 3676,580 3676,580 3676,580
383 3676,580 3676,580 3676,580
384 3676,580 3676,580 3676,580
385 3676,580 3676,580 3676,580
386 3676,580 3676,580 3676,580
387 3676,580 3676,580 3676,580
388 3676,580 3676,580 3676,580
389 3676,580 3676,580 3676,580
390 3676,580 3676,580 3676,580
391 3676,580 3676,580 3676,580
392 3676,580 3676,580 3676,580
393 3776,437 3676,580 3676,580
394 3776,437 3676,580 3676,580
395 3776,437 3676,580 3676,580
396 3776,437 3676,580 3676,580
397 3776,437 3676,580 3676,580
398 3776,437 3676,580 3676,580
399 3776,437 3676,580 3676,580
400 3776,437 3676,580 3676,580
401 3676,580 3676,580 3676,580
402 3676,580 3676,580 3676,580
403 3676,580 3676,580 3676,580
404 3676,580 3676,580 3676,580
405 3676,580 3676,580 3676,580
406 3676,580 3676,580 3676,580
407 3676,580 3676,580 3676,580
408 3676,580 3676,580 3676,580
409 3676,580 3676,580 3676,580
410 3676,580 3676,580 3676,580
411 3676,580 3676,580 3676,580
412 3676,580 3676,580 3676,580
413 3676,580 3676,580 3676,580
414 3676,580 3676,580 3676,580
415 3676,580 3676,580 3676,580
416 3676,580 3676,580 3676,580
417 3676,580 3676,580 3676,580
418 3676,580 3676,580 3676,580
419 3676,580 3676,580 3676,580
420 3676,580 3676,580 3676,580
421 3676,580 3676,580 3676,580
422 3676,580 3676,580 3676,580
423 3676,580 3676,580 3676,580
424 3676,580 3676,580 3676,580
425 3676,580 3676,580 3676,580
426 3676,580 3676,580 3676,580
427 3676,580 3676,580 3676,580
428 3676,580 3676,580 3676,580
429 3676,580 3676,580 3676,580
430 3676,580 3676,580 3676,580
431 3676,580 3676,580 3676,580
432 3676,580 3676,580 3676,580
433 3676,580 3676,580 3676,580
434 3676,580 3676,580 3676,580
435 3676,580 3676,580 3676,580
436 3676,580 3676,580 3676,580
437 3676,580 3676,580 3676,580
438 3676,580 3676,580 3676,580
439 3676,580 3676,580 3676,580
440 3676,580 3676,580 3676,580
441 3676,580 3676,580 3676,580
442 3676,580 3676,580 3676,580
443 3676,580 3676,580 3676,580
444 3676,580 3676,580 3676,580
445 3676,580 3676,580 3676,580
446 3676,580 3676,580 3676,580
447 3676,580 3676,580 3676,580
448 3676,580 3676,580 3676,580
449 3676,580 3676,580 3676,580
450 3676,580 3676,580 3676,580
451 5062,904 3676,580 3676,580
452 3676,580 3676,580 3676,580
453 3676,580 3676,580 3676,580
454 4151,548 3676,580 3676,580
455 3676,580 3676,580 3676,580
456 3676,580 3676,580 3676,580
457 3676,580 3676,580 3676,580
458 3676,580 3676,580 3676,580
459 3676,580 3676,580 3676,580
460 3676,580 3676,580 3676,580
461 3676,580 3676,580 3676,580
462 3676,580 3676,580 3676,580
463 3676,580 3676,580 3676,580
464 3676,580 3676,580 3676,580
465 3676,580 3676,580 3676,580
466 3676,580 3676,580 3676,580
467 3676,580 3676,580 3676,580
468 3676,580 3676,580 3676,580
469 3676,580 3676,580 3676,580
470 3676,580 3676,580 3676,580
471 3676,580 3676,580 3676,580
472 3676,580 3676,580 3676,580
473 3676,580 3676,580 3676,580
474 3676,580 3676,580 3676,580
475 3676,580 3676,580 3676,580
476 3676,580 3676,580 3676,580
477 3676,580 3676,580 3676,580
478 3676,580 3676,580 3676,580
479 3676,580 3676,580 3676,580
480 3676,580 3676,580 3676,580
481 3676,580 3647,633 3647,633
482 3676,580 3647,633 3647,633
483 3676,580 3647,633 3647,633
484 3676,580 3647,633 3647,633
485 3676,580 3647,633 3647,633
486 3676,580 3647,633 3647,633
487 4393,202 3647,633 3647,633
488 3676,580 3647,633 3647,633
489 3676,580 3647,633 3647,633
490 3829,140 3647,633 3647,633
491 3676,580 3647,633 3647,633
492 3676,580 3647,633 3647,633
493 3676,580 3647,633 3647,633
494 3647,633 3647,633 3647,633
495 3676,580 3647,633 3647,633
496 3676,580 3647,633 3647,633
497 4845,628 3647,633 3647,633
498 3676,580 3647,633 3647,633
499 3676,580 3647,633 3647,633
500 3676,580 3647,633 3647,633
501 3647,633 3647,633 3647,633
502 3676,580 3647,633 3647,633
503 3676,580 3647,633 3647,633
504 3676,580 3647,633 3647,633
505 3676,580 3647,633 3647,633
506 3676,580 3647,633 3647,633
507 3676,580 3647,633 3647,633
508 3676,580 3647,633 3647,633
509 3676,580 3647,633 3647,633
510 3676,580 3647,633 3647,633
511 3676,580 3647,633 3647,633
512 3676,580 3647,633 3647,633
513 3676,580 3647,633 3647,633
514 3676,580 3647,633 3647,633
515 3676,580 3647,633 3647,633
516 3676,580 3647,633 3647,633
517 3676,580 3647,633 3647,633
518 3676,580 3647,633 3647,633
519 3676,580 3647,633 3647,633
520 3676,580 3647,633 3647,633
521 3647,633 3647,633 3647,633
522 3647,633 3647,633 3647,633
523 3676,580 3647,633 3647,633
524 3676,580 3647,633 3647,633
525 3676,580 3647,633 3647,633
526 3676,580 3647,633 3647,633
527 3676,580 3647,633 3647,633
528 3676,580 3647,633 3647,633
529 3676,580 3647,633 3647,633
530 3676,580 3647,633 3647,633
531 3676,580 3647,633 3647,633
532 3676,580 3647,633 3647,633
533 3676,580 3647,633 3647,633
534 3676,580 3647,633 3647,633
535 3676,580 3647,633 3647,633
536 3676,580 3647,633 3647,633
537 3676,580 3647,633 3647,633
538 3676,580 3647,633 3647,633
539 3676,580 3647,633 3647,633
540 3676,580 3647,633 3647,633
541 3647,633 3647,633 3647,633
542 3647,633 3647,633 3647,633
543 3647,633 3647,633 3647,633
544 3647,633 3647,633 3647,633
545 3647,633 3647,633 3647,633
546 3647,633 3647,633 3647,633
547 3676,580 3647,633 3647,633
548 3676,580 3647,633 3647,633
549 3676,580 3647,633 3647,633
550 3676,580 3647,633 3647,633
551 3676,580 3647,633 3647,633
552 3676,580 3647,633 3647,633
553 3676,580 3647,633 3647,633
554 3676,580 3647,633 3647,633
555 3676,580 3647,633 3647,633
556 3676,580 3647,633 3647,633
557 3676,580 3647,633 3647,633
558 3676,580 3647,633 3647,633
559 3676,580 3647,633 3647,633
560 3676,580 3647,633 3647,633
561 3647,633 3647,633 3647,633
562 3647,633 3647,633 3647,633
563 4193,122 3647,633 3647,633
564 3647,633 3647,633 3647,633
565 3647,633 3647,633 3647,633
566 3647,633 3647,633 3647,633
567 3647,633 3647,633 3647,633
568 3647,633 3647,633 3647,633
569 3647,633 3647,633 3647,633
570 4332,046 3647,633 3647,633
571 3647,633 3647,633 3647,633
572 3647,633 3647,633 3647,633
573 3676,580 3647,633 3647,633
574 3676,580 3647,633 3647,633
575 3676,580 3647,633 3647,633
576 3676,580 3647,633 3647,633
577 3676,580 3647,633 3647,633
578 3676,580 3647,633 3647,633
579 3676,580 3647,633 3647,633
580 3676,580 3647,633 3647,633
581 3647,633 3647,633 3647,633
582 3647,633 3647,633 3647,633
583 3647,633 3647,633 3647,633
584 3647,633 3647,633 3647,633
585 3647,633 3647,633 3647,633
586 3647,633 3647,633 3647,633
587 3647,633 3647,633 3647,633
588 3647,633 3647,633 3647,633
589 3647,633 3647,633 3647,633
590 3647,633 3647,633 3647,633
591 3647,633 3647,633 3647,633
592 3647,633 3647,633 3647,633
593 3647,633 3647,633 3647,633
594 3647,633 3647,633 3647,633
595 3647,633 3647,633 3647,633
596 3647,633 3647,633 3647,633
597 3647,633 3647,633 3647,633
598 3647,633 3647,633 3647,633
599 3647,633 3647,633 3647,633
600 3647,633 3647,633 3647,633
601 3647,633 3647,633 3647,633
602 3647,633 3647,633 3647,633
603 3647,633 3647,633 3647,633
604 3647,633 3647,633 3647,633
605 3647,633 3647,633 3647,633
606 3647,633 3647,633 3647,633
607 3647,633 3647,633 3647,633
608 3647,633 3647,633 3647,633
609 3647,633 3647,633 3647,633
610 3647,633 3647,633 3647,633
611 3647,633 3647,633 3647,633
612 3647,633 3647,633 3647,633
613 3647,633 3647,633 3647,633
614 3647,633 3647,633 3647,633
615 3647,633 3647,633 3647,633
616 6095,234 3647,633 3647,633
617 3647,633 3647,633 3647,633
618 3647,633 3647,633 3647,633
619 5680,053 3647,633 3647,633
620 3647,633 3647,633 3647,633
621 3647,633 3647,633 3647,633
622 3647,633 3647,633 3647,633
623 4392,387 3647,633 3647,633
624 3647,633 3647,633 3647,633
625 3647,633 3647,633 3647,633
626 3647,633 3647,633 3647,633
627 3647,633 3647,633 3647,633
628 3647,633 3647,633 3647,633
629 3647,633 3647,633 3647,633
630 3647,633 3647,633 3647,633
631 3647,633 3647,633 3647,633
632 3647,633 3647,633 3647,633
633 3647,633 3647,633 3647,633
634 3647,633 3647,633 3647,633
635 3647,633 3647,633 3647,633
636 3647,633 3647,633 3647,633
637 3647,633 3647,633 3647,633
638 3647,633 3647,633 3647,633
639 3647,633 3647,633 3647,633
640 3647,633 3647,633 3647,633
641 3647,633 3647,633 3647,633
642 3647,633 3647,633 3647,633
643 3647,633 3647,633 3647,633
644 3647,633 3647,633 3647,633
645 3647,633 3647,633 3647,633
646 3647,633 3647,633 3647,633
647 3647,633 3647,633 3647,633
648 3647,633 3647,633 3647,633
649 3647,633 3647,633 3647,633
650 3647,633 3647,633 3647,633
651 3647,633 3647,633 3647,633
652 3647,633 3647,633 3647,633
653 3647,633 3647,633 3647,633
654 3647,633 3647,633 3647,633
655 5006,369 3647,633 3647,633
656 3647,633 3647,633 3647,633
657 5296,558 3647,633 3647,633
658 3647,633 3647,633 3647,633
659 3647,633 3647,633 3647,633
660 3647,633 3647,633 3647,633
661 3647,633 3647,633 3647,633
662 3647,633 3647,633 3647,633
663 3647,633 3647,633 3647,633
664 3647,633 3647,633 3647,633
665 3647,633 3647,633 3647,633
666 3647,633 3647,633 3647,633
667 3647,633 3647,633 3647,633
668 3647,633 3647,633 3647,633
669 3647,633 3647,633 3647,633
670 3647,633 3647,633 3647,633
671 3647,633 3647,633 3647,633
672 3647,633 3647,633 3647,633
673 3647,633 3647,633 3647,633
674 3647,633 3647,633 3647,633
675 3647,633 3647,633 3647,633
676 5732,535 3647,633 3647,633
677 3647,633 3647,633 3647,633
678 3647,633 3647,633 3647,633
679 3647,633 3647,633 3647,633
680 3647,633 3647,633 3647,633
681 3647,633 3647,633 3647,633
682 3647,633 3647,633 3647,633
683 3647,633 3647,633 3647,633
684 3647,633 3647,633 3647,633
685 3647,633 3647,633 3647,633
686 3647,633 3647,633 3647,633
687 3647,633 3647,633 3647,633
688 3647,633 3647,633 3647,633
689 3647,633 3647,633 3647,633
690 3647,633 3647,633 3647,633
691 3647,633 3647,633 3647,633
692 3647,633 3647,633 3647,633
693 3647,633 3647,633 3647,633
694 5023,540 3647,633 3647,633
695 3647,633 3647,633 3647,633
696 3647,633 3647,633 3647,633
697 3647,633 3647,633 3647,633
698 3647,633 3647,633 3647,633
699 3647,633 3647,633 3647,633
700 3647,633 3647,633 3647,633
701 3647,633 3647,633 3647,633
702 3647,633 3647,633 3647,633
703 3647,633 3647,633 3647,633
704 3647,633 3647,633 3647,633
705 3647,633 3647,633 3647,633
706 3647,633 3647,633 3647,633
707 3647,633 3647,633 3647,633
708 3647,633 3647,633 3647,633
709 3647,633 3647,633 3647,633
710 3647,633 3647,633 3647,633
711 3647,633 3647,633 3647,633
712 3647,633 3647,633 3647,633
713 3647,633 3647,633 3647,633
714 3647,633 3647,633 3647,633
715 3647,633 3647,633 3647,633
716 3647,633 3647,633 3647,633
717 3647,633 3647,633 3647,633
718 3647,633 3647,633 3647,633
719 3647,633 3647,633 3647,633
720 3647,633 3647,633 3647,633
721 3647,633 3647,633 3647,633
722 3647,633 3647,633 3647,633
723 3647,633 3647,633 3647,633
724 3647,633 3647,633 3647,633
725 3647,633 3647,633 3647,633
726 3647,633 3647,633 3647,633
727 3647,633 3647,633 3647,633
728 3647,633 3647,633 3647,633
729 3647,633 3647,633 3647,633
730 3647,633 3647,633 3647,633
731 3647,633 3647,633 3647,633
732 3647,633 3647,633 3647,633
733 3647,633 3647,633 3647,633
734 3647,633 3647,633 3647,633
735 3647,633 3647,633 3647,633
736 3647,633 3647,633 3647,633
737 3647,633 3647,633 3647,633
738 3647,633 3647,633 3647,633
739 3647,633 3647,633 3647,633
740 3647,633 3647,633 3647,633
741 3647,633 3647,633 3647,633
742 3647,633 3647,633 3647,633
743 3647,633 3647,633 3647,633
744 3647,633 3647,633 3647,633
745 3647,633 3647,633 3647,633
746 3647,633 3647,633 3647,633
747 3647,633 3647,633 3647,633
748 3647,633 3647,633 3647,633
749 3647,633 3647,633 3647,633
750 3647,633 3647,633 3647,633
751 3647,633 3647,633 3647,633
752 3647,633 3647,633 3647,633
753 3647,633 3647,633 3647,633
754 3647,633 3647,633 3647,633
755 3647,633 3647,633 3647,633
756 3647,633 3647,633 3647,633
757 3647,633 3647,633 3647,633
758 3647,633 3647,633 3647,633
759 3647,633 3647,633 3647,633
760 3647,633 3647,633 3647,633
761 5395,152 3647,633 3647,633
762 3647,633 3647,633 3647,633
763 5022,939 3647,633 3647,633
764 3647,633 3647,633 3647,633
765 3647,633 3647,633 3647,633
766 3647,633 3647,633 3647,633
767 3647,633 3647,633 3647,633
768 4889,424 3647,633 3647,633
769 3647,633 3647,633 3647,633
770 3647,633 3647,633 3647,633
771 3647,633 3647,633 3647,633
772 3647,633 3647,633 3647,633
773 3647,633 3647,633 3647,633
774 3647,633 3647,633 3647,633
775 3647,633 3647,633 3647,633
776 3647,633 3647,633 3647,633
777 3647,633 3647,633 3647,633
778 3647,633 3647,633 3647,633
779 3647,633 3647,633 3647,633
780 3647,633 3647,633 3647,633
781 3647,633 3647,633 3647,633
782 4844,400 3647,633 3647,633
783 3647,633 3647,633 3647,633
784 3647,633 3647,633 3647,633
785 5671,154 3647,633 3647,633
786 3647,633 3647,633 3647,633
787 3647,633 3647,633 3647,633
788 3647,633 3647,633 3647,633
789 3647,633 3647,633 3647,633
790 3647,633 3647,633 3647,633
791 3647,633 3647,633 3647,633
792 3647,633 3647,633 3647,633
793 3647,633 3647,633 3647,633
794 3647,633 3647,633 3647,633
795 3647,633 3647,633 3647,633
796 3647,633 3647,633 3647,633
797 3647,633 3647,633 3647,633
798 3647,633 3647,633 3647,633
799 3647,633 3647,633 3647,633
800 3647,633 3647,633 3647,633
