nrOsobnika current best_current best_global
1 4910,316 4910,316 2793,727
2 4937,192 4910,316 2793,727
3 5925,133 4910,316 2793,727
4 5833,485 4910,316 2793,727
5 6368,341 4910,316 2793,727
6 6637,295 4910,316 2793,727
7 6980,603 4910,316 2793,727
8 6740,227 4910,316 2793,727
9 6249,706 4910,316 2793,727
10 5599,992 4910,316 2793,727
11 5585,833 4910,316 2793,727
12 6329,659 4910,316 2793,727
13 5818,623 4910,316 2793,727
14 6666,061 4910,316 2793,727
15 6438,998 4910,316 2793,727
16 7203,081 4910,316 2793,727
17 6233,635 4910,316 2793,727
18 6606,592 4910,316 2793,727
19 6926,057 4910,316 2793,727
20 7290,913 4910,316 2793,727
21 4910,316 4910,316 2793,727
22 4937,192 4910,316 2793,727
23 5076,722 4910,316 2793,727
24 5387,291 4910,316 2793,727
25 5540,789 4910,316 2793,727
26 5599,992 4910,316 2793,727
27 5652,790 4910,316 2793,727
28 5702,921 4910,316 2793,727
29 5706,608 4910,316 2793,727
30 5706,745 4910,316 2793,727
31 5794,873 4910,316 2793,727
32 5818,623 4910,316 2793,727
33 5833,485 4910,316 2793,727
34 5874,706 4910,316 2793,727
35 5925,133 4910,316 2793,727
36 6022,084 4910,316 2793,727
37 6027,991 4910,316 2793,727
38 6031,847 4910,316 2793,727
39 6080,276 4910,316 2793,727
40 6156,750 4910,316 2793,727
41 4910,316 4099,103 2793,727
42 4937,192 4099,103 2793,727
43 5076,722 4099,103 2793,727
44 5129,791 4099,103 2793,727
45 5237,055 4099,103 2793,727
46 5281,351 4099,103 2793,727
47 5291,912 4099,103 2793,727
48 5387,291 4099,103 2793,727
49 5442,524 4099,103 2793,727
50 5540,789 4099,103 2793,727
51 5562,037 4099,103 2793,727
52 5587,703 4099,103 2793,727
53 5599,992 4099,103 2793,727
54 5610,188 4099,103 2793,727
55 5652,790 4099,103 2793,727
56 5675,943 4099,103 2793,727
57 5693,578 4099,103 2793,727
58 5702,921 4099,103 2793,727
59 5706,608 4099,103 2793,727
60 5706,745 4099,103 2793,727
61 4099,103 4099,103 2793,727
62 4910,316 4099,103 2793,727
63 4937,192 4099,103 2793,727
64 4972,112 4099,103 2793,727
65 5076,722 4099,103 2793,727
66 5114,252 4099,103 2793,727
67 5129,791 4099,103 2793,727
68 5237,055 4099,103 2793,727
69 5256,648 4099,103 2793,727
70 5281,351 4099,103 2793,727
71 5285,177 4099,103 2793,727
72 5291,912 4099,103 2793,727
73 5332,015 4099,103 2793,727
74 5387,291 4099,103 2793,727
75 5426,729 4099,103 2793,727
76 5442,524 4099,103 2793,727
77 5467,354 4099,103 2793,727
78 5472,138 4099,103 2793,727
79 5527,151 4099,103 2793,727
80 5537,016 4099,103 2793,727
81 4099,103 4099,103 2793,727
82 4435,747 4099,103 2793,727
83 4384,549 4099,103 2793,727
84 4771,662 4099,103 2793,727
85 4897,694 4099,103 2793,727
86 4910,316 4099,103 2793,727
87 4937,192 4099,103 2793,727
88 4972,112 4099,103 2793,727
89 4978,602 4099,103 2793,727
90 4994,383 4099,103 2793,727
91 5000,896 4099,103 2793,727
92 5076,722 4099,103 2793,727
93 5114,252 4099,103 2793,727
94 5129,791 4099,103 2793,727
95 5132,643 4099,103 2793,727
96 5179,375 4099,103 2793,727
97 5237,055 4099,103 2793,727
98 5256,648 4099,103 2793,727
99 6754,465 4099,103 2793,727
100 5285,177 4099,103 2793,727
101 4099,103 4099,103 2793,727
102 4384,549 4099,103 2793,727
103 4435,747 4099,103 2793,727
104 4529,452 4099,103 2793,727
105 4586,222 4099,103 2793,727
106 4611,552 4099,103 2793,727
107 4677,943 4099,103 2793,727
108 4724,616 4099,103 2793,727
109 4771,662 4099,103 2793,727
110 4897,694 4099,103 2793,727
111 4910,316 4099,103 2793,727
112 4937,192 4099,103 2793,727
113 4953,419 4099,103 2793,727
114 4972,112 4099,103 2793,727
115 4978,602 4099,103 2793,727
116 4994,383 4099,103 2793,727
117 5000,896 4099,103 2793,727
118 5044,555 4099,103 2793,727
119 5054,565 4099,103 2793,727
120 5076,722 4099,103 2793,727
121 4099,103 4099,103 2793,727
122 4122,814 4099,103 2793,727
123 4376,931 4099,103 2793,727
124 4384,549 4099,103 2793,727
125 4435,602 4099,103 2793,727
126 4435,747 4099,103 2793,727
127 4463,548 4099,103 2793,727
128 4529,452 4099,103 2793,727
129 4558,652 4099,103 2793,727
130 4586,222 4099,103 2793,727
131 4611,552 4099,103 2793,727
132 4621,262 4099,103 2793,727
133 4677,943 4099,103 2793,727
134 4683,303 4099,103 2793,727
135 4724,616 4099,103 2793,727
136 4758,906 4099,103 2793,727
137 4771,662 4099,103 2793,727
138 4802,732 4099,103 2793,727
139 4890,935 4099,103 2793,727
140 4897,694 4099,103 2793,727
141 4099,103 3895,458 2793,727
142 4122,814 3895,458 2793,727
143 4346,148 3895,458 2793,727
144 4366,844 3895,458 2793,727
145 4376,931 3895,458 2793,727
146 4384,549 3895,458 2793,727
147 4435,602 3895,458 2793,727
148 4435,747 3895,458 2793,727
149 4463,548 3895,458 2793,727
150 4526,383 3895,458 2793,727
151 4529,452 3895,458 2793,727
152 5364,587 3895,458 2793,727
153 4557,625 3895,458 2793,727
154 4948,457 3895,458 2793,727
155 4572,130 3895,458 2793,727
156 4586,222 3895,458 2793,727
157 4611,552 3895,458 2793,727
158 4621,262 3895,458 2793,727
159 4671,803 3895,458 2793,727
160 4671,848 3895,458 2793,727
161 3895,458 3895,458 2793,727
162 4213,381 3895,458 2793,727
163 4099,103 3895,458 2793,727
164 4122,814 3895,458 2793,727
165 4346,148 3895,458 2793,727
166 4346,148 3895,458 2793,727
167 4366,844 3895,458 2793,727
168 4369,179 3895,458 2793,727
169 4376,931 3895,458 2793,727
170 4376,931 3895,458 2793,727
171 4376,931 3895,458 2793,727
172 4376,931 3895,458 2793,727
173 4384,549 3895,458 2793,727
174 4435,602 3895,458 2793,727
175 4435,747 3895,458 2793,727
176 4435,747 3895,458 2793,727
177 5279,408 3895,458 2793,727
178 4447,422 3895,458 2793,727
179 4452,870 3895,458 2793,727
180 4463,548 3895,458 2793,727
181 3895,458 3846,208 2793,727
182 4008,434 3846,208 2793,727
183 4008,434 3846,208 2793,727
184 4099,103 3846,208 2793,727
185 4122,814 3846,208 2793,727
186 4122,814 3846,208 2793,727
187 4213,381 3846,208 2793,727
188 4230,451 3846,208 2793,727
189 4316,966 3846,208 2793,727
190 4327,604 3846,208 2793,727
191 4346,148 3846,208 2793,727
192 4346,148 3846,208 2793,727
193 4366,844 3846,208 2793,727
194 4369,179 3846,208 2793,727
195 4376,931 3846,208 2793,727
196 4376,931 3846,208 2793,727
197 4376,931 3846,208 2793,727
198 4180,869 3846,208 2793,727
199 4376,931 3846,208 2793,727
200 4290,934 3846,208 2793,727
201 3846,208 3846,208 2793,727
202 3895,458 3846,208 2793,727
203 3996,466 3846,208 2793,727
204 4008,434 3846,208 2793,727
205 4008,434 3846,208 2793,727
206 4008,434 3846,208 2793,727
207 4099,103 3846,208 2793,727
208 4099,103 3846,208 2793,727
209 4099,103 3846,208 2793,727
210 4122,814 3846,208 2793,727
211 4122,814 3846,208 2793,727
212 4122,814 3846,208 2793,727
213 4122,814 3846,208 2793,727
214 4122,814 3846,208 2793,727
215 4162,638 3846,208 2793,727
216 4180,869 3846,208 2793,727
217 4185,141 3846,208 2793,727
218 5652,574 3846,208 2793,727
219 4230,451 3846,208 2793,727
220 4230,451 3846,208 2793,727
221 3846,208 3846,208 2793,727
222 4486,527 3846,208 2793,727
223 3846,208 3846,208 2793,727
224 3895,458 3846,208 2793,727
225 3950,028 3846,208 2793,727
226 3996,466 3846,208 2793,727
227 4007,416 3846,208 2793,727
228 4008,434 3846,208 2793,727
229 4008,434 3846,208 2793,727
230 4008,434 3846,208 2793,727
231 4008,434 3846,208 2793,727
232 4015,244 3846,208 2793,727
233 4099,103 3846,208 2793,727
234 4099,103 3846,208 2793,727
235 4099,103 3846,208 2793,727
236 4099,103 3846,208 2793,727
237 4099,103 3846,208 2793,727
238 4099,103 3846,208 2793,727
239 4099,103 3846,208 2793,727
240 4943,916 3846,208 2793,727
241 3846,208 3814,558 2793,727
242 3846,208 3814,558 2793,727
243 3846,208 3814,558 2793,727
244 3846,208 3814,558 2793,727
245 3846,208 3814,558 2793,727
246 3895,458 3814,558 2793,727
247 3926,910 3814,558 2793,727
248 3950,028 3814,558 2793,727
249 3996,466 3814,558 2793,727
250 4007,416 3814,558 2793,727
251 4008,434 3814,558 2793,727
252 4008,434 3814,558 2793,727
253 4008,434 3814,558 2793,727
254 4008,434 3814,558 2793,727
255 4008,434 3814,558 2793,727
256 4008,434 3814,558 2793,727
257 4008,434 3814,558 2793,727
258 4008,434 3814,558 2793,727
259 4008,434 3814,558 2793,727
260 4015,244 3814,558 2793,727
261 3814,558 3714,701 2793,727
262 4894,433 3714,701 2793,727
263 3846,208 3714,701 2793,727
264 3846,208 3714,701 2793,727
265 3846,208 3714,701 2793,727
266 3846,208 3714,701 2793,727
267 3846,208 3714,701 2793,727
268 3846,208 3714,701 2793,727
269 3846,208 3714,701 2793,727
270 3846,208 3714,701 2793,727
271 3846,208 3714,701 2793,727
272 3846,208 3714,701 2793,727
273 3846,208 3714,701 2793,727
274 3869,326 3714,701 2793,727
275 3895,458 3714,701 2793,727
276 3926,910 3714,701 2793,727
277 3926,910 3714,701 2793,727
278 3926,910 3714,701 2793,727
279 3950,028 3714,701 2793,727
280 3996,466 3714,701 2793,727
281 3714,701 3714,701 2793,727
282 3814,558 3714,701 2793,727
283 3814,558 3714,701 2793,727
284 3846,208 3714,701 2793,727
285 3846,208 3714,701 2793,727
286 3846,208 3714,701 2793,727
287 3846,208 3714,701 2793,727
288 4988,138 3714,701 2793,727
289 3846,208 3714,701 2793,727
290 3846,208 3714,701 2793,727
291 3846,208 3714,701 2793,727
292 3846,208 3714,701 2793,727
293 3846,208 3714,701 2793,727
294 3846,208 3714,701 2793,727
295 3846,208 3714,701 2793,727
296 3846,208 3714,701 2793,727
297 3846,208 3714,701 2793,727
298 3846,208 3714,701 2793,727
299 3846,208 3714,701 2793,727
300 3846,208 3714,701 2793,727
301 3714,701 3714,701 2793,727
302 3714,701 3714,701 2793,727
303 3714,701 3714,701 2793,727
304 3714,701 3714,701 2793,727
305 3814,558 3714,701 2793,727
306 3814,558 3714,701 2793,727
307 5034,587 3714,701 2793,727
308 3846,208 3714,701 2793,727
309 3846,208 3714,701 2793,727
310 3846,208 3714,701 2793,727
311 3846,208 3714,701 2793,727
312 3846,208 3714,701 2793,727
313 3846,208 3714,701 2793,727
314 3846,208 3714,701 2793,727
315 3846,208 3714,701 2793,727
316 4900,385 3714,701 2793,727
317 3846,208 3714,701 2793,727
318 3846,208 3714,701 2793,727
319 3846,208 3714,701 2793,727
320 3846,208 3714,701 2793,727
321 3714,701 3714,701 2793,727
322 3714,701 3714,701 2793,727
323 3714,701 3714,701 2793,727
324 3714,701 3714,701 2793,727
325 3714,701 3714,701 2793,727
326 3814,558 3714,701 2793,727
327 3814,558 3714,701 2793,727
328 3814,558 3714,701 2793,727
329 3814,558 3714,701 2793,727
330 3814,558 3714,701 2793,727
331 3814,558 3714,701 2793,727
332 3846,208 3714,701 2793,727
333 3846,208 3714,701 2793,727
334 3846,208 3714,701 2793,727
335 3846,208 3714,701 2793,727
336 3846,208 3714,701 2793,727
337 3846,208 3714,701 2793,727
338 3846,208 3714,701 2793,727
339 3846,208 3714,701 2793,727
340 3846,208 3714,701 2793,727
341 3714,701 3714,701 2793,727
342 3714,701 3714,701 2793,727
343 3714,701 3714,701 2793,727
344 3714,701 3714,701 2793,727
345 3714,701 3714,701 2793,727
346 3714,701 3714,701 2793,727
347 3714,701 3714,701 2793,727
348 3714,701 3714,701 2793,727
349 3714,701 3714,701 2793,727
350 3714,701 3714,701 2793,727
351 3714,701 3714,701 2793,727
352 3714,701 3714,701 2793,727
353 3714,701 3714,701 2793,727
354 3714,701 3714,701 2793,727
355 3714,701 3714,701 2793,727
356 3714,701 3714,701 2793,727
357 3814,558 3714,701 2793,727
358 3814,558 3714,701 2793,727
359 3814,558 3714,701 2793,727
360 3814,558 3714,701 2793,727
361 3714,701 3714,701 2793,727
362 3714,701 3714,701 2793,727
363 3714,701 3714,701 2793,727
364 4223,071 3714,701 2793,727
365 3714,701 3714,701 2793,727
366 3714,701 3714,701 2793,727
367 3714,701 3714,701 2793,727
368 3714,701 3714,701 2793,727
369 3714,701 3714,701 2793,727
370 3714,701 3714,701 2793,727
371 3714,701 3714,701 2793,727
372 3714,701 3714,701 2793,727
373 3714,701 3714,701 2793,727
374 3714,701 3714,701 2793,727
375 3714,701 3714,701 2793,727
376 3714,701 3714,701 2793,727
377 3714,701 3714,701 2793,727
378 3714,701 3714,701 2793,727
379 3714,701 3714,701 2793,727
380 3714,701 3714,701 2793,727
381 3714,701 3669,857 2793,727
382 3714,701 3669,857 2793,727
383 3714,701 3669,857 2793,727
384 3714,701 3669,857 2793,727
385 3714,701 3669,857 2793,727
386 3669,857 3669,857 2793,727
387 3714,701 3669,857 2793,727
388 3714,701 3669,857 2793,727
389 3714,701 3669,857 2793,727
390 3714,701 3669,857 2793,727
391 3714,701 3669,857 2793,727
392 3714,701 3669,857 2793,727
393 3714,701 3669,857 2793,727
394 3714,701 3669,857 2793,727
395 3714,701 3669,857 2793,727
396 3714,701 3669,857 2793,727
397 3714,701 3669,857 2793,727
398 3714,701 3669,857 2793,727
399 3714,701 3669,857 2793,727
400 3714,701 3669,857 2793,727
401 3669,857 3669,857 2793,727
402 3714,701 3669,857 2793,727
403 3714,701 3669,857 2793,727
404 3714,701 3669,857 2793,727
405 5875,774 3669,857 2793,727
406 3714,701 3669,857 2793,727
407 3714,701 3669,857 2793,727
408 3714,701 3669,857 2793,727
409 3714,701 3669,857 2793,727
410 3714,701 3669,857 2793,727
411 3714,701 3669,857 2793,727
412 3714,701 3669,857 2793,727
413 3714,701 3669,857 2793,727
414 3714,701 3669,857 2793,727
415 3714,701 3669,857 2793,727
416 3714,701 3669,857 2793,727
417 3714,701 3669,857 2793,727
418 3714,701 3669,857 2793,727
419 3714,701 3669,857 2793,727
420 3714,701 3669,857 2793,727
421 3669,857 3669,857 2793,727
422 3669,857 3669,857 2793,727
423 3669,857 3669,857 2793,727
424 3714,701 3669,857 2793,727
425 3714,701 3669,857 2793,727
426 3714,701 3669,857 2793,727
427 3714,701 3669,857 2793,727
428 3714,701 3669,857 2793,727
429 3714,701 3669,857 2793,727
430 3714,701 3669,857 2793,727
431 3714,701 3669,857 2793,727
432 3714,701 3669,857 2793,727
433 3714,701 3669,857 2793,727
434 3714,701 3669,857 2793,727
435 3714,701 3669,857 2793,727
436 4229,370 3669,857 2793,727
437 3714,701 3669,857 2793,727
438 3714,701 3669,857 2793,727
439 3714,701 3669,857 2793,727
440 3714,701 3669,857 2793,727
441 3669,857 3669,857 2793,727
442 3669,857 3669,857 2793,727
443 3669,857 3669,857 2793,727
444 3669,857 3669,857 2793,727
445 3669,857 3669,857 2793,727
446 3714,701 3669,857 2793,727
447 3714,701 3669,857 2793,727
448 3714,701 3669,857 2793,727
449 3714,701 3669,857 2793,727
450 3714,701 3669,857 2793,727
451 3714,701 3669,857 2793,727
452 3714,701 3669,857 2793,727
453 3714,701 3669,857 2793,727
454 3714,701 3669,857 2793,727
455 3714,701 3669,857 2793,727
456 3714,701 3669,857 2793,727
457 3714,701 3669,857 2793,727
458 3714,701 3669,857 2793,727
459 6487,929 3669,857 2793,727
460 3714,701 3669,857 2793,727
461 3841,229 3669,857 2793,727
462 3669,857 3669,857 2793,727
463 3669,857 3669,857 2793,727
464 3669,857 3669,857 2793,727
465 3669,857 3669,857 2793,727
466 3669,857 3669,857 2793,727
467 3669,857 3669,857 2793,727
468 3669,857 3669,857 2793,727
469 4097,617 3669,857 2793,727
470 3669,857 3669,857 2793,727
471 3717,728 3669,857 2793,727
472 3669,857 3669,857 2793,727
473 3783,138 3669,857 2793,727
474 3714,701 3669,857 2793,727
475 3714,701 3669,857 2793,727
476 3714,701 3669,857 2793,727
477 3714,701 3669,857 2793,727
478 3714,701 3669,857 2793,727
479 3714,701 3669,857 2793,727
480 3714,701 3669,857 2793,727
481 3669,857 3669,857 2793,727
482 3669,857 3669,857 2793,727
483 3669,857 3669,857 2793,727
484 3669,857 3669,857 2793,727
485 3669,857 3669,857 2793,727
486 3669,857 3669,857 2793,727
487 3669,857 3669,857 2793,727
488 3669,857 3669,857 2793,727
489 3669,857 3669,857 2793,727
490 3669,857 3669,857 2793,727
491 4144,741 3669,857 2793,727
492 3669,857 3669,857 2793,727
493 3669,857 3669,857 2793,727
494 3669,857 3669,857 2793,727
495 3669,857 3669,857 2793,727
496 3669,857 3669,857 2793,727
497 3669,857 3669,857 2793,727
498 3669,857 3669,857 2793,727
499 3669,857 3669,857 2793,727
500 3669,857 3669,857 2793,727
501 3669,857 3669,857 2793,727
502 3669,857 3669,857 2793,727
503 3669,857 3669,857 2793,727
504 3669,857 3669,857 2793,727
505 3669,857 3669,857 2793,727
506 3669,857 3669,857 2793,727
507 3669,857 3669,857 2793,727
508 3669,857 3669,857 2793,727
509 3669,857 3669,857 2793,727
510 3669,857 3669,857 2793,727
511 3669,857 3669,857 2793,727
512 5393,712 3669,857 2793,727
513 3669,857 3669,857 2793,727
514 3669,857 3669,857 2793,727
515 3669,857 3669,857 2793,727
516 3669,857 3669,857 2793,727
517 3669,857 3669,857 2793,727
518 3669,857 3669,857 2793,727
519 3817,209 3669,857 2793,727
520 4016,694 3669,857 2793,727
521 3669,857 3669,857 2793,727
522 3669,857 3669,857 2793,727
523 3669,857 3669,857 2793,727
524 3669,857 3669,857 2793,727
525 4153,064 3669,857 2793,727
526 3669,857 3669,857 2793,727
527 3669,857 3669,857 2793,727
528 3669,857 3669,857 2793,727
529 3669,857 3669,857 2793,727
530 3669,857 3669,857 2793,727
531 3669,857 3669,857 2793,727
532 3669,857 3669,857 2793,727
533 3669,857 3669,857 2793,727
534 3669,857 3669,857 2793,727
535 3669,857 3669,857 2793,727
536 4517,570 3669,857 2793,727
537 3669,857 3669,857 2793,727
538 3669,857 3669,857 2793,727
539 4568,640 3669,857 2793,727
540 3669,857 3669,857 2793,727
541 3669,857 3669,857 2793,727
542 3669,857 3669,857 2793,727
543 3669,857 3669,857 2793,727
544 3669,857 3669,857 2793,727
545 3669,857 3669,857 2793,727
546 3669,857 3669,857 2793,727
547 3669,857 3669,857 2793,727
548 3669,857 3669,857 2793,727
549 3669,857 3669,857 2793,727
550 3669,857 3669,857 2793,727
551 3669,857 3669,857 2793,727
552 3669,857 3669,857 2793,727
553 3669,857 3669,857 2793,727
554 3669,857 3669,857 2793,727
555 3669,857 3669,857 2793,727
556 3669,857 3669,857 2793,727
557 3669,857 3669,857 2793,727
558 3669,857 3669,857 2793,727
559 3669,857 3669,857 2793,727
560 3669,857 3669,857 2793,727
561 3669,857 3669,857 2793,727
562 3669,857 3669,857 2793,727
563 3669,857 3669,857 2793,727
564 3669,857 3669,857 2793,727
565 3669,857 3669,857 2793,727
566 3669,857 3669,857 2793,727
567 3669,857 3669,857 2793,727
568 3669,857 3669,857 2793,727
569 3669,857 3669,857 2793,727
570 3669,857 3669,857 2793,727
571 3669,857 3669,857 2793,727
572 3669,857 3669,857 2793,727
573 3669,857 3669,857 2793,727
574 3669,857 3669,857 2793,727
575 3669,857 3669,857 2793,727
576 6221,308 3669,857 2793,727
577 3669,857 3669,857 2793,727
578 3669,857 3669,857 2793,727
579 3669,857 3669,857 2793,727
580 3669,857 3669,857 2793,727
581 3669,857 3669,857 2793,727
582 3669,857 3669,857 2793,727
583 3669,857 3669,857 2793,727
584 3669,857 3669,857 2793,727
585 3669,857 3669,857 2793,727
586 3669,857 3669,857 2793,727
587 3669,857 3669,857 2793,727
588 3669,857 3669,857 2793,727
589 3669,857 3669,857 2793,727
590 3669,857 3669,857 2793,727
591 3669,857 3669,857 2793,727
592 3669,857 3669,857 2793,727
593 3669,857 3669,857 2793,727
594 3669,857 3669,857 2793,727
595 3669,857 3669,857 2793,727
596 3669,857 3669,857 2793,727
597 4034,157 3669,857 2793,727
598 3669,857 3669,857 2793,727
599 3669,857 3669,857 2793,727
600 3669,857 3669,857 2793,727
601 3669,857 3669,857 2793,727
602 3669,857 3669,857 2793,727
603 3669,857 3669,857 2793,727
604 3669,857 3669,857 2793,727
605 3669,857 3669,857 2793,727
606 3669,857 3669,857 2793,727
607 3669,857 3669,857 2793,727
608 3669,857 3669,857 2793,727
609 3669,857 3669,857 2793,727
610 3965,192 3669,857 2793,727
611 3669,857 3669,857 2793,727
612 3669,857 3669,857 2793,727
613 3669,857 3669,857 2793,727
614 3669,857 3669,857 2793,727
615 3669,857 3669,857 2793,727
616 3669,857 3669,857 2793,727
617 3669,857 3669,857 2793,727
618 3669,857 3669,857 2793,727
619 3669,857 3669,857 2793,727
620 3669,857 3669,857 2793,727
621 3669,857 3669,857 2793,727
622 3669,857 3669,857 2793,727
623 4397,827 3669,857 2793,727
624 3669,857 3669,857 2793,727
625 3669,857 3669,857 2793,727
626 3669,857 3669,857 2793,727
627 3669,857 3669,857 2793,727
628 3669,857 3669,857 2793,727
629 3669,857 3669,857 2793,727
630 3669,857 3669,857 2793,727
631 3669,857 3669,857 2793,727
632 3669,857 3669,857 2793,727
633 3669,857 3669,857 2793,727
634 3669,857 3669,857 2793,727
635 3669,857 3669,857 2793,727
636 4301,530 3669,857 2793,727
637 3669,857 3669,857 2793,727
638 3669,857 3669,857 2793,727
639 3669,857 3669,857 2793,727
640 3669,857 3669,857 2793,727
641 3669,857 3669,857 2793,727
642 3669,857 3669,857 2793,727
643 3669,857 3669,857 2793,727
644 3669,857 3669,857 2793,727
645 3669,857 3669,857 2793,727
646 3669,857 3669,857 2793,727
647 3669,857 3669,857 2793,727
648 3669,857 3669,857 2793,727
649 3669,857 3669,857 2793,727
650 3669,857 3669,857 2793,727
651 3669,857 3669,857 2793,727
652 3669,857 3669,857 2793,727
653 3669,857 3669,857 2793,727
654 3669,857 3669,857 2793,727
655 3669,857 3669,857 2793,727
656 3669,857 3669,857 2793,727
657 3669,857 3669,857 2793,727
658 3669,857 3669,857 2793,727
659 3669,857 3669,857 2793,727
660 3669,857 3669,857 2793,727
661 3669,857 3669,857 2793,727
662 3669,857 3669,857 2793,727
663 3669,857 3669,857 2793,727
664 3669,857 3669,857 2793,727
665 3669,857 3669,857 2793,727
666 3669,857 3669,857 2793,727
667 3669,857 3669,857 2793,727
668 3669,857 3669,857 2793,727
669 3669,857 3669,857 2793,727
670 3669,857 3669,857 2793,727
671 3669,857 3669,857 2793,727
672 3669,857 3669,857 2793,727
673 3669,857 3669,857 2793,727
674 3669,857 3669,857 2793,727
675 3669,857 3669,857 2793,727
676 3669,857 3669,857 2793,727
677 3669,857 3669,857 2793,727
678 5398,146 3669,857 2793,727
679 3669,857 3669,857 2793,727
680 3669,857 3669,857 2793,727
681 3669,857 3669,857 2793,727
682 3669,857 3669,857 2793,727
683 3669,857 3669,857 2793,727
684 3669,857 3669,857 2793,727
685 3669,857 3669,857 2793,727
686 3669,857 3669,857 2793,727
687 4854,170 3669,857 2793,727
688 3669,857 3669,857 2793,727
689 3669,857 3669,857 2793,727
690 3669,857 3669,857 2793,727
691 3669,857 3669,857 2793,727
692 3669,857 3669,857 2793,727
693 3669,857 3669,857 2793,727
694 3669,857 3669,857 2793,727
695 3669,857 3669,857 2793,727
696 3669,857 3669,857 2793,727
697 3669,857 3669,857 2793,727
698 3669,857 3669,857 2793,727
699 3669,857 3669,857 2793,727
700 3669,857 3669,857 2793,727
701 3669,857 3669,857 2793,727
702 3669,857 3669,857 2793,727
703 3669,857 3669,857 2793,727
704 3669,857 3669,857 2793,727
705 3669,857 3669,857 2793,727
706 3669,857 3669,857 2793,727
707 3669,857 3669,857 2793,727
708 3669,857 3669,857 2793,727
709 3669,857 3669,857 2793,727
710 3669,857 3669,857 2793,727
711 3669,857 3669,857 2793,727
712 3669,857 3669,857 2793,727
713 3669,857 3669,857 2793,727
714 3669,857 3669,857 2793,727
715 3669,857 3669,857 2793,727
716 3669,857 3669,857 2793,727
717 3669,857 3669,857 2793,727
718 3669,857 3669,857 2793,727
719 3669,857 3669,857 2793,727
720 3669,857 3669,857 2793,727
721 3669,857 3669,857 2793,727
722 3669,857 3669,857 2793,727
723 3669,857 3669,857 2793,727
724 3669,857 3669,857 2793,727
725 3669,857 3669,857 2793,727
726 3669,857 3669,857 2793,727
727 3669,857 3669,857 2793,727
728 3669,857 3669,857 2793,727
729 3669,857 3669,857 2793,727
730 3669,857 3669,857 2793,727
731 3669,857 3669,857 2793,727
732 3669,857 3669,857 2793,727
733 3669,857 3669,857 2793,727
734 3669,857 3669,857 2793,727
735 3669,857 3669,857 2793,727
736 3669,857 3669,857 2793,727
737 3669,857 3669,857 2793,727
738 3669,857 3669,857 2793,727
739 3669,857 3669,857 2793,727
740 3669,857 3669,857 2793,727
741 3669,857 3669,857 2793,727
742 3669,857 3669,857 2793,727
743 3669,857 3669,857 2793,727
744 3669,857 3669,857 2793,727
745 3669,857 3669,857 2793,727
746 3669,857 3669,857 2793,727
747 3669,857 3669,857 2793,727
748 3669,857 3669,857 2793,727
749 3669,857 3669,857 2793,727
750 3669,857 3669,857 2793,727
751 3669,857 3669,857 2793,727
752 4076,360 3669,857 2793,727
753 3669,857 3669,857 2793,727
754 3669,857 3669,857 2793,727
755 3669,857 3669,857 2793,727
756 4694,057 3669,857 2793,727
757 3669,857 3669,857 2793,727
758 3669,857 3669,857 2793,727
759 3669,857 3669,857 2793,727
760 3669,857 3669,857 2793,727
761 3669,857 3669,857 2793,727
762 3669,857 3669,857 2793,727
763 3669,857 3669,857 2793,727
764 3669,857 3669,857 2793,727
765 3669,857 3669,857 2793,727
766 3669,857 3669,857 2793,727
767 3669,857 3669,857 2793,727
768 3669,857 3669,857 2793,727
769 3669,857 3669,857 2793,727
770 3669,857 3669,857 2793,727
771 3669,857 3669,857 2793,727
772 3669,857 3669,857 2793,727
773 3669,857 3669,857 2793,727
774 3669,857 3669,857 2793,727
775 3669,857 3669,857 2793,727
776 3669,857 3669,857 2793,727
777 3669,857 3669,857 2793,727
778 3669,857 3669,857 2793,727
779 3669,857 3669,857 2793,727
780 3669,857 3669,857 2793,727
781 3669,857 3669,857 2793,727
782 3669,857 3669,857 2793,727
783 3669,857 3669,857 2793,727
784 4678,515 3669,857 2793,727
785 3669,857 3669,857 2793,727
786 3669,857 3669,857 2793,727
787 3669,857 3669,857 2793,727
788 5334,832 3669,857 2793,727
789 3669,857 3669,857 2793,727
790 3669,857 3669,857 2793,727
791 3669,857 3669,857 2793,727
792 3669,857 3669,857 2793,727
793 3669,857 3669,857 2793,727
794 3669,857 3669,857 2793,727
795 3669,857 3669,857 2793,727
796 3669,857 3669,857 2793,727
797 3669,857 3669,857 2793,727
798 3669,857 3669,857 2793,727
799 3669,857 3669,857 2793,727
800 3669,857 3669,857 2793,727
