nrOsobnika current best_current best_global
1 6973,607 4906,627 2792,366
2 6541,327 4906,627 2792,366
3 4906,627 4906,627 2792,366
4 6438,206 4906,627 2792,366
5 6665,178 4906,627 2792,366
6 6284,885 4906,627 2792,366
7 6868,247 4906,627 2792,366
8 6760,346 4906,627 2792,366
9 6212,921 4906,627 2792,366
10 7230,541 4906,627 2792,366
11 6797,428 4906,627 2792,366
12 5451,318 4906,627 2792,366
13 6298,557 4906,627 2792,366
14 6245,153 4906,627 2792,366
15 6544,526 4906,627 2792,366
16 6137,000 4906,627 2792,366
17 6886,034 4906,627 2792,366
18 5914,028 4906,627 2792,366
19 6900,333 4906,627 2792,366
20 6787,560 4906,627 2792,366
21 4906,627 4906,627 2792,366
22 5451,318 4906,627 2792,366
23 5914,028 4906,627 2792,366
24 5888,590 4906,627 2792,366
25 6000,070 4906,627 2792,366
26 6017,906 4906,627 2792,366
27 6137,000 4906,627 2792,366
28 6212,921 4906,627 2792,366
29 6245,153 4906,627 2792,366
30 6284,885 4906,627 2792,366
31 6298,557 4906,627 2792,366
32 6341,143 4906,627 2792,366
33 6410,455 4906,627 2792,366
34 6410,516 4906,627 2792,366
35 6418,261 4906,627 2792,366
36 6438,206 4906,627 2792,366
37 6541,327 4906,627 2792,366
38 7052,953 4906,627 2792,366
39 6591,483 4906,627 2792,366
40 6631,276 4906,627 2792,366
41 4906,627 4906,627 2792,366
42 5451,318 4906,627 2792,366
43 5525,793 4906,627 2792,366
44 5872,621 4906,627 2792,366
45 5888,590 4906,627 2792,366
46 5914,028 4906,627 2792,366
47 5939,346 4906,627 2792,366
48 5986,206 4906,627 2792,366
49 6000,070 4906,627 2792,366
50 6017,906 4906,627 2792,366
51 6103,025 4906,627 2792,366
52 6132,767 4906,627 2792,366
53 6137,000 4906,627 2792,366
54 6145,356 4906,627 2792,366
55 6203,700 4906,627 2792,366
56 6212,921 4906,627 2792,366
57 6245,153 4906,627 2792,366
58 6284,885 4906,627 2792,366
59 6298,557 4906,627 2792,366
60 6341,143 4906,627 2792,366
61 4906,627 4906,627 2792,366
62 5153,359 4906,627 2792,366
63 5451,318 4906,627 2792,366
64 5525,793 4906,627 2792,366
65 5605,290 4906,627 2792,366
66 5623,089 4906,627 2792,366
67 5843,550 4906,627 2792,366
68 5215,996 4906,627 2792,366
69 5867,185 4906,627 2792,366
70 5870,089 4906,627 2792,366
71 5872,621 4906,627 2792,366
72 5888,590 4906,627 2792,366
73 5914,028 4906,627 2792,366
74 5914,811 4906,627 2792,366
75 5939,346 4906,627 2792,366
76 5954,863 4906,627 2792,366
77 5968,668 4906,627 2792,366
78 5986,206 4906,627 2792,366
79 6000,070 4906,627 2792,366
80 6017,906 4906,627 2792,366
81 4906,627 4906,627 2792,366
82 5153,359 4906,627 2792,366
83 6246,223 4906,627 2792,366
84 5215,996 4906,627 2792,366
85 5270,924 4906,627 2792,366
86 5384,591 4906,627 2792,366
87 5451,318 4906,627 2792,366
88 5465,070 4906,627 2792,366
89 5525,793 4906,627 2792,366
90 5581,547 4906,627 2792,366
91 5605,290 4906,627 2792,366
92 5623,089 4906,627 2792,366
93 5678,773 4906,627 2792,366
94 5718,688 4906,627 2792,366
95 5835,139 4906,627 2792,366
96 5843,550 4906,627 2792,366
97 5855,059 4906,627 2792,366
98 5867,185 4906,627 2792,366
99 5870,089 4906,627 2792,366
100 5872,621 4906,627 2792,366
101 4906,627 4906,627 2792,366
102 4934,873 4906,627 2792,366
103 5153,359 4906,627 2792,366
104 5215,996 4906,627 2792,366
105 5270,924 4906,627 2792,366
106 5342,924 4906,627 2792,366
107 5384,591 4906,627 2792,366
108 5391,233 4906,627 2792,366
109 5451,318 4906,627 2792,366
110 5454,400 4906,627 2792,366
111 5465,070 4906,627 2792,366
112 5523,348 4906,627 2792,366
113 5525,793 4906,627 2792,366
114 5581,547 4906,627 2792,366
115 5605,290 4906,627 2792,366
116 5609,671 4906,627 2792,366
117 5623,089 4906,627 2792,366
118 5678,773 4906,627 2792,366
119 5686,524 4906,627 2792,366
120 5716,652 4906,627 2792,366
121 4906,627 4814,356 2792,366
122 4934,873 4814,356 2792,366
123 5146,270 4814,356 2792,366
124 5153,359 4814,356 2792,366
125 5167,288 4814,356 2792,366
126 5215,996 4814,356 2792,366
127 6528,386 4814,356 2792,366
128 5312,647 4814,356 2792,366
129 5336,762 4814,356 2792,366
130 5342,924 4814,356 2792,366
131 5345,874 4814,356 2792,366
132 5348,955 4814,356 2792,366
133 5384,591 4814,356 2792,366
134 5391,233 4814,356 2792,366
135 5448,976 4814,356 2792,366
136 5451,318 4814,356 2792,366
137 5454,400 4814,356 2792,366
138 5464,418 4814,356 2792,366
139 5465,070 4814,356 2792,366
140 5485,930 4814,356 2792,366
141 4814,356 4774,798 2792,366
142 4906,627 4774,798 2792,366
143 4934,873 4774,798 2792,366
144 5069,963 4774,798 2792,366
145 5146,270 4774,798 2792,366
146 5146,270 4774,798 2792,366
147 5153,359 4774,798 2792,366
148 5162,624 4774,798 2792,366
149 5167,288 4774,798 2792,366
150 5813,449 4774,798 2792,366
151 5222,540 4774,798 2792,366
152 5270,924 4774,798 2792,366
153 5312,647 4774,798 2792,366
154 5336,762 4774,798 2792,366
155 5342,924 4774,798 2792,366
156 5344,355 4774,798 2792,366
157 5345,874 4774,798 2792,366
158 5348,955 4774,798 2792,366
159 5361,675 4774,798 2792,366
160 5384,132 4774,798 2792,366
161 4774,798 4499,893 2792,366
162 4814,356 4499,893 2792,366
163 4836,204 4499,893 2792,366
164 4894,290 4499,893 2792,366
165 4906,627 4499,893 2792,366
166 4934,873 4499,893 2792,366
167 4942,986 4499,893 2792,366
168 5069,963 4499,893 2792,366
169 5080,893 4499,893 2792,366
170 5146,270 4499,893 2792,366
171 5146,270 4499,893 2792,366
172 5153,359 4499,893 2792,366
173 5162,624 4499,893 2792,366
174 5167,288 4499,893 2792,366
175 5222,540 4499,893 2792,366
176 5262,569 4499,893 2792,366
177 5270,924 4499,893 2792,366
178 5312,647 4499,893 2792,366
179 5325,627 4499,893 2792,366
180 5336,762 4499,893 2792,366
181 4499,893 4321,695 2792,366
182 4530,413 4321,695 2792,366
183 4671,585 4321,695 2792,366
184 4774,798 4321,695 2792,366
185 4814,356 4321,695 2792,366
186 5639,668 4321,695 2792,366
187 4876,157 4321,695 2792,366
188 4894,290 4321,695 2792,366
189 4894,290 4321,695 2792,366
190 4906,627 4321,695 2792,366
191 4934,873 4321,695 2792,366
192 4942,986 4321,695 2792,366
193 5004,709 4321,695 2792,366
194 5047,140 4321,695 2792,366
195 5069,963 4321,695 2792,366
196 5080,893 4321,695 2792,366
197 5146,270 4321,695 2792,366
198 5146,270 4321,695 2792,366
199 5146,270 4321,695 2792,366
200 5153,359 4321,695 2792,366
201 4321,695 4103,320 2792,366
202 5388,698 4103,320 2792,366
203 4530,413 4103,320 2792,366
204 4614,512 4103,320 2792,366
205 4657,243 4103,320 2792,366
206 4671,585 4103,320 2792,366
207 4714,188 4103,320 2792,366
208 4772,007 4103,320 2792,366
209 4774,798 4103,320 2792,366
210 4802,825 4103,320 2792,366
211 4814,356 4103,320 2792,366
212 4876,157 4103,320 2792,366
213 4894,290 4103,320 2792,366
214 4894,290 4103,320 2792,366
215 4906,627 4103,320 2792,366
216 4913,610 4103,320 2792,366
217 4934,873 4103,320 2792,366
218 4939,986 4103,320 2792,366
219 4942,986 4103,320 2792,366
220 4946,262 4103,320 2792,366
221 4103,320 4042,392 2792,366
222 4321,695 4042,392 2792,366
223 4499,893 4042,392 2792,366
224 4530,413 4042,392 2792,366
225 4573,837 4042,392 2792,366
226 4614,512 4042,392 2792,366
227 5684,511 4042,392 2792,366
228 4657,243 4042,392 2792,366
229 4671,585 4042,392 2792,366
230 5302,751 4042,392 2792,366
231 4766,888 4042,392 2792,366
232 4772,007 4042,392 2792,366
233 4774,798 4042,392 2792,366
234 4802,825 4042,392 2792,366
235 4814,356 4042,392 2792,366
236 4866,895 4042,392 2792,366
237 4876,157 4042,392 2792,366
238 4894,290 4042,392 2792,366
239 4894,290 4042,392 2792,366
240 4906,627 4042,392 2792,366
241 4042,392 3938,400 2792,366
242 4103,320 3938,400 2792,366
243 4321,695 3938,400 2792,366
244 4321,695 3938,400 2792,366
245 4357,278 3938,400 2792,366
246 4499,893 3938,400 2792,366
247 4507,887 3938,400 2792,366
248 4530,413 3938,400 2792,366
249 4541,750 3938,400 2792,366
250 4568,012 3938,400 2792,366
251 4573,837 3938,400 2792,366
252 4586,805 3938,400 2792,366
253 4614,512 3938,400 2792,366
254 4618,485 3938,400 2792,366
255 4645,599 3938,400 2792,366
256 4657,243 3938,400 2792,366
257 4671,585 3938,400 2792,366
258 4732,376 3938,400 2792,366
259 4766,888 3938,400 2792,366
260 4772,007 3938,400 2792,366
261 3938,400 3519,622 2792,366
262 3940,074 3519,622 2792,366
263 4042,392 3519,622 2792,366
264 4103,320 3519,622 2792,366
265 4321,695 3519,622 2792,366
266 4321,695 3519,622 2792,366
267 4323,179 3519,622 2792,366
268 4357,278 3519,622 2792,366
269 4499,893 3519,622 2792,366
270 4507,887 3519,622 2792,366
271 4530,413 3519,622 2792,366
272 4541,750 3519,622 2792,366
273 4548,116 3519,622 2792,366
274 4227,780 3519,622 2792,366
275 4573,166 3519,622 2792,366
276 4573,837 3519,622 2792,366
277 4586,805 3519,622 2792,366
278 4614,512 3519,622 2792,366
279 4618,485 3519,622 2792,366
280 4626,504 3519,622 2792,366
281 3519,622 3519,622 2792,366
282 3938,400 3519,622 2792,366
283 3940,074 3519,622 2792,366
284 4042,392 3519,622 2792,366
285 4103,320 3519,622 2792,366
286 4106,179 3519,622 2792,366
287 4109,220 3519,622 2792,366
288 4227,780 3519,622 2792,366
289 4321,695 3519,622 2792,366
290 4321,695 3519,622 2792,366
291 4321,738 3519,622 2792,366
292 4323,179 3519,622 2792,366
293 4323,179 3519,622 2792,366
294 4357,278 3519,622 2792,366
295 4363,040 3519,622 2792,366
296 4468,423 3519,622 2792,366
297 4499,893 3519,622 2792,366
298 4507,887 3519,622 2792,366
299 4530,413 3519,622 2792,366
300 4538,970 3519,622 2792,366
301 3519,622 3519,622 2792,366
302 3779,066 3519,622 2792,366
303 3938,400 3519,622 2792,366
304 3940,074 3519,622 2792,366
305 4042,392 3519,622 2792,366
306 4048,797 3519,622 2792,366
307 4103,320 3519,622 2792,366
308 4103,320 3519,622 2792,366
309 4106,179 3519,622 2792,366
310 4108,638 3519,622 2792,366
311 4109,220 3519,622 2792,366
312 4157,768 3519,622 2792,366
313 4192,286 3519,622 2792,366
314 4227,780 3519,622 2792,366
315 4235,511 3519,622 2792,366
316 4308,592 3519,622 2792,366
317 4313,038 3519,622 2792,366
318 5102,150 3519,622 2792,366
319 4321,695 3519,622 2792,366
320 4321,738 3519,622 2792,366
321 3519,622 3519,622 2792,366
322 3779,066 3519,622 2792,366
323 3905,221 3519,622 2792,366
324 3916,187 3519,622 2792,366
325 3938,400 3519,622 2792,366
326 3940,074 3519,622 2792,366
327 3955,936 3519,622 2792,366
328 4042,392 3519,622 2792,366
329 3778,378 3519,622 2792,366
330 4049,487 3519,622 2792,366
331 4084,261 3519,622 2792,366
332 4103,320 3519,622 2792,366
333 4103,320 3519,622 2792,366
334 4103,320 3519,622 2792,366
335 4106,179 3519,622 2792,366
336 4108,638 3519,622 2792,366
337 4109,220 3519,622 2792,366
338 4109,220 3519,622 2792,366
339 4145,928 3519,622 2792,366
340 4157,768 3519,622 2792,366
341 3519,622 3519,622 2792,366
342 3778,378 3519,622 2792,366
343 6119,688 3519,622 2792,366
344 3824,762 3519,622 2792,366
345 3827,912 3519,622 2792,366
346 3882,111 3519,622 2792,366
347 3905,221 3519,622 2792,366
348 3916,187 3519,622 2792,366
349 3938,400 3519,622 2792,366
350 5096,785 3519,622 2792,366
351 3940,720 3519,622 2792,366
352 3955,936 3519,622 2792,366
353 4888,598 3519,622 2792,366
354 4049,487 3519,622 2792,366
355 4062,621 3519,622 2792,366
356 4070,552 3519,622 2792,366
357 4084,261 3519,622 2792,366
358 4101,330 3519,622 2792,366
359 4103,320 3519,622 2792,366
360 4103,320 3519,622 2792,366
361 3519,622 3408,208 2792,366
362 3731,932 3408,208 2792,366
363 3778,378 3408,208 2792,366
364 3824,762 3408,208 2792,366
365 3827,912 3408,208 2792,366
366 3839,847 3408,208 2792,366
367 3874,318 3408,208 2792,366
368 3882,111 3408,208 2792,366
369 3905,221 3408,208 2792,366
370 3916,187 3408,208 2792,366
371 3938,400 3408,208 2792,366
372 3940,720 3408,208 2792,366
373 3955,936 3408,208 2792,366
374 3971,713 3408,208 2792,366
375 4037,214 3408,208 2792,366
376 4049,487 3408,208 2792,366
377 4062,621 3408,208 2792,366
378 4070,552 3408,208 2792,366
379 4084,261 3408,208 2792,366
380 4101,330 3408,208 2792,366
381 3546,970 3449,073 2792,366
382 3519,622 3449,073 2792,366
383 3699,388 3449,073 2792,366
384 3716,980 3449,073 2792,366
385 3731,932 3449,073 2792,366
386 3751,256 3449,073 2792,366
387 3778,378 3449,073 2792,366
388 3798,918 3449,073 2792,366
389 3824,762 3449,073 2792,366
390 3827,912 3449,073 2792,366
391 3839,847 3449,073 2792,366
392 3858,850 3449,073 2792,366
393 3860,135 3449,073 2792,366
394 3874,318 3449,073 2792,366
395 3882,111 3449,073 2792,366
396 3902,575 3449,073 2792,366
397 3905,221 3449,073 2792,366
398 3916,187 3449,073 2792,366
399 3938,400 3449,073 2792,366
400 3940,720 3449,073 2792,366
401 3449,073 3219,737 2792,366
402 3489,657 3219,737 2792,366
403 3519,622 3219,737 2792,366
404 3519,622 3219,737 2792,366
405 3536,341 3219,737 2792,366
406 3546,970 3219,737 2792,366
407 3604,152 3219,737 2792,366
408 3699,388 3219,737 2792,366
409 3699,388 3219,737 2792,366
410 3712,456 3219,737 2792,366
411 3716,980 3219,737 2792,366
412 3731,932 3219,737 2792,366
413 3751,256 3219,737 2792,366
414 3778,378 3219,737 2792,366
415 3798,918 3219,737 2792,366
416 3824,762 3219,737 2792,366
417 3827,912 3219,737 2792,366
418 3827,912 3219,737 2792,366
419 3839,847 3219,737 2792,366
420 3858,850 3219,737 2792,366
421 3219,737 3191,990 2792,366
422 3290,472 3191,990 2792,366
423 3367,055 3191,990 2792,366
424 3384,740 3191,990 2792,366
425 3385,515 3191,990 2792,366
426 3386,282 3191,990 2792,366
427 4768,091 3191,990 2792,366
428 3449,073 3191,990 2792,366
429 3460,364 3191,990 2792,366
430 3483,256 3191,990 2792,366
431 3489,657 3191,990 2792,366
432 3517,446 3191,990 2792,366
433 3519,622 3191,990 2792,366
434 3519,622 3191,990 2792,366
435 3536,341 3191,990 2792,366
436 3539,940 3191,990 2792,366
437 3544,036 3191,990 2792,366
438 3546,970 3191,990 2792,366
439 3604,152 3191,990 2792,366
440 5624,249 3191,990 2792,366
441 3191,990 3055,816 2792,366
442 3205,549 3055,816 2792,366
443 3219,737 3055,816 2792,366
444 3230,213 3055,816 2792,366
445 3279,996 3055,816 2792,366
446 3279,996 3055,816 2792,366
447 3290,472 3055,816 2792,366
448 3367,055 3055,816 2792,366
449 3367,055 3055,816 2792,366
450 3384,740 3055,816 2792,366
451 3384,740 3055,816 2792,366
452 3384,740 3055,816 2792,366
453 3385,515 3055,816 2792,366
454 3386,282 3055,816 2792,366
455 3398,453 3055,816 2792,366
456 3406,342 3055,816 2792,366
457 3422,997 3055,816 2792,366
458 3449,073 3055,816 2792,366
459 3453,639 3055,816 2792,366
460 3460,364 3055,816 2792,366
461 3055,816 3012,765 2792,366
462 3055,816 3012,765 2792,366
463 3167,438 3012,765 2792,366
464 3191,990 3012,765 2792,366
465 3191,990 3012,765 2792,366
466 3201,658 3012,765 2792,366
467 3205,549 3012,765 2792,366
468 3205,549 3012,765 2792,366
469 3219,737 3012,765 2792,366
470 3230,213 3012,765 2792,366
471 3230,213 3012,765 2792,366
472 3230,213 3012,765 2792,366
473 3279,996 3012,765 2792,366
474 3279,996 3012,765 2792,366
475 3279,996 3012,765 2792,366
476 3279,996 3012,765 2792,366
477 3290,472 3012,765 2792,366
478 3290,472 3012,765 2792,366
479 3314,686 3012,765 2792,366
480 3347,168 3012,765 2792,366
481 3012,765 3012,765 2792,366
482 3012,765 3012,765 2792,366
483 3055,816 3012,765 2792,366
484 3055,816 3012,765 2792,366
485 3055,816 3012,765 2792,366
486 3167,438 3012,765 2792,366
487 3181,211 3012,765 2792,366
488 3188,394 3012,765 2792,366
489 3191,990 3012,765 2792,366
490 3191,990 3012,765 2792,366
491 3191,990 3012,765 2792,366
492 3192,404 3012,765 2792,366
493 3198,870 3012,765 2792,366
494 3198,870 3012,765 2792,366
495 3198,870 3012,765 2792,366
496 3201,658 3012,765 2792,366
497 3205,549 3012,765 2792,366
498 3205,549 3012,765 2792,366
499 3219,737 3012,765 2792,366
500 3219,737 3012,765 2792,366
501 3012,765 3012,765 2792,366
502 3012,765 3012,765 2792,366
503 3012,765 3012,765 2792,366
504 3019,645 3012,765 2792,366
505 3024,473 3012,765 2792,366
506 3055,816 3012,765 2792,366
507 3055,816 3012,765 2792,366
508 3055,816 3012,765 2792,366
509 3055,816 3012,765 2792,366
510 3157,809 3012,765 2792,366
511 3157,809 3012,765 2792,366
512 3160,717 3012,765 2792,366
513 3167,438 3012,765 2792,366
514 3181,211 3012,765 2792,366
515 3181,514 3012,765 2792,366
516 3188,394 3012,765 2792,366
517 3188,394 3012,765 2792,366
518 3190,413 3012,765 2792,366
519 3885,788 3012,765 2792,366
520 4072,169 3012,765 2792,366
521 3012,765 2995,738 2792,366
522 3012,765 2995,738 2792,366
523 3012,765 2995,738 2792,366
524 3017,593 2995,738 2792,366
525 3017,593 2995,738 2792,366
526 3017,593 2995,738 2792,366
527 3019,645 2995,738 2792,366
528 3024,473 2995,738 2792,366
529 3024,473 2995,738 2792,366
530 3050,988 2995,738 2792,366
531 3050,988 2995,738 2792,366
532 2995,738 2995,738 2792,366
533 3055,816 2995,738 2792,366
534 3055,816 2995,738 2792,366
535 3055,816 2995,738 2792,366
536 3055,816 2995,738 2792,366
537 3055,816 2995,738 2792,366
538 3152,981 2995,738 2792,366
539 3152,981 2995,738 2792,366
540 3152,981 2995,738 2792,366
541 2995,738 2959,567 2792,366
542 3012,765 2959,567 2792,366
543 3012,765 2959,567 2792,366
544 3012,765 2959,567 2792,366
545 3012,765 2959,567 2792,366
546 3012,765 2959,567 2792,366
547 3012,765 2959,567 2792,366
548 3012,765 2959,567 2792,366
549 3017,593 2959,567 2792,366
550 3017,593 2959,567 2792,366
551 3017,593 2959,567 2792,366
552 3017,593 2959,567 2792,366
553 3017,593 2959,567 2792,366
554 3210,377 2959,567 2792,366
555 3017,593 2959,567 2792,366
556 3019,645 2959,567 2792,366
557 3024,473 2959,567 2792,366
558 3024,473 2959,567 2792,366
559 3024,473 2959,567 2792,366
560 3024,473 2959,567 2792,366
561 2959,567 2959,567 2792,366
562 2995,738 2959,567 2792,366
563 3012,765 2959,567 2792,366
564 3012,765 2959,567 2792,366
565 3012,765 2959,567 2792,366
566 5810,395 2959,567 2792,366
567 3012,765 2959,567 2792,366
568 3012,765 2959,567 2792,366
569 3012,765 2959,567 2792,366
570 3012,765 2959,567 2792,366
571 3012,765 2959,567 2792,366
572 3012,765 2959,567 2792,366
573 3012,765 2959,567 2792,366
574 3017,593 2959,567 2792,366
575 3017,593 2959,567 2792,366
576 3017,593 2959,567 2792,366
577 3017,593 2959,567 2792,366
578 3017,593 2959,567 2792,366
579 3017,593 2959,567 2792,366
580 3017,593 2959,567 2792,366
581 2959,567 2952,687 2792,366
582 2990,910 2952,687 2792,366
583 2995,738 2952,687 2792,366
584 3012,765 2952,687 2792,366
585 3012,765 2952,687 2792,366
586 3012,765 2952,687 2792,366
587 3012,765 2952,687 2792,366
588 3012,765 2952,687 2792,366
589 3012,765 2952,687 2792,366
590 3012,765 2952,687 2792,366
591 3012,765 2952,687 2792,366
592 3012,765 2952,687 2792,366
593 3012,765 2952,687 2792,366
594 3012,765 2952,687 2792,366
595 3012,765 2952,687 2792,366
596 3012,765 2952,687 2792,366
597 3012,765 2952,687 2792,366
598 3012,765 2952,687 2792,366
599 3012,765 2952,687 2792,366
600 3012,765 2952,687 2792,366
601 2952,687 2952,687 2792,366
602 2952,687 2952,687 2792,366
603 2952,687 2952,687 2792,366
604 2959,567 2952,687 2792,366
605 5666,492 2952,687 2792,366
606 2995,738 2952,687 2792,366
607 3012,765 2952,687 2792,366
608 3012,765 2952,687 2792,366
609 3012,765 2952,687 2792,366
610 3565,047 2952,687 2792,366
611 3012,765 2952,687 2792,366
612 3012,765 2952,687 2792,366
613 3012,765 2952,687 2792,366
614 3012,765 2952,687 2792,366
615 3012,765 2952,687 2792,366
616 3012,765 2952,687 2792,366
617 3012,765 2952,687 2792,366
618 3012,765 2952,687 2792,366
619 3012,765 2952,687 2792,366
620 3012,765 2952,687 2792,366
621 2952,687 2952,687 2792,366
622 2952,687 2952,687 2792,366
623 2952,687 2952,687 2792,366
624 2952,687 2952,687 2792,366
625 2952,687 2952,687 2792,366
626 2957,515 2952,687 2792,366
627 2957,515 2952,687 2792,366
628 2959,567 2952,687 2792,366
629 2964,395 2952,687 2792,366
630 2990,910 2952,687 2792,366
631 2990,910 2952,687 2792,366
632 2995,738 2952,687 2792,366
633 3012,765 2952,687 2792,366
634 3012,765 2952,687 2792,366
635 3012,765 2952,687 2792,366
636 3012,765 2952,687 2792,366
637 3012,765 2952,687 2792,366
638 3012,765 2952,687 2792,366
639 3012,765 2952,687 2792,366
640 3012,765 2952,687 2792,366
641 2952,687 2952,687 2792,366
642 2952,687 2952,687 2792,366
643 2952,687 2952,687 2792,366
644 2952,687 2952,687 2792,366
645 2952,687 2952,687 2792,366
646 2952,687 2952,687 2792,366
647 2952,687 2952,687 2792,366
648 2952,687 2952,687 2792,366
649 2952,687 2952,687 2792,366
650 2952,687 2952,687 2792,366
651 2952,687 2952,687 2792,366
652 2952,687 2952,687 2792,366
653 2952,687 2952,687 2792,366
654 2952,687 2952,687 2792,366
655 2952,687 2952,687 2792,366
656 2952,687 2952,687 2792,366
657 2957,515 2952,687 2792,366
658 2957,515 2952,687 2792,366
659 2957,515 2952,687 2792,366
660 2959,567 2952,687 2792,366
661 2952,687 2952,687 2792,366
662 2952,687 2952,687 2792,366
663 2952,687 2952,687 2792,366
664 2952,687 2952,687 2792,366
665 2952,687 2952,687 2792,366
666 2952,687 2952,687 2792,366
667 2952,687 2952,687 2792,366
668 2952,687 2952,687 2792,366
669 2952,687 2952,687 2792,366
670 2952,687 2952,687 2792,366
671 2952,687 2952,687 2792,366
672 2952,687 2952,687 2792,366
673 2952,687 2952,687 2792,366
674 2952,687 2952,687 2792,366
675 3612,519 2952,687 2792,366
676 2952,687 2952,687 2792,366
677 2952,687 2952,687 2792,366
678 2952,687 2952,687 2792,366
679 2952,687 2952,687 2792,366
680 2952,687 2952,687 2792,366
681 2952,687 2952,687 2792,366
682 2952,687 2952,687 2792,366
683 2952,687 2952,687 2792,366
684 2952,687 2952,687 2792,366
685 2952,687 2952,687 2792,366
686 2952,687 2952,687 2792,366
687 2952,687 2952,687 2792,366
688 2952,687 2952,687 2792,366
689 2952,687 2952,687 2792,366
690 2952,687 2952,687 2792,366
691 2952,687 2952,687 2792,366
692 2952,687 2952,687 2792,366
693 2952,687 2952,687 2792,366
694 2952,687 2952,687 2792,366
695 2952,687 2952,687 2792,366
696 2952,687 2952,687 2792,366
697 2952,687 2952,687 2792,366
698 2952,687 2952,687 2792,366
699 2952,687 2952,687 2792,366
700 2952,687 2952,687 2792,366
701 5102,043 2952,687 2792,366
702 2952,687 2952,687 2792,366
703 2952,687 2952,687 2792,366
704 2952,687 2952,687 2792,366
705 2952,687 2952,687 2792,366
706 2952,687 2952,687 2792,366
707 2952,687 2952,687 2792,366
708 2952,687 2952,687 2792,366
709 2952,687 2952,687 2792,366
710 2952,687 2952,687 2792,366
711 2952,687 2952,687 2792,366
712 2952,687 2952,687 2792,366
713 2952,687 2952,687 2792,366
714 2952,687 2952,687 2792,366
715 2952,687 2952,687 2792,366
716 2952,687 2952,687 2792,366
717 2952,687 2952,687 2792,366
718 2952,687 2952,687 2792,366
719 2952,687 2952,687 2792,366
720 3816,409 2952,687 2792,366
721 2952,687 2952,687 2792,366
722 2952,687 2952,687 2792,366
723 2952,687 2952,687 2792,366
724 2952,687 2952,687 2792,366
725 2952,687 2952,687 2792,366
726 2952,687 2952,687 2792,366
727 2952,687 2952,687 2792,366
728 2952,687 2952,687 2792,366
729 2952,687 2952,687 2792,366
730 2952,687 2952,687 2792,366
731 2952,687 2952,687 2792,366
732 2952,687 2952,687 2792,366
733 2952,687 2952,687 2792,366
734 5341,800 2952,687 2792,366
735 4503,758 2952,687 2792,366
736 2952,687 2952,687 2792,366
737 2952,687 2952,687 2792,366
738 2952,687 2952,687 2792,366
739 2952,687 2952,687 2792,366
740 2952,687 2952,687 2792,366
741 2952,687 2952,687 2792,366
742 2952,687 2952,687 2792,366
743 2952,687 2952,687 2792,366
744 2952,687 2952,687 2792,366
745 2952,687 2952,687 2792,366
746 2952,687 2952,687 2792,366
747 2952,687 2952,687 2792,366
748 2952,687 2952,687 2792,366
749 2952,687 2952,687 2792,366
750 2952,687 2952,687 2792,366
751 2952,687 2952,687 2792,366
752 2952,687 2952,687 2792,366
753 2952,687 2952,687 2792,366
754 2952,687 2952,687 2792,366
755 2952,687 2952,687 2792,366
756 2952,687 2952,687 2792,366
757 2952,687 2952,687 2792,366
758 2952,687 2952,687 2792,366
759 2952,687 2952,687 2792,366
760 3141,486 2952,687 2792,366
761 2952,687 2952,687 2792,366
762 2952,687 2952,687 2792,366
763 2952,687 2952,687 2792,366
764 2952,687 2952,687 2792,366
765 2952,687 2952,687 2792,366
766 2952,687 2952,687 2792,366
767 2952,687 2952,687 2792,366
768 2952,687 2952,687 2792,366
769 2952,687 2952,687 2792,366
770 2952,687 2952,687 2792,366
771 2952,687 2952,687 2792,366
772 2952,687 2952,687 2792,366
773 2952,687 2952,687 2792,366
774 3947,415 2952,687 2792,366
775 2952,687 2952,687 2792,366
776 4837,026 2952,687 2792,366
777 2952,687 2952,687 2792,366
778 5502,891 2952,687 2792,366
779 2952,687 2952,687 2792,366
780 2952,687 2952,687 2792,366
781 2952,687 2952,687 2792,366
782 2952,687 2952,687 2792,366
783 2952,687 2952,687 2792,366
784 2952,687 2952,687 2792,366
785 2952,687 2952,687 2792,366
786 2952,687 2952,687 2792,366
787 2952,687 2952,687 2792,366
788 2952,687 2952,687 2792,366
789 2952,687 2952,687 2792,366
790 2952,687 2952,687 2792,366
791 2952,687 2952,687 2792,366
792 2952,687 2952,687 2792,366
793 2952,687 2952,687 2792,366
794 2952,687 2952,687 2792,366
795 2952,687 2952,687 2792,366
796 2952,687 2952,687 2792,366
797 4317,169 2952,687 2792,366
798 2952,687 2952,687 2792,366
799 2952,687 2952,687 2792,366
800 4859,210 2952,687 2792,366
