nrOsobnika current best_current best_global
1 6850,517 5315,069 2792,366
2 5979,460 5315,069 2792,366
3 6721,669 5315,069 2792,366
4 6666,558 5315,069 2792,366
5 6760,014 5315,069 2792,366
6 6531,395 5315,069 2792,366
7 5705,698 5315,069 2792,366
8 6718,557 5315,069 2792,366
9 5899,664 5315,069 2792,366
10 5417,960 5315,069 2792,366
11 6072,663 5315,069 2792,366
12 7413,324 5315,069 2792,366
13 6458,823 5315,069 2792,366
14 6051,544 5315,069 2792,366
15 7095,531 5315,069 2792,366
16 6161,739 5315,069 2792,366
17 6292,697 5315,069 2792,366
18 5329,140 5315,069 2792,366
19 7071,652 5315,069 2792,366
20 5874,249 5315,069 2792,366
21 5315,069 4996,357 2792,366
22 5329,140 4996,357 2792,366
23 5417,960 4996,357 2792,366
24 5510,299 4996,357 2792,366
25 5625,269 4996,357 2792,366
26 5689,953 4996,357 2792,366
27 5694,639 4996,357 2792,366
28 5705,698 4996,357 2792,366
29 5740,744 4996,357 2792,366
30 5781,007 4996,357 2792,366
31 5836,612 4996,357 2792,366
32 5874,249 4996,357 2792,366
33 5899,664 4996,357 2792,366
34 5757,377 4996,357 2792,366
35 5947,649 4996,357 2792,366
36 5979,460 4996,357 2792,366
37 6051,544 4996,357 2792,366
38 6072,663 4996,357 2792,366
39 6082,296 4996,357 2792,366
40 6161,739 4996,357 2792,366
41 4996,357 4760,103 2792,366
42 5105,991 4760,103 2792,366
43 5210,018 4760,103 2792,366
44 5247,843 4760,103 2792,366
45 5278,811 4760,103 2792,366
46 5942,624 4760,103 2792,366
47 5329,140 4760,103 2792,366
48 5417,960 4760,103 2792,366
49 5510,299 4760,103 2792,366
50 5563,649 4760,103 2792,366
51 5575,225 4760,103 2792,366
52 5625,269 4760,103 2792,366
53 5689,953 4760,103 2792,366
54 5694,639 4760,103 2792,366
55 5705,698 4760,103 2792,366
56 5724,550 4760,103 2792,366
57 5740,744 4760,103 2792,366
58 5757,377 4760,103 2792,366
59 5781,007 4760,103 2792,366
60 5834,062 4760,103 2792,366
61 4760,103 4569,713 2792,366
62 4996,357 4569,713 2792,366
63 5021,752 4569,713 2792,366
64 5040,998 4569,713 2792,366
65 5099,546 4569,713 2792,366
66 5105,991 4569,713 2792,366
67 5210,018 4569,713 2792,366
68 5231,505 4569,713 2792,366
69 5247,843 4569,713 2792,366
70 5278,811 4569,713 2792,366
71 5329,140 4569,713 2792,366
72 5393,258 4569,713 2792,366
73 5417,960 4569,713 2792,366
74 5418,423 4569,713 2792,366
75 5426,587 4569,713 2792,366
76 5510,299 4569,713 2792,366
77 5563,649 4569,713 2792,366
78 5575,225 4569,713 2792,366
79 5592,731 4569,713 2792,366
80 5625,269 4569,713 2792,366
81 4569,713 4569,713 2792,366
82 4622,832 4569,713 2792,366
83 4760,103 4569,713 2792,366
84 4816,583 4569,713 2792,366
85 5105,333 4569,713 2792,366
86 5015,401 4569,713 2792,366
87 5370,319 4569,713 2792,366
88 5040,998 4569,713 2792,366
89 5070,533 4569,713 2792,366
90 5083,948 4569,713 2792,366
91 5099,546 4569,713 2792,366
92 5105,991 4569,713 2792,366
93 5210,018 4569,713 2792,366
94 5231,505 4569,713 2792,366
95 5244,232 4569,713 2792,366
96 5247,843 4569,713 2792,366
97 5278,811 4569,713 2792,366
98 5329,140 4569,713 2792,366
99 5362,362 4569,713 2792,366
100 5393,258 4569,713 2792,366
101 4569,713 4497,250 2792,366
102 4608,222 4497,250 2792,366
103 4622,832 4497,250 2792,366
104 4674,084 4497,250 2792,366
105 4674,084 4497,250 2792,366
106 5091,198 4497,250 2792,366
107 4816,583 4497,250 2792,366
108 4891,511 4497,250 2792,366
109 4933,577 4497,250 2792,366
110 4943,170 4497,250 2792,366
111 4960,932 4497,250 2792,366
112 4979,735 4497,250 2792,366
113 5015,401 4497,250 2792,366
114 5040,998 4497,250 2792,366
115 5070,533 4497,250 2792,366
116 5070,533 4497,250 2792,366
117 5083,948 4497,250 2792,366
118 5099,546 4497,250 2792,366
119 5105,333 4497,250 2792,366
120 5141,369 4497,250 2792,366
121 4497,250 4197,343 2792,366
122 4558,272 4197,343 2792,366
123 4569,713 4197,343 2792,366
124 4608,222 4197,343 2792,366
125 4622,832 4197,343 2792,366
126 4645,889 4197,343 2792,366
127 4665,344 4197,343 2792,366
128 4674,084 4197,343 2792,366
129 4674,084 4197,343 2792,366
130 4816,583 4197,343 2792,366
131 4817,941 4197,343 2792,366
132 4853,320 4197,343 2792,366
133 4891,511 4197,343 2792,366
134 4933,577 4197,343 2792,366
135 4943,170 4197,343 2792,366
136 4960,932 4197,343 2792,366
137 4976,658 4197,343 2792,366
138 4979,735 4197,343 2792,366
139 5142,434 4197,343 2792,366
140 5479,998 4197,343 2792,366
141 4197,343 4047,107 2792,366
142 4211,016 4047,107 2792,366
143 4310,021 4047,107 2792,366
144 4497,250 4047,107 2792,366
145 4558,272 4047,107 2792,366
146 4569,713 4047,107 2792,366
147 4608,222 4047,107 2792,366
148 4453,499 4047,107 2792,366
149 4645,889 4047,107 2792,366
150 4665,344 4047,107 2792,366
151 4674,084 4047,107 2792,366
152 4674,084 4047,107 2792,366
153 4679,780 4047,107 2792,366
154 6036,211 4047,107 2792,366
155 4816,583 4047,107 2792,366
156 4817,941 4047,107 2792,366
157 4828,225 4047,107 2792,366
158 4847,829 4047,107 2792,366
159 4853,320 4047,107 2792,366
160 4882,718 4047,107 2792,366
161 4047,107 4047,107 2792,366
162 4197,343 4047,107 2792,366
163 4211,016 4047,107 2792,366
164 4274,607 4047,107 2792,366
165 4310,021 4047,107 2792,366
166 4328,482 4047,107 2792,366
167 4336,480 4047,107 2792,366
168 4453,499 4047,107 2792,366
169 4497,250 4047,107 2792,366
170 4497,250 4047,107 2792,366
171 4558,272 4047,107 2792,366
172 4569,713 4047,107 2792,366
173 4569,713 4047,107 2792,366
174 4608,222 4047,107 2792,366
175 4645,889 4047,107 2792,366
176 4665,344 4047,107 2792,366
177 4674,084 4047,107 2792,366
178 4674,084 4047,107 2792,366
179 4674,084 4047,107 2792,366
180 4679,780 4047,107 2792,366
181 4047,107 3995,472 2792,366
182 4070,259 3995,472 2792,366
183 4197,343 3995,472 2792,366
184 4204,650 3995,472 2792,366
185 4211,016 3995,472 2792,366
186 4274,607 3995,472 2792,366
187 4310,021 3995,472 2792,366
188 4328,482 3995,472 2792,366
189 4328,482 3995,472 2792,366
190 4328,482 3995,472 2792,366
191 4336,480 3995,472 2792,366
192 4453,499 3995,472 2792,366
193 4497,250 3995,472 2792,366
194 4497,250 3995,472 2792,366
195 4497,250 3995,472 2792,366
196 4558,272 3995,472 2792,366
197 4569,713 3995,472 2792,366
198 4569,713 3995,472 2792,366
199 4569,713 3995,472 2792,366
200 4584,200 3995,472 2792,366
201 3995,472 3866,695 2792,366
202 4047,107 3866,695 2792,366
203 4070,259 3866,695 2792,366
204 4163,765 3866,695 2792,366
205 4163,765 3866,695 2792,366
206 4197,343 3866,695 2792,366
207 4197,343 3866,695 2792,366
208 4204,650 3866,695 2792,366
209 4209,137 3866,695 2792,366
210 4211,016 3866,695 2792,366
211 4274,607 3866,695 2792,366
212 4310,021 3866,695 2792,366
213 4328,482 3866,695 2792,366
214 4328,482 3866,695 2792,366
215 4328,482 3866,695 2792,366
216 4328,482 3866,695 2792,366
217 4336,480 3866,695 2792,366
218 4453,499 3866,695 2792,366
219 4477,081 3866,695 2792,366
220 4496,032 3866,695 2792,366
221 3866,695 3739,611 2792,366
222 3934,976 3739,611 2792,366
223 3995,472 3739,611 2792,366
224 3995,472 3739,611 2792,366
225 4047,107 3739,611 2792,366
226 4070,259 3739,611 2792,366
227 4163,765 3739,611 2792,366
228 4163,765 3739,611 2792,366
229 4195,193 3739,611 2792,366
230 4197,343 3739,611 2792,366
231 4197,343 3739,611 2792,366
232 4306,727 3739,611 2792,366
233 4209,137 3739,611 2792,366
234 4211,016 3739,611 2792,366
235 4274,607 3739,611 2792,366
236 4274,607 3739,611 2792,366
237 4280,101 3739,611 2792,366
238 4281,534 3739,611 2792,366
239 4310,021 3739,611 2792,366
240 4328,482 3739,611 2792,366
241 3739,611 3640,659 2792,366
242 3768,380 3640,659 2792,366
243 3866,695 3640,659 2792,366
244 3904,936 3640,659 2792,366
245 3934,976 3640,659 2792,366
246 3995,472 3640,659 2792,366
247 3995,472 3640,659 2792,366
248 4047,107 3640,659 2792,366
249 4057,679 3640,659 2792,366
250 4070,259 3640,659 2792,366
251 4163,765 3640,659 2792,366
252 4163,765 3640,659 2792,366
253 4163,765 3640,659 2792,366
254 4167,458 3640,659 2792,366
255 4195,193 3640,659 2792,366
256 4197,343 3640,659 2792,366
257 4197,343 3640,659 2792,366
258 4197,343 3640,659 2792,366
259 4197,343 3640,659 2792,366
260 4203,460 3640,659 2792,366
261 3640,659 3543,303 2792,366
262 3673,353 3543,303 2792,366
263 3732,202 3543,303 2792,366
264 3739,611 3543,303 2792,366
265 5743,680 3543,303 2792,366
266 3768,380 3543,303 2792,366
267 3768,380 3543,303 2792,366
268 3866,695 3543,303 2792,366
269 3866,695 3543,303 2792,366
270 3897,286 3543,303 2792,366
271 3904,936 3543,303 2792,366
272 3934,976 3543,303 2792,366
273 3934,976 3543,303 2792,366
274 3958,936 3543,303 2792,366
275 3995,472 3543,303 2792,366
276 3995,472 3543,303 2792,366
277 3995,472 3543,303 2792,366
278 4047,107 3543,303 2792,366
279 4057,679 3543,303 2792,366
280 4070,259 3543,303 2792,366
281 3543,303 3543,303 2792,366
282 3640,659 3543,303 2792,366
283 3640,659 3543,303 2792,366
284 3659,872 3543,303 2792,366
285 3673,353 3543,303 2792,366
286 3701,998 3543,303 2792,366
287 3732,202 3543,303 2792,366
288 3739,611 3543,303 2792,366
289 3739,611 3543,303 2792,366
290 3755,802 3543,303 2792,366
291 3768,380 3543,303 2792,366
292 3768,380 3543,303 2792,366
293 3813,739 3543,303 2792,366
294 3848,101 3543,303 2792,366
295 3866,695 3543,303 2792,366
296 3866,695 3543,303 2792,366
297 3925,322 3543,303 2792,366
298 3866,695 3543,303 2792,366
299 3866,695 3543,303 2792,366
300 6319,059 3543,303 2792,366
301 3543,303 3543,303 2792,366
302 3640,659 3543,303 2792,366
303 4075,131 3543,303 2792,366
304 3640,659 3543,303 2792,366
305 3640,659 3543,303 2792,366
306 3640,659 3543,303 2792,366
307 3640,659 3543,303 2792,366
308 3659,872 3543,303 2792,366
309 3659,872 3543,303 2792,366
310 3673,353 3543,303 2792,366
311 3673,353 3543,303 2792,366
312 3701,998 3543,303 2792,366
313 3724,572 3543,303 2792,366
314 3732,202 3543,303 2792,366
315 3732,202 3543,303 2792,366
316 3739,611 3543,303 2792,366
317 3739,611 3543,303 2792,366
318 3739,611 3543,303 2792,366
319 3739,611 3543,303 2792,366
320 3749,871 3543,303 2792,366
321 3543,303 3450,519 2792,366
322 3543,303 3450,519 2792,366
323 3640,659 3450,519 2792,366
324 3640,659 3450,519 2792,366
325 3640,659 3450,519 2792,366
326 3640,659 3450,519 2792,366
327 3640,659 3450,519 2792,366
328 3640,659 3450,519 2792,366
329 3640,659 3450,519 2792,366
330 3640,659 3450,519 2792,366
331 3640,659 3450,519 2792,366
332 4375,450 3450,519 2792,366
333 3640,659 3450,519 2792,366
334 3659,872 3450,519 2792,366
335 3659,872 3450,519 2792,366
336 3659,872 3450,519 2792,366
337 3659,872 3450,519 2792,366
338 3659,872 3450,519 2792,366
339 3659,872 3450,519 2792,366
340 3673,353 3450,519 2792,366
341 3450,519 3450,519 2792,366
342 3543,303 3450,519 2792,366
343 3543,303 3450,519 2792,366
344 3609,123 3450,519 2792,366
345 3609,123 3450,519 2792,366
346 3622,866 3450,519 2792,366
347 3626,545 3450,519 2792,366
348 3640,659 3450,519 2792,366
349 3640,659 3450,519 2792,366
350 3640,659 3450,519 2792,366
351 3640,659 3450,519 2792,366
352 3640,659 3450,519 2792,366
353 3640,659 3450,519 2792,366
354 3640,659 3450,519 2792,366
355 3640,659 3450,519 2792,366
356 3640,659 3450,519 2792,366
357 3640,659 3450,519 2792,366
358 3640,659 3450,519 2792,366
359 3640,659 3450,519 2792,366
360 3640,659 3450,519 2792,366
361 3450,519 3432,726 2792,366
362 3964,059 3432,726 2792,366
363 3543,303 3432,726 2792,366
364 3543,303 3432,726 2792,366
365 3609,123 3432,726 2792,366
366 3609,123 3432,726 2792,366
367 3622,866 3432,726 2792,366
368 3622,866 3432,726 2792,366
369 3626,545 3432,726 2792,366
370 3626,545 3432,726 2792,366
371 3626,545 3432,726 2792,366
372 3626,545 3432,726 2792,366
373 3640,659 3432,726 2792,366
374 3640,659 3432,726 2792,366
375 3640,659 3432,726 2792,366
376 3640,659 3432,726 2792,366
377 3640,659 3432,726 2792,366
378 3640,659 3432,726 2792,366
379 3640,659 3432,726 2792,366
380 3640,659 3432,726 2792,366
381 3432,726 3432,726 2792,366
382 3450,519 3432,726 2792,366
383 3470,136 3432,726 2792,366
384 3514,305 3432,726 2792,366
385 3543,303 3432,726 2792,366
386 3543,303 3432,726 2792,366
387 3609,123 3432,726 2792,366
388 3609,123 3432,726 2792,366
389 3622,866 3432,726 2792,366
390 3622,866 3432,726 2792,366
391 3622,866 3432,726 2792,366
392 3622,866 3432,726 2792,366
393 3622,866 3432,726 2792,366
394 3622,866 3432,726 2792,366
395 3626,545 3432,726 2792,366
396 3626,545 3432,726 2792,366
397 3626,545 3432,726 2792,366
398 3626,545 3432,726 2792,366
399 3626,545 3432,726 2792,366
400 3640,659 3432,726 2792,366
401 3432,726 3418,612 2792,366
402 3432,726 3418,612 2792,366
403 3450,519 3418,612 2792,366
404 3450,519 3418,612 2792,366
405 3470,136 3418,612 2792,366
406 3470,136 3418,612 2792,366
407 3514,305 3418,612 2792,366
408 3514,305 3418,612 2792,366
409 3514,305 3418,612 2792,366
410 3514,305 3418,612 2792,366
411 3514,305 3418,612 2792,366
412 3543,303 3418,612 2792,366
413 3543,303 3418,612 2792,366
414 3608,752 3418,612 2792,366
415 3609,123 3418,612 2792,366
416 3609,123 3418,612 2792,366
417 3622,866 3418,612 2792,366
418 3622,866 3418,612 2792,366
419 3622,866 3418,612 2792,366
420 3622,866 3418,612 2792,366
421 3418,612 3379,892 2792,366
422 3432,726 3379,892 2792,366
423 3432,726 3379,892 2792,366
424 3432,726 3379,892 2792,366
425 3432,726 3379,892 2792,366
426 3450,519 3379,892 2792,366
427 3450,519 3379,892 2792,366
428 3453,059 3379,892 2792,366
429 3470,136 3379,892 2792,366
430 3470,136 3379,892 2792,366
431 3470,136 3379,892 2792,366
432 3470,136 3379,892 2792,366
433 3514,305 3379,892 2792,366
434 3846,172 3379,892 2792,366
435 3514,305 3379,892 2792,366
436 3514,305 3379,892 2792,366
437 3514,305 3379,892 2792,366
438 3514,305 3379,892 2792,366
439 3514,305 3379,892 2792,366
440 3514,305 3379,892 2792,366
441 4341,625 3379,892 2792,366
442 3379,892 3379,892 2792,366
443 3418,612 3379,892 2792,366
444 3418,612 3379,892 2792,366
445 3424,061 3379,892 2792,366
446 3432,726 3379,892 2792,366
447 3432,726 3379,892 2792,366
448 3432,726 3379,892 2792,366
449 3432,726 3379,892 2792,366
450 3432,726 3379,892 2792,366
451 3432,726 3379,892 2792,366
452 3432,726 3379,892 2792,366
453 3436,405 3379,892 2792,366
454 3450,519 3379,892 2792,366
455 3450,519 3379,892 2792,366
456 3450,519 3379,892 2792,366
457 3453,059 3379,892 2792,366
458 3453,059 3379,892 2792,366
459 3453,059 3379,892 2792,366
460 3468,895 3379,892 2792,366
461 3379,892 3319,353 2792,366
462 3379,892 3319,353 2792,366
463 3380,844 3319,353 2792,366
464 3418,612 3319,353 2792,366
465 3651,334 3319,353 2792,366
466 3418,612 3319,353 2792,366
467 3418,612 3319,353 2792,366
468 3418,612 3319,353 2792,366
469 3424,061 3319,353 2792,366
470 3432,726 3319,353 2792,366
471 3432,726 3319,353 2792,366
472 3432,726 3319,353 2792,366
473 3432,726 3319,353 2792,366
474 3432,726 3319,353 2792,366
475 3432,726 3319,353 2792,366
476 3432,726 3319,353 2792,366
477 3432,726 3319,353 2792,366
478 3432,726 3319,353 2792,366
479 3432,726 3319,353 2792,366
480 3436,405 3319,353 2792,366
481 3319,353 3305,239 2792,366
482 3379,892 3305,239 2792,366
483 3379,892 3305,239 2792,366
484 3379,892 3305,239 2792,366
485 3379,892 3305,239 2792,366
486 3380,844 3305,239 2792,366
487 3380,844 3305,239 2792,366
488 3418,612 3305,239 2792,366
489 3418,612 3305,239 2792,366
490 3418,612 3305,239 2792,366
491 3418,612 3305,239 2792,366
492 3418,612 3305,239 2792,366
493 3418,612 3305,239 2792,366
494 3418,612 3305,239 2792,366
495 3418,612 3305,239 2792,366
496 3418,612 3305,239 2792,366
497 3418,612 3305,239 2792,366
498 3424,061 3305,239 2792,366
499 3432,726 3305,239 2792,366
500 3432,726 3305,239 2792,366
501 3305,239 3305,239 2792,366
502 3319,353 3305,239 2792,366
503 3379,892 3305,239 2792,366
504 3379,892 3305,239 2792,366
505 3379,892 3305,239 2792,366
506 3379,892 3305,239 2792,366
507 3379,892 3305,239 2792,366
508 3379,892 3305,239 2792,366
509 3379,892 3305,239 2792,366
510 3380,844 3305,239 2792,366
511 3380,844 3305,239 2792,366
512 3418,612 3305,239 2792,366
513 3418,612 3305,239 2792,366
514 3418,612 3305,239 2792,366
515 3418,612 3305,239 2792,366
516 3418,612 3305,239 2792,366
517 3571,607 3305,239 2792,366
518 3418,612 3305,239 2792,366
519 3418,612 3305,239 2792,366
520 3418,612 3305,239 2792,366
521 3305,239 3305,239 2792,366
522 3305,239 3305,239 2792,366
523 3305,239 3305,239 2792,366
524 3305,239 3305,239 2792,366
525 3319,353 3305,239 2792,366
526 3366,730 3305,239 2792,366
527 3366,730 3305,239 2792,366
528 3379,892 3305,239 2792,366
529 3379,892 3305,239 2792,366
530 3379,892 3305,239 2792,366
531 3379,892 3305,239 2792,366
532 3379,892 3305,239 2792,366
533 4018,752 3305,239 2792,366
534 3379,892 3305,239 2792,366
535 3379,892 3305,239 2792,366
536 3379,892 3305,239 2792,366
537 3379,892 3305,239 2792,366
538 3379,892 3305,239 2792,366
539 3379,892 3305,239 2792,366
540 3380,844 3305,239 2792,366
541 3305,239 3305,239 2792,366
542 3305,239 3305,239 2792,366
543 3305,239 3305,239 2792,366
544 3305,239 3305,239 2792,366
545 3305,239 3305,239 2792,366
546 3305,239 3305,239 2792,366
547 3319,353 3305,239 2792,366
548 3336,194 3305,239 2792,366
549 3336,194 3305,239 2792,366
550 3366,730 3305,239 2792,366
551 3366,730 3305,239 2792,366
552 3366,730 3305,239 2792,366
553 3366,730 3305,239 2792,366
554 3366,730 3305,239 2792,366
555 3366,730 3305,239 2792,366
556 3366,730 3305,239 2792,366
557 3366,730 3305,239 2792,366
558 3366,730 3305,239 2792,366
559 3379,892 3305,239 2792,366
560 3379,892 3305,239 2792,366
561 3305,239 3305,239 2792,366
562 3305,239 3305,239 2792,366
563 3305,239 3305,239 2792,366
564 3305,239 3305,239 2792,366
565 3305,239 3305,239 2792,366
566 3305,239 3305,239 2792,366
567 3305,239 3305,239 2792,366
568 3305,239 3305,239 2792,366
569 3305,239 3305,239 2792,366
570 3305,239 3305,239 2792,366
571 3305,239 3305,239 2792,366
572 3305,239 3305,239 2792,366
573 3319,353 3305,239 2792,366
574 3336,194 3305,239 2792,366
575 3336,194 3305,239 2792,366
576 3336,194 3305,239 2792,366
577 3336,194 3305,239 2792,366
578 3336,194 3305,239 2792,366
579 3366,730 3305,239 2792,366
580 3366,730 3305,239 2792,366
581 3305,239 3305,239 2792,366
582 3305,239 3305,239 2792,366
583 3305,239 3305,239 2792,366
584 3305,239 3305,239 2792,366
585 3305,239 3305,239 2792,366
586 3305,239 3305,239 2792,366
587 3305,239 3305,239 2792,366
588 3390,247 3305,239 2792,366
589 3305,239 3305,239 2792,366
590 3305,239 3305,239 2792,366
591 3305,239 3305,239 2792,366
592 3305,239 3305,239 2792,366
593 3305,239 3305,239 2792,366
594 3305,239 3305,239 2792,366
595 3305,239 3305,239 2792,366
596 3305,239 3305,239 2792,366
597 5248,988 3305,239 2792,366
598 3305,239 3305,239 2792,366
599 3305,239 3305,239 2792,366
600 3305,239 3305,239 2792,366
601 3305,239 3305,239 2792,366
602 3305,239 3305,239 2792,366
603 3305,239 3305,239 2792,366
604 3305,239 3305,239 2792,366
605 3305,239 3305,239 2792,366
606 3305,239 3305,239 2792,366
607 3305,239 3305,239 2792,366
608 3305,239 3305,239 2792,366
609 3305,239 3305,239 2792,366
610 3305,239 3305,239 2792,366
611 3305,239 3305,239 2792,366
612 3305,239 3305,239 2792,366
613 3305,239 3305,239 2792,366
614 3305,239 3305,239 2792,366
615 3305,239 3305,239 2792,366
616 3305,239 3305,239 2792,366
617 3305,239 3305,239 2792,366
618 3305,239 3305,239 2792,366
619 3305,239 3305,239 2792,366
620 3305,239 3305,239 2792,366
621 3305,239 3305,239 2792,366
622 3305,239 3305,239 2792,366
623 3305,239 3305,239 2792,366
624 3305,239 3305,239 2792,366
625 3305,239 3305,239 2792,366
626 3305,239 3305,239 2792,366
627 3305,239 3305,239 2792,366
628 3305,239 3305,239 2792,366
629 4218,095 3305,239 2792,366
630 3305,239 3305,239 2792,366
631 3305,239 3305,239 2792,366
632 3305,239 3305,239 2792,366
633 3305,239 3305,239 2792,366
634 3305,239 3305,239 2792,366
635 3305,239 3305,239 2792,366
636 3305,239 3305,239 2792,366
637 3305,239 3305,239 2792,366
638 3305,239 3305,239 2792,366
639 3305,239 3305,239 2792,366
640 3305,239 3305,239 2792,366
641 3305,239 3305,239 2792,366
642 3305,239 3305,239 2792,366
643 3305,239 3305,239 2792,366
644 3305,239 3305,239 2792,366
645 3305,239 3305,239 2792,366
646 3305,239 3305,239 2792,366
647 3305,239 3305,239 2792,366
648 3305,239 3305,239 2792,366
649 3305,239 3305,239 2792,366
650 3305,239 3305,239 2792,366
651 3305,239 3305,239 2792,366
652 3305,239 3305,239 2792,366
653 3305,239 3305,239 2792,366
654 3305,239 3305,239 2792,366
655 3305,239 3305,239 2792,366
656 3305,239 3305,239 2792,366
657 3305,239 3305,239 2792,366
658 3305,239 3305,239 2792,366
659 3305,239 3305,239 2792,366
660 3305,239 3305,239 2792,366
661 3305,239 3305,239 2792,366
662 3305,239 3305,239 2792,366
663 3305,239 3305,239 2792,366
664 3305,239 3305,239 2792,366
665 3305,239 3305,239 2792,366
666 5185,566 3305,239 2792,366
667 3305,239 3305,239 2792,366
668 3305,239 3305,239 2792,366
669 3305,239 3305,239 2792,366
670 3305,239 3305,239 2792,366
671 3305,239 3305,239 2792,366
672 3305,239 3305,239 2792,366
673 3305,239 3305,239 2792,366
674 3305,239 3305,239 2792,366
675 3305,239 3305,239 2792,366
676 3305,239 3305,239 2792,366
677 3305,239 3305,239 2792,366
678 3305,239 3305,239 2792,366
679 3305,239 3305,239 2792,366
680 3525,139 3305,239 2792,366
681 3305,239 3305,239 2792,366
682 3305,239 3305,239 2792,366
683 3305,239 3305,239 2792,366
684 3305,239 3305,239 2792,366
685 3305,239 3305,239 2792,366
686 3305,239 3305,239 2792,366
687 3305,239 3305,239 2792,366
688 3305,239 3305,239 2792,366
689 3305,239 3305,239 2792,366
690 3305,239 3305,239 2792,366
691 3305,239 3305,239 2792,366
692 3305,239 3305,239 2792,366
693 3305,239 3305,239 2792,366
694 3580,279 3305,239 2792,366
695 3305,239 3305,239 2792,366
696 3305,239 3305,239 2792,366
697 3305,239 3305,239 2792,366
698 3305,239 3305,239 2792,366
699 3305,239 3305,239 2792,366
700 3305,239 3305,239 2792,366
701 3305,239 3305,239 2792,366
702 3305,239 3305,239 2792,366
703 3305,239 3305,239 2792,366
704 3305,239 3305,239 2792,366
705 3305,239 3305,239 2792,366
706 3305,239 3305,239 2792,366
707 3305,239 3305,239 2792,366
708 3305,239 3305,239 2792,366
709 3305,239 3305,239 2792,366
710 3305,239 3305,239 2792,366
711 3305,239 3305,239 2792,366
712 3305,239 3305,239 2792,366
713 3305,239 3305,239 2792,366
714 3305,239 3305,239 2792,366
715 3305,239 3305,239 2792,366
716 3305,239 3305,239 2792,366
717 3305,239 3305,239 2792,366
718 3305,239 3305,239 2792,366
719 3305,239 3305,239 2792,366
720 3305,239 3305,239 2792,366
721 3305,239 3305,239 2792,366
722 3305,239 3305,239 2792,366
723 3305,239 3305,239 2792,366
724 3305,239 3305,239 2792,366
725 3305,239 3305,239 2792,366
726 3305,239 3305,239 2792,366
727 3305,239 3305,239 2792,366
728 3305,239 3305,239 2792,366
729 3305,239 3305,239 2792,366
730 3385,616 3305,239 2792,366
731 3305,239 3305,239 2792,366
732 3305,239 3305,239 2792,366
733 3305,239 3305,239 2792,366
734 3305,239 3305,239 2792,366
735 3305,239 3305,239 2792,366
736 3305,239 3305,239 2792,366
737 3305,239 3305,239 2792,366
738 3305,239 3305,239 2792,366
739 3305,239 3305,239 2792,366
740 3305,239 3305,239 2792,366
741 3305,239 3305,239 2792,366
742 3305,239 3305,239 2792,366
743 3305,239 3305,239 2792,366
744 3305,239 3305,239 2792,366
745 3636,855 3305,239 2792,366
746 3305,239 3305,239 2792,366
747 3305,239 3305,239 2792,366
748 3305,239 3305,239 2792,366
749 3305,239 3305,239 2792,366
750 3305,239 3305,239 2792,366
751 3305,239 3305,239 2792,366
752 3305,239 3305,239 2792,366
753 3305,239 3305,239 2792,366
754 3305,239 3305,239 2792,366
755 3305,239 3305,239 2792,366
756 3305,239 3305,239 2792,366
757 3305,239 3305,239 2792,366
758 3305,239 3305,239 2792,366
759 3305,239 3305,239 2792,366
760 3305,239 3305,239 2792,366
761 3305,239 3305,239 2792,366
762 3305,239 3305,239 2792,366
763 3305,239 3305,239 2792,366
764 3305,239 3305,239 2792,366
765 3305,239 3305,239 2792,366
766 3305,239 3305,239 2792,366
767 3305,239 3305,239 2792,366
768 3305,239 3305,239 2792,366
769 3305,239 3305,239 2792,366
770 3305,239 3305,239 2792,366
771 3305,239 3305,239 2792,366
772 3305,239 3305,239 2792,366
773 3305,239 3305,239 2792,366
774 3305,239 3305,239 2792,366
775 3305,239 3305,239 2792,366
776 4145,001 3305,239 2792,366
777 3305,239 3305,239 2792,366
778 3305,239 3305,239 2792,366
779 3305,239 3305,239 2792,366
780 3305,239 3305,239 2792,366
781 3305,239 3305,239 2792,366
782 3305,239 3305,239 2792,366
783 3305,239 3305,239 2792,366
784 3305,239 3305,239 2792,366
785 3305,239 3305,239 2792,366
786 3305,239 3305,239 2792,366
787 3305,239 3305,239 2792,366
788 3305,239 3305,239 2792,366
789 3305,239 3305,239 2792,366
790 3305,239 3305,239 2792,366
791 3305,239 3305,239 2792,366
792 4174,133 3305,239 2792,366
793 3305,239 3305,239 2792,366
794 3305,239 3305,239 2792,366
795 3305,239 3305,239 2792,366
796 3305,239 3305,239 2792,366
797 3305,239 3305,239 2792,366
798 3305,239 3305,239 2792,366
799 3305,239 3305,239 2792,366
800 3305,239 3305,239 2792,366
