nrOsobnika current best_current best_global
1 6012,047 5272,928 2925,740
2 6130,892 5272,928 2925,740
3 6314,008 5272,928 2925,740
4 6063,674 5272,928 2925,740
5 6066,126 5272,928 2925,740
6 7568,741 5272,928 2925,740
7 7005,430 5272,928 2925,740
8 5665,477 5272,928 2925,740
9 6563,218 5272,928 2925,740
10 6162,007 5272,928 2925,740
11 6610,954 5272,928 2925,740
12 6272,316 5272,928 2925,740
13 5945,058 5272,928 2925,740
14 5867,738 5272,928 2925,740
15 6324,997 5272,928 2925,740
16 6027,867 5272,928 2925,740
17 5664,753 5272,928 2925,740
18 7070,145 5272,928 2925,740
19 6005,207 5272,928 2925,740
20 5920,963 5272,928 2925,740
21 5272,928 5002,182 2925,740
22 5575,660 5002,182 2925,740
23 5664,753 5002,182 2925,740
24 5665,477 5002,182 2925,740
25 5686,644 5002,182 2925,740
26 5824,200 5002,182 2925,740
27 5867,738 5002,182 2925,740
28 5920,963 5002,182 2925,740
29 5945,058 5002,182 2925,740
30 6608,897 5002,182 2925,740
31 6005,207 5002,182 2925,740
32 6012,047 5002,182 2925,740
33 6027,867 5002,182 2925,740
34 6042,430 5002,182 2925,740
35 6318,218 5002,182 2925,740
36 6066,126 5002,182 2925,740
37 6112,439 5002,182 2925,740
38 6130,892 5002,182 2925,740
39 6162,007 5002,182 2925,740
40 6217,501 5002,182 2925,740
41 5002,182 4839,230 2925,740
42 5097,070 4839,230 2925,740
43 5272,928 4839,230 2925,740
44 5426,052 4839,230 2925,740
45 5538,816 4839,230 2925,740
46 5575,660 4839,230 2925,740
47 5641,015 4839,230 2925,740
48 5664,753 4839,230 2925,740
49 5665,477 4839,230 2925,740
50 5686,644 4839,230 2925,740
51 5728,007 4839,230 2925,740
52 5818,903 4839,230 2925,740
53 5824,200 4839,230 2925,740
54 5867,738 4839,230 2925,740
55 5920,963 4839,230 2925,740
56 5934,800 4839,230 2925,740
57 5945,058 4839,230 2925,740
58 5959,168 4839,230 2925,740
59 6005,207 4839,230 2925,740
60 6012,047 4839,230 2925,740
61 4839,230 4839,230 2925,740
62 4857,632 4839,230 2925,740
63 5002,182 4839,230 2925,740
64 5097,070 4839,230 2925,740
65 5272,928 4839,230 2925,740
66 5426,052 4839,230 2925,740
67 5538,816 4839,230 2925,740
68 5568,413 4839,230 2925,740
69 5575,660 4839,230 2925,740
70 5628,676 4839,230 2925,740
71 5641,015 4839,230 2925,740
72 5652,122 4839,230 2925,740
73 5664,753 4839,230 2925,740
74 5892,000 4839,230 2925,740
75 5686,644 4839,230 2925,740
76 5701,909 4839,230 2925,740
77 5728,007 4839,230 2925,740
78 5811,157 4839,230 2925,740
79 5818,053 4839,230 2925,740
80 5818,903 4839,230 2925,740
81 4839,230 4839,230 2925,740
82 4857,632 4839,230 2925,740
83 5002,182 4839,230 2925,740
84 5094,381 4839,230 2925,740
85 5097,070 4839,230 2925,740
86 5167,432 4839,230 2925,740
87 5272,928 4839,230 2925,740
88 5398,267 4839,230 2925,740
89 5426,052 4839,230 2925,740
90 5488,523 4839,230 2925,740
91 5538,816 4839,230 2925,740
92 5568,413 4839,230 2925,740
93 5575,660 4839,230 2925,740
94 5628,676 4839,230 2925,740
95 5641,015 4839,230 2925,740
96 5652,122 4839,230 2925,740
97 5658,100 4839,230 2925,740
98 5664,753 4839,230 2925,740
99 5678,221 4839,230 2925,740
100 5686,644 4839,230 2925,740
101 4839,230 4655,779 2925,740
102 4849,017 4655,779 2925,740
103 4857,632 4655,779 2925,740
104 4870,734 4655,779 2925,740
105 5002,182 4655,779 2925,740
106 5022,202 4655,779 2925,740
107 5094,381 4655,779 2925,740
108 5097,070 4655,779 2925,740
109 5099,240 4655,779 2925,740
110 5144,076 4655,779 2925,740
111 5146,872 4655,779 2925,740
112 5167,432 4655,779 2925,740
113 5177,437 4655,779 2925,740
114 5196,821 4655,779 2925,740
115 5272,928 4655,779 2925,740
116 5289,776 4655,779 2925,740
117 5324,054 4655,779 2925,740
118 5377,594 4655,779 2925,740
119 5400,835 4655,779 2925,740
120 5426,052 4655,779 2925,740
121 4655,779 4146,783 2925,740
122 4723,938 4146,783 2925,740
123 4812,838 4146,783 2925,740
124 4839,230 4146,783 2925,740
125 4849,017 4146,783 2925,740
126 4857,632 4146,783 2925,740
127 4869,414 4146,783 2925,740
128 4870,734 4146,783 2925,740
129 4895,306 4146,783 2925,740
130 4927,050 4146,783 2925,740
131 4982,060 4146,783 2925,740
132 5002,182 4146,783 2925,740
133 5022,202 4146,783 2925,740
134 5061,916 4146,783 2925,740
135 5082,453 4146,783 2925,740
136 5094,381 4146,783 2925,740
137 5097,070 4146,783 2925,740
138 5099,240 4146,783 2925,740
139 5109,462 4146,783 2925,740
140 5468,647 4146,783 2925,740
141 4146,783 4146,783 2925,740
142 4492,373 4146,783 2925,740
143 4655,779 4146,783 2925,740
144 4723,938 4146,783 2925,740
145 4812,838 4146,783 2925,740
146 4839,230 4146,783 2925,740
147 4849,017 4146,783 2925,740
148 4857,632 4146,783 2925,740
149 4942,401 4146,783 2925,740
150 4870,734 4146,783 2925,740
151 4895,306 4146,783 2925,740
152 4927,050 4146,783 2925,740
153 4937,431 4146,783 2925,740
154 4975,626 4146,783 2925,740
155 4982,060 4146,783 2925,740
156 5002,182 4146,783 2925,740
157 5022,202 4146,783 2925,740
158 5053,765 4146,783 2925,740
159 5060,656 4146,783 2925,740
160 5061,916 4146,783 2925,740
161 4146,783 4146,783 2925,740
162 4393,273 4146,783 2925,740
163 4492,373 4146,783 2925,740
164 4532,050 4146,783 2925,740
165 4655,779 4146,783 2925,740
166 4723,938 4146,783 2925,740
167 4781,665 4146,783 2925,740
168 4812,838 4146,783 2925,740
169 4839,230 4146,783 2925,740
170 4843,584 4146,783 2925,740
171 4849,017 4146,783 2925,740
172 4857,632 4146,783 2925,740
173 4870,734 4146,783 2925,740
174 4895,306 4146,783 2925,740
175 4906,872 4146,783 2925,740
176 4927,050 4146,783 2925,740
177 4937,431 4146,783 2925,740
178 4942,401 4146,783 2925,740
179 4975,626 4146,783 2925,740
180 4977,626 4146,783 2925,740
181 4146,783 4146,783 2925,740
182 4393,273 4146,783 2925,740
183 4393,594 4146,783 2925,740
184 4492,373 4146,783 2925,740
185 4532,050 4146,783 2925,740
186 4420,044 4146,783 2925,740
187 4655,779 4146,783 2925,740
188 4664,581 4146,783 2925,740
189 4701,425 4146,783 2925,740
190 4723,938 4146,783 2925,740
191 4726,370 4146,783 2925,740
192 4775,010 4146,783 2925,740
193 4781,665 4146,783 2925,740
194 4812,838 4146,783 2925,740
195 4839,230 4146,783 2925,740
196 4843,481 4146,783 2925,740
197 4843,584 4146,783 2925,740
198 4848,506 4146,783 2925,740
199 4849,017 4146,783 2925,740
200 4857,632 4146,783 2925,740
201 4146,783 3968,397 2925,740
202 4287,109 3968,397 2925,740
203 4301,348 3968,397 2925,740
204 4393,273 3968,397 2925,740
205 4393,594 3968,397 2925,740
206 4403,155 3968,397 2925,740
207 4420,044 3968,397 2925,740
208 4492,373 3968,397 2925,740
209 4532,050 3968,397 2925,740
210 4551,188 3968,397 2925,740
211 4630,157 3968,397 2925,740
212 4647,687 3968,397 2925,740
213 4655,779 3968,397 2925,740
214 4664,581 3968,397 2925,740
215 4676,698 3968,397 2925,740
216 4686,048 3968,397 2925,740
217 4701,425 3968,397 2925,740
218 4723,938 3968,397 2925,740
219 4726,370 3968,397 2925,740
220 4775,010 3968,397 2925,740
221 6308,087 4014,683 2925,740
222 4014,683 4014,683 2925,740
223 5050,849 4014,683 2925,740
224 4146,783 4014,683 2925,740
225 4183,575 4014,683 2925,740
226 4287,109 4014,683 2925,740
227 4301,348 4014,683 2925,740
228 4384,021 4014,683 2925,740
229 4393,273 4014,683 2925,740
230 4393,594 4014,683 2925,740
231 4403,155 4014,683 2925,740
232 4420,044 4014,683 2925,740
233 4492,373 4014,683 2925,740
234 4532,050 4014,683 2925,740
235 4551,188 4014,683 2925,740
236 4587,056 4014,683 2925,740
237 4627,633 4014,683 2925,740
238 4630,157 4014,683 2925,740
239 4646,245 4014,683 2925,740
240 4647,687 4014,683 2925,740
241 4014,683 3819,357 2925,740
242 4051,577 3819,357 2925,740
243 4146,783 3819,357 2925,740
244 4183,575 3819,357 2925,740
245 4227,831 3819,357 2925,740
246 4241,212 3819,357 2925,740
247 4248,884 3819,357 2925,740
248 4248,884 3819,357 2925,740
249 4265,087 3819,357 2925,740
250 4287,109 3819,357 2925,740
251 4301,348 3819,357 2925,740
252 4341,056 3819,357 2925,740
253 4384,021 3819,357 2925,740
254 4393,273 3819,357 2925,740
255 4393,594 3819,357 2925,740
256 4403,155 3819,357 2925,740
257 4420,044 3819,357 2925,740
258 4429,345 3819,357 2925,740
259 4492,373 3819,357 2925,740
260 4515,842 3819,357 2925,740
261 3819,357 3819,357 2925,740
262 4014,683 3819,357 2925,740
263 4042,017 3819,357 2925,740
264 4051,577 3819,357 2925,740
265 4093,546 3819,357 2925,740
266 4146,783 3819,357 2925,740
267 4183,575 3819,357 2925,740
268 4227,831 3819,357 2925,740
269 4241,212 3819,357 2925,740
270 4248,884 3819,357 2925,740
271 4248,884 3819,357 2925,740
272 4265,087 3819,357 2925,740
273 4274,968 3819,357 2925,740
274 4274,968 3819,357 2925,740
275 4287,109 3819,357 2925,740
276 4753,344 3819,357 2925,740
277 4341,056 3819,357 2925,740
278 4341,056 3819,357 2925,740
279 4351,468 3819,357 2925,740
280 4352,673 3819,357 2925,740
281 3819,357 3811,861 2925,740
282 3930,882 3811,861 2925,740
283 4014,683 3811,861 2925,740
284 4035,824 3811,861 2925,740
285 4042,017 3811,861 2925,740
286 4051,577 3811,861 2925,740
287 4060,063 3811,861 2925,740
288 4093,546 3811,861 2925,740
289 4146,783 3811,861 2925,740
290 4183,575 3811,861 2925,740
291 4198,299 3811,861 2925,740
292 5508,487 3811,861 2925,740
293 4232,744 3811,861 2925,740
294 4241,212 3811,861 2925,740
295 4241,388 3811,861 2925,740
296 4248,884 3811,861 2925,740
297 4248,884 3811,861 2925,740
298 4265,087 3811,861 2925,740
299 4274,968 3811,861 2925,740
300 4274,968 3811,861 2925,740
301 3811,861 3382,655 2925,740
302 3819,357 3382,655 2925,740
303 5185,503 3382,655 2925,740
304 3917,926 3382,655 2925,740
305 3930,882 3382,655 2925,740
306 4014,683 3382,655 2925,740
307 4035,824 3382,655 2925,740
308 4042,017 3382,655 2925,740
309 4051,577 3382,655 2925,740
310 4060,063 3382,655 2925,740
311 4084,897 3382,655 2925,740
312 4093,546 3382,655 2925,740
313 4146,783 3382,655 2925,740
314 4177,152 3382,655 2925,740
315 4183,575 3382,655 2925,740
316 4531,752 3382,655 2925,740
317 4202,900 3382,655 2925,740
318 4232,744 3382,655 2925,740
319 4232,744 3382,655 2925,740
320 4241,212 3382,655 2925,740
321 3382,655 3382,655 2925,740
322 5107,060 3382,655 2925,740
323 3772,340 3382,655 2925,740
324 3811,861 3382,655 2925,740
325 3819,357 3382,655 2925,740
326 3831,055 3382,655 2925,740
327 3917,926 3382,655 2925,740
328 3920,099 3382,655 2925,740
329 3930,882 3382,655 2925,740
330 3930,882 3382,655 2925,740
331 3968,397 3382,655 2925,740
332 4014,683 3382,655 2925,740
333 4035,824 3382,655 2925,740
334 4042,017 3382,655 2925,740
335 4051,577 3382,655 2925,740
336 4051,577 3382,655 2925,740
337 4060,063 3382,655 2925,740
338 4084,897 3382,655 2925,740
339 4093,546 3382,655 2925,740
340 4146,783 3382,655 2925,740
341 3382,655 3382,655 2925,740
342 3636,104 3382,655 2925,740
343 3721,032 3382,655 2925,740
344 3764,844 3382,655 2925,740
345 3772,340 3382,655 2925,740
346 3811,861 3382,655 2925,740
347 3819,357 3382,655 2925,740
348 3819,357 3382,655 2925,740
349 3831,055 3382,655 2925,740
350 3917,926 3382,655 2925,740
351 3920,099 3382,655 2925,740
352 5657,238 3382,655 2925,740
353 3930,882 3382,655 2925,740
354 3944,102 3382,655 2925,740
355 3968,397 3382,655 2925,740
356 4014,683 3382,655 2925,740
357 4035,824 3382,655 2925,740
358 4042,017 3382,655 2925,740
359 4045,617 3382,655 2925,740
360 4051,577 3382,655 2925,740
361 3382,655 3382,655 2925,740
362 3636,104 3382,655 2925,740
363 3698,738 3382,655 2925,740
364 3721,032 3382,655 2925,740
365 3764,844 3382,655 2925,740
366 3772,340 3382,655 2925,740
367 3811,861 3382,655 2925,740
368 3811,861 3382,655 2925,740
369 3819,357 3382,655 2925,740
370 3819,357 3382,655 2925,740
371 4699,535 3382,655 2925,740
372 3819,357 3382,655 2925,740
373 3819,357 3382,655 2925,740
374 3819,357 3382,655 2925,740
375 3831,055 3382,655 2925,740
376 3849,661 3382,655 2925,740
377 3869,457 3382,655 2925,740
378 3917,926 3382,655 2925,740
379 3920,099 3382,655 2925,740
380 3930,882 3382,655 2925,740
381 3382,655 3382,655 2925,740
382 3382,655 3382,655 2925,740
383 3548,571 3382,655 2925,740
384 3571,992 3382,655 2925,740
385 3571,992 3382,655 2925,740
386 3622,163 3382,655 2925,740
387 3622,163 3382,655 2925,740
388 3622,163 3382,655 2925,740
389 3629,213 3382,655 2925,740
390 3636,104 3382,655 2925,740
391 3636,104 3382,655 2925,740
392 3636,104 3382,655 2925,740
393 3655,875 3382,655 2925,740
394 3671,368 3382,655 2925,740
395 3698,738 3382,655 2925,740
396 3721,032 3382,655 2925,740
397 3721,032 3382,655 2925,740
398 3763,707 3382,655 2925,740
399 3764,844 3382,655 2925,740
400 3772,340 3382,655 2925,740
401 3382,655 3382,655 2925,740
402 3382,655 3382,655 2925,740
403 3382,655 3382,655 2925,740
404 3382,655 3382,655 2925,740
405 3382,655 3382,655 2925,740
406 3548,571 3382,655 2925,740
407 3564,496 3382,655 2925,740
408 3571,992 3382,655 2925,740
409 3571,992 3382,655 2925,740
410 3571,992 3382,655 2925,740
411 3571,992 3382,655 2925,740
412 3571,992 3382,655 2925,740
413 3571,992 3382,655 2925,740
414 3613,726 3382,655 2925,740
415 3622,163 3382,655 2925,740
416 3622,163 3382,655 2925,740
417 3622,163 3382,655 2925,740
418 3622,163 3382,655 2925,740
419 3622,163 3382,655 2925,740
420 3629,213 3382,655 2925,740
421 3382,655 3382,655 2925,740
422 3382,655 3382,655 2925,740
423 3382,655 3382,655 2925,740
424 3382,655 3382,655 2925,740
425 3382,655 3382,655 2925,740
426 3382,655 3382,655 2925,740
427 3382,655 3382,655 2925,740
428 3382,655 3382,655 2925,740
429 3548,571 3382,655 2925,740
430 3548,571 3382,655 2925,740
431 3564,496 3382,655 2925,740
432 3569,875 3382,655 2925,740
433 3571,992 3382,655 2925,740
434 3571,992 3382,655 2925,740
435 3571,992 3382,655 2925,740
436 3571,992 3382,655 2925,740
437 3571,992 3382,655 2925,740
438 3571,992 3382,655 2925,740
439 3571,992 3382,655 2925,740
440 3571,992 3382,655 2925,740
441 3382,655 3355,993 2925,740
442 3382,655 3355,993 2925,740
443 3382,655 3355,993 2925,740
444 3382,655 3355,993 2925,740
445 3382,655 3355,993 2925,740
446 3382,655 3355,993 2925,740
447 3382,655 3355,993 2925,740
448 3382,655 3355,993 2925,740
449 3382,655 3355,993 2925,740
450 3382,655 3355,993 2925,740
451 3382,655 3355,993 2925,740
452 3382,655 3355,993 2925,740
453 3382,655 3355,993 2925,740
454 3382,655 3355,993 2925,740
455 3382,655 3355,993 2925,740
456 3382,655 3355,993 2925,740
457 4754,050 3355,993 2925,740
458 3548,571 3355,993 2925,740
459 3564,496 3355,993 2925,740
460 3569,875 3355,993 2925,740
461 3355,993 3355,993 2925,740
462 3375,159 3355,993 2925,740
463 3382,655 3355,993 2925,740
464 3852,330 3355,993 2925,740
465 3382,655 3355,993 2925,740
466 3382,655 3355,993 2925,740
467 3382,655 3355,993 2925,740
468 3382,655 3355,993 2925,740
469 3382,655 3355,993 2925,740
470 3382,655 3355,993 2925,740
471 3382,655 3355,993 2925,740
472 3382,655 3355,993 2925,740
473 3382,655 3355,993 2925,740
474 3382,655 3355,993 2925,740
475 3382,655 3355,993 2925,740
476 3382,655 3355,993 2925,740
477 3382,655 3355,993 2925,740
478 3382,655 3355,993 2925,740
479 3382,655 3355,993 2925,740
480 3382,655 3355,993 2925,740
481 3355,993 3355,993 2925,740
482 3355,993 3355,993 2925,740
483 3375,159 3355,993 2925,740
484 3375,159 3355,993 2925,740
485 3375,159 3355,993 2925,740
486 3375,159 3355,993 2925,740
487 3382,655 3355,993 2925,740
488 3382,655 3355,993 2925,740
489 3382,655 3355,993 2925,740
490 3382,655 3355,993 2925,740
491 3382,655 3355,993 2925,740
492 3382,655 3355,993 2925,740
493 3382,655 3355,993 2925,740
494 3382,655 3355,993 2925,740
495 3382,655 3355,993 2925,740
496 3382,655 3355,993 2925,740
497 3382,655 3355,993 2925,740
498 3382,655 3355,993 2925,740
499 3382,655 3355,993 2925,740
500 3382,655 3355,993 2925,740
501 3355,993 3355,993 2925,740
502 3355,993 3355,993 2925,740
503 3375,159 3355,993 2925,740
504 3375,159 3355,993 2925,740
505 3375,159 3355,993 2925,740
506 3375,159 3355,993 2925,740
507 3375,159 3355,993 2925,740
508 3375,159 3355,993 2925,740
509 3375,159 3355,993 2925,740
510 3375,159 3355,993 2925,740
511 3382,655 3355,993 2925,740
512 3382,655 3355,993 2925,740
513 3382,655 3355,993 2925,740
514 3382,655 3355,993 2925,740
515 3382,655 3355,993 2925,740
516 3382,655 3355,993 2925,740
517 3382,655 3355,993 2925,740
518 3382,655 3355,993 2925,740
519 3382,655 3355,993 2925,740
520 3382,655 3355,993 2925,740
521 3355,993 3348,497 2925,740
522 3355,993 3348,497 2925,740
523 3355,993 3348,497 2925,740
524 3355,993 3348,497 2925,740
525 3355,993 3348,497 2925,740
526 3375,159 3348,497 2925,740
527 3375,159 3348,497 2925,740
528 3375,159 3348,497 2925,740
529 4389,092 3348,497 2925,740
530 3375,159 3348,497 2925,740
531 3375,159 3348,497 2925,740
532 3375,159 3348,497 2925,740
533 3375,159 3348,497 2925,740
534 3375,159 3348,497 2925,740
535 3375,159 3348,497 2925,740
536 3375,159 3348,497 2925,740
537 3375,159 3348,497 2925,740
538 3375,159 3348,497 2925,740
539 3375,159 3348,497 2925,740
540 3375,159 3348,497 2925,740
541 3348,497 3348,497 2925,740
542 3348,497 3348,497 2925,740
543 3355,993 3348,497 2925,740
544 3355,993 3348,497 2925,740
545 3355,993 3348,497 2925,740
546 3355,993 3348,497 2925,740
547 3355,993 3348,497 2925,740
548 3355,993 3348,497 2925,740
549 3355,993 3348,497 2925,740
550 3375,159 3348,497 2925,740
551 3375,159 3348,497 2925,740
552 3375,159 3348,497 2925,740
553 3375,159 3348,497 2925,740
554 3375,159 3348,497 2925,740
555 3375,159 3348,497 2925,740
556 3375,159 3348,497 2925,740
557 3375,159 3348,497 2925,740
558 3375,159 3348,497 2925,740
559 3375,159 3348,497 2925,740
560 3375,159 3348,497 2925,740
561 3348,497 3348,497 2925,740
562 3348,497 3348,497 2925,740
563 3348,497 3348,497 2925,740
564 3348,497 3348,497 2925,740
565 3348,497 3348,497 2925,740
566 3348,497 3348,497 2925,740
567 3348,497 3348,497 2925,740
568 3355,993 3348,497 2925,740
569 3355,993 3348,497 2925,740
570 3355,993 3348,497 2925,740
571 3355,993 3348,497 2925,740
572 3355,993 3348,497 2925,740
573 3355,993 3348,497 2925,740
574 3355,993 3348,497 2925,740
575 3355,993 3348,497 2925,740
576 3355,993 3348,497 2925,740
577 3355,993 3348,497 2925,740
578 3355,993 3348,497 2925,740
579 3375,159 3348,497 2925,740
580 3375,159 3348,497 2925,740
581 3348,497 3348,497 2925,740
582 3348,497 3348,497 2925,740
583 3348,497 3348,497 2925,740
584 3348,497 3348,497 2925,740
585 3348,497 3348,497 2925,740
586 3348,497 3348,497 2925,740
587 3348,497 3348,497 2925,740
588 3348,497 3348,497 2925,740
589 3348,497 3348,497 2925,740
590 3348,497 3348,497 2925,740
591 3348,497 3348,497 2925,740
592 3348,497 3348,497 2925,740
593 3348,497 3348,497 2925,740
594 3348,497 3348,497 2925,740
595 3348,497 3348,497 2925,740
596 3348,497 3348,497 2925,740
597 3348,497 3348,497 2925,740
598 3348,497 3348,497 2925,740
599 3348,497 3348,497 2925,740
600 3355,993 3348,497 2925,740
601 3348,497 3348,497 2925,740
602 3348,497 3348,497 2925,740
603 3348,497 3348,497 2925,740
604 3348,497 3348,497 2925,740
605 3348,497 3348,497 2925,740
606 3348,497 3348,497 2925,740
607 3348,497 3348,497 2925,740
608 3348,497 3348,497 2925,740
609 3348,497 3348,497 2925,740
610 3348,497 3348,497 2925,740
611 3348,497 3348,497 2925,740
612 3348,497 3348,497 2925,740
613 3348,497 3348,497 2925,740
614 3348,497 3348,497 2925,740
615 3348,497 3348,497 2925,740
616 3348,497 3348,497 2925,740
617 3348,497 3348,497 2925,740
618 3348,497 3348,497 2925,740
619 3348,497 3348,497 2925,740
620 3348,497 3348,497 2925,740
621 3348,497 3348,497 2925,740
622 3348,497 3348,497 2925,740
623 3348,497 3348,497 2925,740
624 3348,497 3348,497 2925,740
625 3348,497 3348,497 2925,740
626 3348,497 3348,497 2925,740
627 3348,497 3348,497 2925,740
628 3348,497 3348,497 2925,740
629 3348,497 3348,497 2925,740
630 3348,497 3348,497 2925,740
631 3348,497 3348,497 2925,740
632 3348,497 3348,497 2925,740
633 3348,497 3348,497 2925,740
634 3348,497 3348,497 2925,740
635 3348,497 3348,497 2925,740
636 3348,497 3348,497 2925,740
637 3348,497 3348,497 2925,740
638 3348,497 3348,497 2925,740
639 4400,310 3348,497 2925,740
640 3348,497 3348,497 2925,740
641 3348,497 3348,497 2925,740
642 3348,497 3348,497 2925,740
643 3348,497 3348,497 2925,740
644 3348,497 3348,497 2925,740
645 3348,497 3348,497 2925,740
646 3348,497 3348,497 2925,740
647 3348,497 3348,497 2925,740
648 3348,497 3348,497 2925,740
649 3348,497 3348,497 2925,740
650 3348,497 3348,497 2925,740
651 3348,497 3348,497 2925,740
652 3348,497 3348,497 2925,740
653 3348,497 3348,497 2925,740
654 3348,497 3348,497 2925,740
655 3348,497 3348,497 2925,740
656 3348,497 3348,497 2925,740
657 3348,497 3348,497 2925,740
658 3348,497 3348,497 2925,740
659 3348,497 3348,497 2925,740
660 3348,497 3348,497 2925,740
661 3348,497 3348,497 2925,740
662 3348,497 3348,497 2925,740
663 4433,957 3348,497 2925,740
664 3348,497 3348,497 2925,740
665 3348,497 3348,497 2925,740
666 3348,497 3348,497 2925,740
667 3348,497 3348,497 2925,740
668 3348,497 3348,497 2925,740
669 3348,497 3348,497 2925,740
670 3348,497 3348,497 2925,740
671 3348,497 3348,497 2925,740
672 3348,497 3348,497 2925,740
673 3348,497 3348,497 2925,740
674 3348,497 3348,497 2925,740
675 3348,497 3348,497 2925,740
676 3348,497 3348,497 2925,740
677 3348,497 3348,497 2925,740
678 3348,497 3348,497 2925,740
679 3348,497 3348,497 2925,740
680 3348,497 3348,497 2925,740
681 3348,497 3348,497 2925,740
682 3348,497 3348,497 2925,740
683 3348,497 3348,497 2925,740
684 3348,497 3348,497 2925,740
685 3348,497 3348,497 2925,740
686 3348,497 3348,497 2925,740
687 3348,497 3348,497 2925,740
688 3348,497 3348,497 2925,740
689 3348,497 3348,497 2925,740
690 3348,497 3348,497 2925,740
691 3348,497 3348,497 2925,740
692 3348,497 3348,497 2925,740
693 3348,497 3348,497 2925,740
694 3348,497 3348,497 2925,740
695 3348,497 3348,497 2925,740
696 3348,497 3348,497 2925,740
697 3348,497 3348,497 2925,740
698 3348,497 3348,497 2925,740
699 3348,497 3348,497 2925,740
700 3348,497 3348,497 2925,740
701 3348,497 3348,497 2925,740
702 3348,497 3348,497 2925,740
703 3348,497 3348,497 2925,740
704 3348,497 3348,497 2925,740
705 3348,497 3348,497 2925,740
706 3348,497 3348,497 2925,740
707 3348,497 3348,497 2925,740
708 3348,497 3348,497 2925,740
709 3348,497 3348,497 2925,740
710 3348,497 3348,497 2925,740
711 3348,497 3348,497 2925,740
712 3348,497 3348,497 2925,740
713 3348,497 3348,497 2925,740
714 3348,497 3348,497 2925,740
715 3348,497 3348,497 2925,740
716 3348,497 3348,497 2925,740
717 3348,497 3348,497 2925,740
718 3348,497 3348,497 2925,740
719 3348,497 3348,497 2925,740
720 3348,497 3348,497 2925,740
721 3348,497 3348,497 2925,740
722 3348,497 3348,497 2925,740
723 3348,497 3348,497 2925,740
724 3348,497 3348,497 2925,740
725 3348,497 3348,497 2925,740
726 3348,497 3348,497 2925,740
727 3348,497 3348,497 2925,740
728 3348,497 3348,497 2925,740
729 3348,497 3348,497 2925,740
730 3348,497 3348,497 2925,740
731 3348,497 3348,497 2925,740
732 3348,497 3348,497 2925,740
733 3348,497 3348,497 2925,740
734 3348,497 3348,497 2925,740
735 3348,497 3348,497 2925,740
736 3348,497 3348,497 2925,740
737 5837,081 3348,497 2925,740
738 3348,497 3348,497 2925,740
739 4826,434 3348,497 2925,740
740 3348,497 3348,497 2925,740
741 3348,497 3348,497 2925,740
742 3348,497 3348,497 2925,740
743 3348,497 3348,497 2925,740
744 3348,497 3348,497 2925,740
745 3348,497 3348,497 2925,740
746 3348,497 3348,497 2925,740
747 3348,497 3348,497 2925,740
748 3348,497 3348,497 2925,740
749 3348,497 3348,497 2925,740
750 3348,497 3348,497 2925,740
751 3348,497 3348,497 2925,740
752 3348,497 3348,497 2925,740
753 3348,497 3348,497 2925,740
754 3348,497 3348,497 2925,740
755 3348,497 3348,497 2925,740
756 3348,497 3348,497 2925,740
757 3348,497 3348,497 2925,740
758 3348,497 3348,497 2925,740
759 3348,497 3348,497 2925,740
760 3348,497 3348,497 2925,740
761 3348,497 3348,497 2925,740
762 3348,497 3348,497 2925,740
763 3348,497 3348,497 2925,740
764 3348,497 3348,497 2925,740
765 3348,497 3348,497 2925,740
766 3348,497 3348,497 2925,740
767 3348,497 3348,497 2925,740
768 3348,497 3348,497 2925,740
769 3348,497 3348,497 2925,740
770 4063,273 3348,497 2925,740
771 3348,497 3348,497 2925,740
772 3348,497 3348,497 2925,740
773 3348,497 3348,497 2925,740
774 3348,497 3348,497 2925,740
775 3348,497 3348,497 2925,740
776 3348,497 3348,497 2925,740
777 3348,497 3348,497 2925,740
778 3348,497 3348,497 2925,740
779 3348,497 3348,497 2925,740
780 3348,497 3348,497 2925,740
781 3348,497 3348,497 2925,740
782 3348,497 3348,497 2925,740
783 3348,497 3348,497 2925,740
784 5137,765 3348,497 2925,740
785 3348,497 3348,497 2925,740
786 3348,497 3348,497 2925,740
787 3348,497 3348,497 2925,740
788 3348,497 3348,497 2925,740
789 3348,497 3348,497 2925,740
790 3348,497 3348,497 2925,740
791 3348,497 3348,497 2925,740
792 3348,497 3348,497 2925,740
793 3348,497 3348,497 2925,740
794 3348,497 3348,497 2925,740
795 3348,497 3348,497 2925,740
796 3348,497 3348,497 2925,740
797 4571,125 3348,497 2925,740
798 3348,497 3348,497 2925,740
799 3348,497 3348,497 2925,740
800 4870,879 3348,497 2925,740
