nrOsobnika current best_current best_global
1 6884,788 5752,296 2951,769
2 6818,111 5752,296 2951,769
3 6242,619 5752,296 2951,769
4 6096,015 5752,296 2951,769
5 5986,778 5752,296 2951,769
6 6735,090 5752,296 2951,769
7 7172,630 5752,296 2951,769
8 6874,963 5752,296 2951,769
9 6510,672 5752,296 2951,769
10 6383,177 5752,296 2951,769
11 6986,285 5752,296 2951,769
12 5987,266 5752,296 2951,769
13 6829,513 5752,296 2951,769
14 6370,764 5752,296 2951,769
15 6112,365 5752,296 2951,769
16 5903,647 5752,296 2951,769
17 6731,282 5752,296 2951,769
18 6407,342 5752,296 2951,769
19 6029,303 5752,296 2951,769
20 6474,933 5752,296 2951,769
21 5752,296 5382,972 2951,769
22 5832,890 5382,972 2951,769
23 5842,030 5382,972 2951,769
24 5866,148 5382,972 2951,769
25 5903,647 5382,972 2951,769
26 5973,937 5382,972 2951,769
27 5986,778 5382,972 2951,769
28 5987,266 5382,972 2951,769
29 6029,303 5382,972 2951,769
30 6046,595 5382,972 2951,769
31 6096,015 5382,972 2951,769
32 6112,365 5382,972 2951,769
33 6166,477 5382,972 2951,769
34 6224,040 5382,972 2951,769
35 6242,619 5382,972 2951,769
36 6343,543 5382,972 2951,769
37 6472,330 5382,972 2951,769
38 6377,702 5382,972 2951,769
39 6383,177 5382,972 2951,769
40 6407,342 5382,972 2951,769
41 5382,972 4879,775 2951,769
42 5514,359 4879,775 2951,769
43 5653,004 4879,775 2951,769
44 5752,296 4879,775 2951,769
45 5763,132 4879,775 2951,769
46 5806,180 4879,775 2951,769
47 5825,646 4879,775 2951,769
48 5832,890 4879,775 2951,769
49 5842,030 4879,775 2951,769
50 5866,148 4879,775 2951,769
51 5903,647 4879,775 2951,769
52 5924,642 4879,775 2951,769
53 5935,319 4879,775 2951,769
54 5973,937 4879,775 2951,769
55 5984,304 4879,775 2951,769
56 5986,778 4879,775 2951,769
57 5987,266 4879,775 2951,769
58 6021,311 4879,775 2951,769
59 6024,539 4879,775 2951,769
60 6029,303 4879,775 2951,769
61 4879,775 4297,579 2951,769
62 5082,674 4297,579 2951,769
63 5225,829 4297,579 2951,769
64 5382,972 4297,579 2951,769
65 5514,359 4297,579 2951,769
66 5653,004 4297,579 2951,769
67 6465,843 4297,579 2951,769
68 5752,296 4297,579 2951,769
69 5763,132 4297,579 2951,769
70 5902,210 4297,579 2951,769
71 5806,180 4297,579 2951,769
72 5806,824 4297,579 2951,769
73 5813,155 4297,579 2951,769
74 5825,646 4297,579 2951,769
75 5832,890 4297,579 2951,769
76 5842,030 4297,579 2951,769
77 6167,920 4297,579 2951,769
78 5866,148 4297,579 2951,769
79 5892,115 4297,579 2951,769
80 5903,647 4297,579 2951,769
81 4297,579 4297,579 2951,769
82 4879,775 4297,579 2951,769
83 5082,674 4297,579 2951,769
84 5165,920 4297,579 2951,769
85 5225,829 4297,579 2951,769
86 5316,413 4297,579 2951,769
87 5321,040 4297,579 2951,769
88 5382,972 4297,579 2951,769
89 5419,765 4297,579 2951,769
90 5451,697 4297,579 2951,769
91 5472,372 4297,579 2951,769
92 5503,570 4297,579 2951,769
93 5420,968 4297,579 2951,769
94 5653,004 4297,579 2951,769
95 5752,296 4297,579 2951,769
96 5763,132 4297,579 2951,769
97 5763,132 4297,579 2951,769
98 5776,080 4297,579 2951,769
99 5798,247 4297,579 2951,769
100 5798,247 4297,579 2951,769
101 4297,579 4297,579 2951,769
102 4500,460 4297,579 2951,769
103 4582,541 4297,579 2951,769
104 4879,775 4297,579 2951,769
105 4924,403 4297,579 2951,769
106 4934,864 4297,579 2951,769
107 5082,674 4297,579 2951,769
108 5082,674 4297,579 2951,769
109 5090,906 4297,579 2951,769
110 5165,920 4297,579 2951,769
111 5170,671 4297,579 2951,769
112 5225,829 4297,579 2951,769
113 5316,413 4297,579 2951,769
114 5321,040 4297,579 2951,769
115 5328,430 4297,579 2951,769
116 5329,933 4297,579 2951,769
117 5374,671 4297,579 2951,769
118 5382,972 4297,579 2951,769
119 5389,888 4297,579 2951,769
120 5419,765 4297,579 2951,769
121 4297,579 4091,640 2951,769
122 4500,460 4091,640 2951,769
123 4582,541 4091,640 2951,769
124 4879,775 4091,640 2951,769
125 4915,857 4091,640 2951,769
126 4924,403 4091,640 2951,769
127 4934,864 4091,640 2951,769
128 4971,952 4091,640 2951,769
129 5082,674 4091,640 2951,769
130 5082,674 4091,640 2951,769
131 5090,906 4091,640 2951,769
132 5165,920 4091,640 2951,769
133 5170,671 4091,640 2951,769
134 5225,829 4091,640 2951,769
135 5226,673 4091,640 2951,769
136 5268,350 4091,640 2951,769
137 5316,413 4091,640 2951,769
138 5321,040 4091,640 2951,769
139 5321,256 4091,640 2951,769
140 5328,430 4091,640 2951,769
141 4091,640 4091,640 2951,769
142 4253,093 4091,640 2951,769
143 4297,579 4091,640 2951,769
144 4927,217 4091,640 2951,769
145 4582,541 4091,640 2951,769
146 4582,541 4091,640 2951,769
147 4583,393 4091,640 2951,769
148 4599,388 4091,640 2951,769
149 4707,592 4091,640 2951,769
150 4801,874 4091,640 2951,769
151 4879,775 4091,640 2951,769
152 4891,381 4091,640 2951,769
153 4915,857 4091,640 2951,769
154 4924,403 4091,640 2951,769
155 4934,864 4091,640 2951,769
156 4934,864 4091,640 2951,769
157 4938,738 4091,640 2951,769
158 4971,952 4091,640 2951,769
159 4972,167 4091,640 2951,769
160 5082,674 4091,640 2951,769
161 4091,640 4091,640 2951,769
162 4253,093 4091,640 2951,769
163 4297,579 4091,640 2951,769
164 4582,541 4091,640 2951,769
165 4582,541 4091,640 2951,769
166 4813,829 4091,640 2951,769
167 4599,388 4091,640 2951,769
168 4607,508 4091,640 2951,769
169 4703,026 4091,640 2951,769
170 4707,592 4091,640 2951,769
171 4801,874 4091,640 2951,769
172 4835,520 4091,640 2951,769
173 4841,419 4091,640 2951,769
174 4866,753 4091,640 2951,769
175 4879,775 4091,640 2951,769
176 4891,381 4091,640 2951,769
177 4915,857 4091,640 2951,769
178 4922,766 4091,640 2951,769
179 4924,403 4091,640 2951,769
180 4927,217 4091,640 2951,769
181 4091,640 4091,640 2951,769
182 4253,093 4091,640 2951,769
183 4297,579 4091,640 2951,769
184 4384,985 4091,640 2951,769
185 5084,245 4091,640 2951,769
186 4582,541 4091,640 2951,769
187 4599,388 4091,640 2951,769
188 4607,508 4091,640 2951,769
189 4703,026 4091,640 2951,769
190 4707,592 4091,640 2951,769
191 4746,749 4091,640 2951,769
192 4801,874 4091,640 2951,769
193 4813,829 4091,640 2951,769
194 4824,918 4091,640 2951,769
195 4835,520 4091,640 2951,769
196 4841,419 4091,640 2951,769
197 4853,622 4091,640 2951,769
198 4866,753 4091,640 2951,769
199 4879,775 4091,640 2951,769
200 4891,381 4091,640 2951,769
201 4091,640 4091,640 2951,769
202 4253,093 4091,640 2951,769
203 4297,579 4091,640 2951,769
204 4297,579 4091,640 2951,769
205 4384,985 4091,640 2951,769
206 4484,005 4091,640 2951,769
207 4582,541 4091,640 2951,769
208 4599,388 4091,640 2951,769
209 4607,508 4091,640 2951,769
210 4665,587 4091,640 2951,769
211 4703,026 4091,640 2951,769
212 4703,026 4091,640 2951,769
213 4707,592 4091,640 2951,769
214 4746,749 4091,640 2951,769
215 4753,949 4091,640 2951,769
216 4791,000 4091,640 2951,769
217 4801,874 4091,640 2951,769
218 4813,829 4091,640 2951,769
219 4824,918 4091,640 2951,769
220 4835,520 4091,640 2951,769
221 4091,640 3822,277 2951,769
222 4253,093 3822,277 2951,769
223 4266,297 3822,277 2951,769
224 4297,579 3822,277 2951,769
225 4297,579 3822,277 2951,769
226 4384,985 3822,277 2951,769
227 4484,005 3822,277 2951,769
228 4582,541 3822,277 2951,769
229 4582,541 3822,277 2951,769
230 4599,388 3822,277 2951,769
231 4607,508 3822,277 2951,769
232 5868,722 3822,277 2951,769
233 4703,026 3822,277 2951,769
234 4703,026 3822,277 2951,769
235 4707,592 3822,277 2951,769
236 4728,341 3822,277 2951,769
237 4746,749 3822,277 2951,769
238 4753,949 3822,277 2951,769
239 4759,023 3822,277 2951,769
240 4759,148 3822,277 2951,769
241 3822,277 3757,527 2951,769
242 3874,358 3757,527 2951,769
243 4038,217 3757,527 2951,769
244 4091,640 3757,527 2951,769
245 4253,093 3757,527 2951,769
246 4266,297 3757,527 2951,769
247 4297,579 3757,527 2951,769
248 4703,724 3757,527 2951,769
249 4334,687 3757,527 2951,769
250 4384,985 3757,527 2951,769
251 4412,678 3757,527 2951,769
252 4484,005 3757,527 2951,769
253 4559,569 3757,527 2951,769
254 4582,541 3757,527 2951,769
255 4582,541 3757,527 2951,769
256 4582,541 3757,527 2951,769
257 4599,388 3757,527 2951,769
258 4607,508 3757,527 2951,769
259 4621,338 3757,527 2951,769
260 4703,026 3757,527 2951,769
261 3757,527 3703,525 2951,769
262 3822,277 3703,525 2951,769
263 3874,358 3703,525 2951,769
264 4038,217 3703,525 2951,769
265 4574,049 3703,525 2951,769
266 4253,093 3703,525 2951,769
267 4266,297 3703,525 2951,769
268 4297,579 3703,525 2951,769
269 4334,687 3703,525 2951,769
270 4384,985 3703,525 2951,769
271 4450,361 3703,525 2951,769
272 4412,678 3703,525 2951,769
273 4484,005 3703,525 2951,769
274 4508,918 3703,525 2951,769
275 4522,037 3703,525 2951,769
276 4559,569 3703,525 2951,769
277 4569,576 3703,525 2951,769
278 4582,541 3703,525 2951,769
279 4582,541 3703,525 2951,769
280 4582,541 3703,525 2951,769
281 4519,331 3690,295 2951,769
282 3757,527 3690,295 2951,769
283 3822,277 3690,295 2951,769
284 3874,358 3690,295 2951,769
285 4010,595 3690,295 2951,769
286 4038,217 3690,295 2951,769
287 4199,827 3690,295 2951,769
288 4219,758 3690,295 2951,769
289 4253,093 3690,295 2951,769
290 4266,297 3690,295 2951,769
291 4297,579 3690,295 2951,769
292 4334,687 3690,295 2951,769
293 4384,985 3690,295 2951,769
294 4412,678 3690,295 2951,769
295 4450,361 3690,295 2951,769
296 4479,964 3690,295 2951,769
297 4484,005 3690,295 2951,769
298 4508,918 3690,295 2951,769
299 4522,037 3690,295 2951,769
300 4559,569 3690,295 2951,769
301 3690,295 3304,498 2951,769
302 3709,434 3304,498 2951,769
303 3757,527 3304,498 2951,769
304 3770,333 3304,498 2951,769
305 3822,277 3304,498 2951,769
306 3838,551 3304,498 2951,769
307 3861,484 3304,498 2951,769
308 3874,358 3304,498 2951,769
309 4010,595 3304,498 2951,769
310 4038,217 3304,498 2951,769
311 4199,827 3304,498 2951,769
312 4202,211 3304,498 2951,769
313 4217,161 3304,498 2951,769
314 4219,758 3304,498 2951,769
315 4253,093 3304,498 2951,769
316 4266,297 3304,498 2951,769
317 4297,579 3304,498 2951,769
318 4334,687 3304,498 2951,769
319 4359,574 3304,498 2951,769
320 4384,985 3304,498 2951,769
321 3304,498 3304,498 2951,769
322 3644,647 3304,498 2951,769
323 5300,599 3304,498 2951,769
324 3709,434 3304,498 2951,769
325 3757,527 3304,498 2951,769
326 4937,000 3304,498 2951,769
327 3786,007 3304,498 2951,769
328 3822,277 3304,498 2951,769
329 4468,763 3304,498 2951,769
330 3861,484 3304,498 2951,769
331 3874,358 3304,498 2951,769
332 4010,595 3304,498 2951,769
333 4038,217 3304,498 2951,769
334 4118,993 3304,498 2951,769
335 4155,776 3304,498 2951,769
336 4199,827 3304,498 2951,769
337 4202,211 3304,498 2951,769
338 4206,436 3304,498 2951,769
339 4217,161 3304,498 2951,769
340 4219,758 3304,498 2951,769
341 3304,498 3304,498 2951,769
342 3616,508 3304,498 2951,769
343 3644,647 3304,498 2951,769
344 3690,295 3304,498 2951,769
345 3709,434 3304,498 2951,769
346 3757,527 3304,498 2951,769
347 3757,527 3304,498 2951,769
348 3786,007 3304,498 2951,769
349 3813,468 3304,498 2951,769
350 3813,468 3304,498 2951,769
351 3822,277 3304,498 2951,769
352 3861,484 3304,498 2951,769
353 3874,358 3304,498 2951,769
354 3982,701 3304,498 2951,769
355 4010,595 3304,498 2951,769
356 4010,595 3304,498 2951,769
357 4031,296 3304,498 2951,769
358 4038,217 3304,498 2951,769
359 4097,200 3304,498 2951,769
360 4118,993 3304,498 2951,769
361 3304,498 3304,498 2951,769
362 3616,508 3304,498 2951,769
363 3644,647 3304,498 2951,769
364 3690,295 3304,498 2951,769
365 5402,595 3304,498 2951,769
366 3709,434 3304,498 2951,769
367 3709,434 3304,498 2951,769
368 3709,434 3304,498 2951,769
369 3709,434 3304,498 2951,769
370 3757,527 3304,498 2951,769
371 3757,527 3304,498 2951,769
372 3768,606 3304,498 2951,769
373 3786,007 3304,498 2951,769
374 3813,468 3304,498 2951,769
375 3813,468 3304,498 2951,769
376 3822,277 3304,498 2951,769
377 3828,237 3304,498 2951,769
378 3858,187 3304,498 2951,769
379 3861,484 3304,498 2951,769
380 3874,358 3304,498 2951,769
381 3304,498 3304,498 2951,769
382 3543,418 3304,498 2951,769
383 4454,083 3304,498 2951,769
384 3644,647 3304,498 2951,769
385 3644,647 3304,498 2951,769
386 3690,295 3304,498 2951,769
387 3709,434 3304,498 2951,769
388 3709,434 3304,498 2951,769
389 3709,434 3304,498 2951,769
390 3709,434 3304,498 2951,769
391 4159,159 3304,498 2951,769
392 3709,434 3304,498 2951,769
393 3709,434 3304,498 2951,769
394 3709,434 3304,498 2951,769
395 3757,527 3304,498 2951,769
396 3757,527 3304,498 2951,769
397 3768,606 3304,498 2951,769
398 3768,606 3304,498 2951,769
399 3786,007 3304,498 2951,769
400 3813,468 3304,498 2951,769
401 3304,498 3304,498 2951,769
402 3470,887 3304,498 2951,769
403 3543,418 3304,498 2951,769
404 3616,508 3304,498 2951,769
405 3644,647 3304,498 2951,769
406 3644,647 3304,498 2951,769
407 3644,647 3304,498 2951,769
408 3644,647 3304,498 2951,769
409 3644,647 3304,498 2951,769
410 3644,647 3304,498 2951,769
411 3654,018 3304,498 2951,769
412 3690,295 3304,498 2951,769
413 3690,295 3304,498 2951,769
414 3690,377 3304,498 2951,769
415 3709,434 3304,498 2951,769
416 3709,434 3304,498 2951,769
417 3709,434 3304,498 2951,769
418 3709,434 3304,498 2951,769
419 3709,434 3304,498 2951,769
420 3709,434 3304,498 2951,769
421 3304,498 3304,498 2951,769
422 3368,002 3304,498 2951,769
423 3470,887 3304,498 2951,769
424 4112,999 3304,498 2951,769
425 3470,887 3304,498 2951,769
426 3539,100 3304,498 2951,769
427 3543,418 3304,498 2951,769
428 3616,508 3304,498 2951,769
429 3644,647 3304,498 2951,769
430 3644,647 3304,498 2951,769
431 3644,647 3304,498 2951,769
432 3644,647 3304,498 2951,769
433 3644,647 3304,498 2951,769
434 3644,647 3304,498 2951,769
435 3644,647 3304,498 2951,769
436 3644,647 3304,498 2951,769
437 3644,647 3304,498 2951,769
438 3644,647 3304,498 2951,769
439 3654,018 3304,498 2951,769
440 3654,018 3304,498 2951,769
441 3304,498 3304,498 2951,769
442 3368,002 3304,498 2951,769
443 3470,887 3304,498 2951,769
444 3470,887 3304,498 2951,769
445 3470,887 3304,498 2951,769
446 3470,887 3304,498 2951,769
447 3539,100 3304,498 2951,769
448 3539,100 3304,498 2951,769
449 3543,418 3304,498 2951,769
450 3616,508 3304,498 2951,769
451 3622,193 3304,498 2951,769
452 5374,356 3304,498 2951,769
453 3644,647 3304,498 2951,769
454 3644,647 3304,498 2951,769
455 3644,647 3304,498 2951,769
456 3644,647 3304,498 2951,769
457 3644,647 3304,498 2951,769
458 3644,647 3304,498 2951,769
459 3644,647 3304,498 2951,769
460 5730,112 3304,498 2951,769
461 3304,498 3304,498 2951,769
462 3368,002 3304,498 2951,769
463 3368,002 3304,498 2951,769
464 3470,887 3304,498 2951,769
465 3470,887 3304,498 2951,769
466 3470,887 3304,498 2951,769
467 3470,887 3304,498 2951,769
468 3470,887 3304,498 2951,769
469 3470,887 3304,498 2951,769
470 3470,887 3304,498 2951,769
471 3470,887 3304,498 2951,769
472 3539,100 3304,498 2951,769
473 3539,100 3304,498 2951,769
474 3539,100 3304,498 2951,769
475 3543,418 3304,498 2951,769
476 3616,508 3304,498 2951,769
477 3622,193 3304,498 2951,769
478 5096,383 3304,498 2951,769
479 3622,193 3304,498 2951,769
480 3622,311 3304,498 2951,769
481 3304,498 3257,982 2951,769
482 3330,369 3257,982 2951,769
483 3330,369 3257,982 2951,769
484 3368,002 3257,982 2951,769
485 3368,002 3257,982 2951,769
486 3368,002 3257,982 2951,769
487 3455,461 3257,982 2951,769
488 3455,461 3257,982 2951,769
489 3470,887 3257,982 2951,769
490 3470,887 3257,982 2951,769
491 3470,887 3257,982 2951,769
492 3470,887 3257,982 2951,769
493 3470,887 3257,982 2951,769
494 3470,887 3257,982 2951,769
495 3470,887 3257,982 2951,769
496 3470,887 3257,982 2951,769
497 3470,887 3257,982 2951,769
498 3470,887 3257,982 2951,769
499 3470,887 3257,982 2951,769
500 3470,887 3257,982 2951,769
501 3257,982 3257,982 2951,769
502 3304,498 3257,982 2951,769
503 3330,369 3257,982 2951,769
504 3330,369 3257,982 2951,769
505 3330,369 3257,982 2951,769
506 3330,369 3257,982 2951,769
507 3353,703 3257,982 2951,769
508 3330,369 3257,982 2951,769
509 3331,704 3257,982 2951,769
510 3368,002 3257,982 2951,769
511 3368,002 3257,982 2951,769
512 3368,002 3257,982 2951,769
513 3368,002 3257,982 2951,769
514 3368,002 3257,982 2951,769
515 3368,002 3257,982 2951,769
516 3368,002 3257,982 2951,769
517 3368,002 3257,982 2951,769
518 3368,002 3257,982 2951,769
519 3368,002 3257,982 2951,769
520 3368,002 3257,982 2951,769
521 3257,982 3257,982 2951,769
522 3257,982 3257,982 2951,769
523 3304,498 3257,982 2951,769
524 3304,498 3257,982 2951,769
525 3847,295 3257,982 2951,769
526 3330,369 3257,982 2951,769
527 3330,369 3257,982 2951,769
528 3330,369 3257,982 2951,769
529 3330,369 3257,982 2951,769
530 3330,369 3257,982 2951,769
531 3330,369 3257,982 2951,769
532 3845,288 3257,982 2951,769
533 3330,369 3257,982 2951,769
534 3330,369 3257,982 2951,769
535 3330,369 3257,982 2951,769
536 3330,369 3257,982 2951,769
537 3330,369 3257,982 2951,769
538 3330,369 3257,982 2951,769
539 3330,369 3257,982 2951,769
540 3331,704 3257,982 2951,769
541 3257,982 3257,982 2951,769
542 3257,982 3257,982 2951,769
543 3257,982 3257,982 2951,769
544 3304,498 3257,982 2951,769
545 3304,498 3257,982 2951,769
546 3304,498 3257,982 2951,769
547 3330,369 3257,982 2951,769
548 3330,369 3257,982 2951,769
549 3330,369 3257,982 2951,769
550 3330,369 3257,982 2951,769
551 3330,369 3257,982 2951,769
552 3330,369 3257,982 2951,769
553 3330,369 3257,982 2951,769
554 3330,369 3257,982 2951,769
555 3330,369 3257,982 2951,769
556 3330,369 3257,982 2951,769
557 3330,369 3257,982 2951,769
558 3330,369 3257,982 2951,769
559 3330,369 3257,982 2951,769
560 3330,369 3257,982 2951,769
561 3257,982 3257,982 2951,769
562 3257,982 3257,982 2951,769
563 3257,982 3257,982 2951,769
564 3257,982 3257,982 2951,769
565 3257,982 3257,982 2951,769
566 3304,498 3257,982 2951,769
567 3304,498 3257,982 2951,769
568 3304,498 3257,982 2951,769
569 3304,498 3257,982 2951,769
570 3304,498 3257,982 2951,769
571 3316,278 3257,982 2951,769
572 3330,369 3257,982 2951,769
573 3330,369 3257,982 2951,769
574 3330,369 3257,982 2951,769
575 3330,369 3257,982 2951,769
576 3330,369 3257,982 2951,769
577 3330,369 3257,982 2951,769
578 3330,369 3257,982 2951,769
579 3330,369 3257,982 2951,769
580 3330,369 3257,982 2951,769
581 3257,982 3257,982 2951,769
582 3257,982 3257,982 2951,769
583 3257,982 3257,982 2951,769
584 3257,982 3257,982 2951,769
585 3257,982 3257,982 2951,769
586 3257,982 3257,982 2951,769
587 3257,982 3257,982 2951,769
588 3257,982 3257,982 2951,769
589 3257,982 3257,982 2951,769
590 3304,498 3257,982 2951,769
591 3304,498 3257,982 2951,769
592 3304,498 3257,982 2951,769
593 3304,498 3257,982 2951,769
594 3304,498 3257,982 2951,769
595 3304,498 3257,982 2951,769
596 3304,498 3257,982 2951,769
597 3304,498 3257,982 2951,769
598 3304,498 3257,982 2951,769
599 3304,498 3257,982 2951,769
600 3304,498 3257,982 2951,769
601 3257,982 3257,982 2951,769
602 3257,982 3257,982 2951,769
603 3257,982 3257,982 2951,769
604 3257,982 3257,982 2951,769
605 3257,982 3257,982 2951,769
606 3257,982 3257,982 2951,769
607 3257,982 3257,982 2951,769
608 3257,982 3257,982 2951,769
609 3257,982 3257,982 2951,769
610 4089,211 3257,982 2951,769
611 3257,982 3257,982 2951,769
612 3257,982 3257,982 2951,769
613 3257,982 3257,982 2951,769
614 3257,982 3257,982 2951,769
615 3257,982 3257,982 2951,769
616 3257,982 3257,982 2951,769
617 3257,982 3257,982 2951,769
618 3257,982 3257,982 2951,769
619 3257,982 3257,982 2951,769
620 3304,498 3257,982 2951,769
621 3257,982 3257,982 2951,769
622 3257,982 3257,982 2951,769
623 3257,982 3257,982 2951,769
624 3257,982 3257,982 2951,769
625 3257,982 3257,982 2951,769
626 3257,982 3257,982 2951,769
627 3257,982 3257,982 2951,769
628 3257,982 3257,982 2951,769
629 3257,982 3257,982 2951,769
630 4611,182 3257,982 2951,769
631 3257,982 3257,982 2951,769
632 3257,982 3257,982 2951,769
633 3257,982 3257,982 2951,769
634 3394,334 3257,982 2951,769
635 3257,982 3257,982 2951,769
636 3257,982 3257,982 2951,769
637 3257,982 3257,982 2951,769
638 3257,982 3257,982 2951,769
639 3257,982 3257,982 2951,769
640 3257,982 3257,982 2951,769
641 3257,982 3257,982 2951,769
642 3257,982 3257,982 2951,769
643 3257,982 3257,982 2951,769
644 3257,982 3257,982 2951,769
645 3257,982 3257,982 2951,769
646 3257,982 3257,982 2951,769
647 3257,982 3257,982 2951,769
648 3257,982 3257,982 2951,769
649 3257,982 3257,982 2951,769
650 3257,982 3257,982 2951,769
651 3257,982 3257,982 2951,769
652 3257,982 3257,982 2951,769
653 3257,982 3257,982 2951,769
654 3257,982 3257,982 2951,769
655 3257,982 3257,982 2951,769
656 3257,982 3257,982 2951,769
657 3257,982 3257,982 2951,769
658 3257,982 3257,982 2951,769
659 3257,982 3257,982 2951,769
660 3257,982 3257,982 2951,769
661 3257,982 3257,982 2951,769
662 3257,982 3257,982 2951,769
663 3257,982 3257,982 2951,769
664 3257,982 3257,982 2951,769
665 3257,982 3257,982 2951,769
666 3257,982 3257,982 2951,769
667 3257,982 3257,982 2951,769
668 3257,982 3257,982 2951,769
669 3257,982 3257,982 2951,769
670 3257,982 3257,982 2951,769
671 3257,982 3257,982 2951,769
672 3257,982 3257,982 2951,769
673 3257,982 3257,982 2951,769
674 3257,982 3257,982 2951,769
675 3257,982 3257,982 2951,769
676 3257,982 3257,982 2951,769
677 3943,111 3257,982 2951,769
678 3257,982 3257,982 2951,769
679 4603,505 3257,982 2951,769
680 3257,982 3257,982 2951,769
681 3257,982 3257,982 2951,769
682 3257,982 3257,982 2951,769
683 3257,982 3257,982 2951,769
684 3257,982 3257,982 2951,769
685 3257,982 3257,982 2951,769
686 3257,982 3257,982 2951,769
687 3257,982 3257,982 2951,769
688 3257,982 3257,982 2951,769
689 3257,982 3257,982 2951,769
690 3257,982 3257,982 2951,769
691 3257,982 3257,982 2951,769
692 3257,982 3257,982 2951,769
693 3257,982 3257,982 2951,769
694 3257,982 3257,982 2951,769
695 3257,982 3257,982 2951,769
696 3257,982 3257,982 2951,769
697 3257,982 3257,982 2951,769
698 3257,982 3257,982 2951,769
699 3257,982 3257,982 2951,769
700 3257,982 3257,982 2951,769
701 3257,982 3257,982 2951,769
702 3257,982 3257,982 2951,769
703 3257,982 3257,982 2951,769
704 3257,982 3257,982 2951,769
705 3257,982 3257,982 2951,769
706 3257,982 3257,982 2951,769
707 3257,982 3257,982 2951,769
708 3257,982 3257,982 2951,769
709 3257,982 3257,982 2951,769
710 3257,982 3257,982 2951,769
711 3257,982 3257,982 2951,769
712 3257,982 3257,982 2951,769
713 3257,982 3257,982 2951,769
714 3257,982 3257,982 2951,769
715 3257,982 3257,982 2951,769
716 3257,982 3257,982 2951,769
717 3257,982 3257,982 2951,769
718 3257,982 3257,982 2951,769
719 3257,982 3257,982 2951,769
720 3257,982 3257,982 2951,769
721 3257,982 3257,982 2951,769
722 3257,982 3257,982 2951,769
723 3257,982 3257,982 2951,769
724 4329,139 3257,982 2951,769
725 3257,982 3257,982 2951,769
726 3257,982 3257,982 2951,769
727 3257,982 3257,982 2951,769
728 3257,982 3257,982 2951,769
729 3257,982 3257,982 2951,769
730 3257,982 3257,982 2951,769
731 3257,982 3257,982 2951,769
732 3257,982 3257,982 2951,769
733 3257,982 3257,982 2951,769
734 4332,073 3257,982 2951,769
735 3257,982 3257,982 2951,769
736 3257,982 3257,982 2951,769
737 3257,982 3257,982 2951,769
738 3257,982 3257,982 2951,769
739 3257,982 3257,982 2951,769
740 3257,982 3257,982 2951,769
741 3257,982 3257,982 2951,769
742 3257,982 3257,982 2951,769
743 3257,982 3257,982 2951,769
744 3257,982 3257,982 2951,769
745 3257,982 3257,982 2951,769
746 3257,982 3257,982 2951,769
747 3257,982 3257,982 2951,769
748 3257,982 3257,982 2951,769
749 3257,982 3257,982 2951,769
750 3257,982 3257,982 2951,769
751 3257,982 3257,982 2951,769
752 3257,982 3257,982 2951,769
753 3257,982 3257,982 2951,769
754 3257,982 3257,982 2951,769
755 3257,982 3257,982 2951,769
756 3257,982 3257,982 2951,769
757 3257,982 3257,982 2951,769
758 3840,262 3257,982 2951,769
759 3257,982 3257,982 2951,769
760 3257,982 3257,982 2951,769
761 3257,982 3255,466 2951,769
762 3257,982 3255,466 2951,769
763 3257,982 3255,466 2951,769
764 3257,982 3255,466 2951,769
765 3257,982 3255,466 2951,769
766 3257,982 3255,466 2951,769
767 3257,982 3255,466 2951,769
768 3257,982 3255,466 2951,769
769 3257,982 3255,466 2951,769
770 3257,982 3255,466 2951,769
771 3257,982 3255,466 2951,769
772 3257,982 3255,466 2951,769
773 3257,982 3255,466 2951,769
774 3255,466 3255,466 2951,769
775 3257,982 3255,466 2951,769
776 3257,982 3255,466 2951,769
777 3257,982 3255,466 2951,769
778 3257,982 3255,466 2951,769
779 3257,982 3255,466 2951,769
780 3257,982 3255,466 2951,769
781 3255,466 3255,466 2951,769
782 3257,982 3255,466 2951,769
783 3257,982 3255,466 2951,769
784 3257,982 3255,466 2951,769
785 3257,982 3255,466 2951,769
786 3257,982 3255,466 2951,769
787 3257,982 3255,466 2951,769
788 3257,982 3255,466 2951,769
789 3257,982 3255,466 2951,769
790 3257,982 3255,466 2951,769
791 3257,982 3255,466 2951,769
792 3257,982 3255,466 2951,769
793 3257,982 3255,466 2951,769
794 3257,982 3255,466 2951,769
795 3257,982 3255,466 2951,769
796 3257,982 3255,466 2951,769
797 3257,982 3255,466 2951,769
798 3257,982 3255,466 2951,769
799 3257,982 3255,466 2951,769
800 3257,982 3255,466 2951,769
