nrOsobnika current best_current best_global
1 6437,411 4938,057 2925,740
2 6410,518 4938,057 2925,740
3 6384,132 4938,057 2925,740
4 7263,835 4938,057 2925,740
5 6464,322 4938,057 2925,740
6 6191,142 4938,057 2925,740
7 5417,790 4938,057 2925,740
8 6607,085 4938,057 2925,740
9 4938,057 4938,057 2925,740
10 6128,875 4938,057 2925,740
11 5559,178 4938,057 2925,740
12 5885,446 4938,057 2925,740
13 7185,036 4938,057 2925,740
14 6581,778 4938,057 2925,740
15 7278,859 4938,057 2925,740
16 6980,743 4938,057 2925,740
17 5999,215 4938,057 2925,740
18 6599,844 4938,057 2925,740
19 5725,422 4938,057 2925,740
20 6184,073 4938,057 2925,740
21 4938,057 4938,057 2925,740
22 5417,790 4938,057 2925,740
23 5423,387 4938,057 2925,740
24 5559,178 4938,057 2925,740
25 5627,871 4938,057 2925,740
26 5725,422 4938,057 2925,740
27 5794,003 4938,057 2925,740
28 5881,106 4938,057 2925,740
29 5885,446 4938,057 2925,740
30 5954,143 4938,057 2925,740
31 5969,515 4938,057 2925,740
32 5999,215 4938,057 2925,740
33 6099,767 4938,057 2925,740
34 6128,875 4938,057 2925,740
35 6184,073 4938,057 2925,740
36 6189,743 4938,057 2925,740
37 6191,142 4938,057 2925,740
38 6284,542 4938,057 2925,740
39 6384,132 4938,057 2925,740
40 6410,518 4938,057 2925,740
41 5563,703 4742,878 2925,740
42 5188,337 4742,878 2925,740
43 5417,790 4742,878 2925,740
44 5423,387 4742,878 2925,740
45 5495,692 4742,878 2925,740
46 5542,388 4742,878 2925,740
47 5559,178 4742,878 2925,740
48 5584,254 4742,878 2925,740
49 5627,871 4742,878 2925,740
50 5690,738 4742,878 2925,740
51 5725,422 4742,878 2925,740
52 5735,501 4742,878 2925,740
53 5776,015 4742,878 2925,740
54 5794,003 4742,878 2925,740
55 5802,668 4742,878 2925,740
56 5859,869 4742,878 2925,740
57 5881,106 4742,878 2925,740
58 5885,446 4742,878 2925,740
59 5921,149 4742,878 2925,740
60 5932,494 4742,878 2925,740
61 4742,878 4742,878 2925,740
62 5036,033 4742,878 2925,740
63 5095,794 4742,878 2925,740
64 5188,337 4742,878 2925,740
65 5211,275 4742,878 2925,740
66 5301,816 4742,878 2925,740
67 5417,790 4742,878 2925,740
68 5423,387 4742,878 2925,740
69 5471,769 4742,878 2925,740
70 5495,692 4742,878 2925,740
71 5540,051 4742,878 2925,740
72 5542,388 4742,878 2925,740
73 5406,755 4742,878 2925,740
74 5559,178 4742,878 2925,740
75 7359,900 4742,878 2925,740
76 5563,703 4742,878 2925,740
77 5577,166 4742,878 2925,740
78 5584,254 4742,878 2925,740
79 5600,833 4742,878 2925,740
80 5627,871 4742,878 2925,740
81 4742,878 4742,878 2925,740
82 4933,327 4742,878 2925,740
83 5036,033 4742,878 2925,740
84 5095,794 4742,878 2925,740
85 5188,337 4742,878 2925,740
86 5211,275 4742,878 2925,740
87 5233,390 4742,878 2925,740
88 5247,511 4742,878 2925,740
89 5301,816 4742,878 2925,740
90 5397,306 4742,878 2925,740
91 5406,755 4742,878 2925,740
92 5417,790 4742,878 2925,740
93 5423,387 4742,878 2925,740
94 6590,356 4742,878 2925,740
95 5477,805 4742,878 2925,740
96 5495,692 4742,878 2925,740
97 5524,115 4742,878 2925,740
98 5540,051 4742,878 2925,740
99 5542,388 4742,878 2925,740
100 5559,178 4742,878 2925,740
101 4742,878 4697,427 2925,740
102 4933,327 4697,427 2925,740
103 4959,896 4697,427 2925,740
104 5036,033 4697,427 2925,740
105 5095,794 4697,427 2925,740
106 5188,337 4697,427 2925,740
107 5211,275 4697,427 2925,740
108 5221,944 4697,427 2925,740
109 5233,390 4697,427 2925,740
110 5247,511 4697,427 2925,740
111 5271,765 4697,427 2925,740
112 5281,012 4697,427 2925,740
113 5301,816 4697,427 2925,740
114 5397,306 4697,427 2925,740
115 5406,755 4697,427 2925,740
116 5417,007 4697,427 2925,740
117 5417,790 4697,427 2925,740
118 5423,387 4697,427 2925,740
119 5477,805 4697,427 2925,740
120 5495,692 4697,427 2925,740
121 4697,427 4451,783 2925,740
122 4742,878 4451,783 2925,740
123 4743,011 4451,783 2925,740
124 4849,675 4451,783 2925,740
125 4933,327 4451,783 2925,740
126 4940,063 4451,783 2925,740
127 4959,896 4451,783 2925,740
128 5036,033 4451,783 2925,740
129 5095,794 4451,783 2925,740
130 5101,371 4451,783 2925,740
131 5188,337 4451,783 2925,740
132 5211,275 4451,783 2925,740
133 5214,368 4451,783 2925,740
134 5221,944 4451,783 2925,740
135 5233,390 4451,783 2925,740
136 5247,511 4451,783 2925,740
137 5271,765 4451,783 2925,740
138 5281,012 4451,783 2925,740
139 5301,816 4451,783 2925,740
140 5380,009 4451,783 2925,740
141 4451,783 4451,783 2925,740
142 4624,099 4451,783 2925,740
143 4697,427 4451,783 2925,740
144 4742,878 4451,783 2925,740
145 4743,011 4451,783 2925,740
146 4630,757 4451,783 2925,740
147 4861,411 4451,783 2925,740
148 4933,327 4451,783 2925,740
149 4940,063 4451,783 2925,740
150 4959,896 4451,783 2925,740
151 4961,314 4451,783 2925,740
152 4963,359 4451,783 2925,740
153 5036,033 4451,783 2925,740
154 5041,084 4451,783 2925,740
155 5059,960 4451,783 2925,740
156 5095,794 4451,783 2925,740
157 5101,371 4451,783 2925,740
158 5188,337 4451,783 2925,740
159 5209,083 4451,783 2925,740
160 5211,275 4451,783 2925,740
161 4451,783 4088,313 2925,740
162 4624,099 4088,313 2925,740
163 4630,757 4088,313 2925,740
164 4697,427 4088,313 2925,740
165 4728,793 4088,313 2925,740
166 4742,878 4088,313 2925,740
167 4743,011 4088,313 2925,740
168 4791,467 4088,313 2925,740
169 6266,964 4088,313 2925,740
170 4868,013 4088,313 2925,740
171 4933,327 4088,313 2925,740
172 4940,063 4088,313 2925,740
173 4951,764 4088,313 2925,740
174 4959,896 4088,313 2925,740
175 4961,314 4088,313 2925,740
176 4963,359 4088,313 2925,740
177 5036,033 4088,313 2925,740
178 5041,084 4088,313 2925,740
179 6153,260 4088,313 2925,740
180 5059,960 4088,313 2925,740
181 4088,313 3860,080 2925,740
182 4236,162 3860,080 2925,740
183 4272,282 3860,080 2925,740
184 4451,783 3860,080 2925,740
185 4465,011 3860,080 2925,740
186 4465,011 3860,080 2925,740
187 4496,780 3860,080 2925,740
188 4553,871 3860,080 2925,740
189 4598,603 3860,080 2925,740
190 4624,099 3860,080 2925,740
191 4630,757 3860,080 2925,740
192 4678,111 3860,080 2925,740
193 4697,427 3860,080 2925,740
194 4728,793 3860,080 2925,740
195 4742,878 3860,080 2925,740
196 4743,011 3860,080 2925,740
197 4767,359 3860,080 2925,740
198 4791,467 3860,080 2925,740
199 4833,202 3860,080 2925,740
200 4847,020 3860,080 2925,740
201 3860,080 3860,080 2925,740
202 4031,645 3860,080 2925,740
203 4088,313 3860,080 2925,740
204 4236,162 3860,080 2925,740
205 4272,282 3860,080 2925,740
206 4428,432 3860,080 2925,740
207 4436,670 3860,080 2925,740
208 4451,783 3860,080 2925,740
209 4465,011 3860,080 2925,740
210 4465,011 3860,080 2925,740
211 4496,780 3860,080 2925,740
212 4520,937 3860,080 2925,740
213 4552,301 3860,080 2925,740
214 4553,871 3860,080 2925,740
215 4555,478 3860,080 2925,740
216 4570,350 3860,080 2925,740
217 4598,603 3860,080 2925,740
218 4624,099 3860,080 2925,740
219 4630,757 3860,080 2925,740
220 4678,111 3860,080 2925,740
221 3860,080 3676,189 2925,740
222 4031,645 3676,189 2925,740
223 4085,099 3676,189 2925,740
224 4088,313 3676,189 2925,740
225 4212,034 3676,189 2925,740
226 4236,162 3676,189 2925,740
227 4272,282 3676,189 2925,740
228 4345,082 3676,189 2925,740
229 4477,773 3676,189 2925,740
230 4412,531 3676,189 2925,740
231 4422,005 3676,189 2925,740
232 4428,432 3676,189 2925,740
233 4436,670 3676,189 2925,740
234 4451,783 3676,189 2925,740
235 4456,860 3676,189 2925,740
236 4465,011 3676,189 2925,740
237 4465,011 3676,189 2925,740
238 4496,780 3676,189 2925,740
239 4520,937 3676,189 2925,740
240 4552,301 3676,189 2925,740
241 3676,189 3676,189 2925,740
242 3860,080 3676,189 2925,740
243 4031,645 3676,189 2925,740
244 4085,099 3676,189 2925,740
245 4088,313 3676,189 2925,740
246 4161,405 3676,189 2925,740
247 4212,034 3676,189 2925,740
248 4222,012 3676,189 2925,740
249 4231,483 3676,189 2925,740
250 4236,162 3676,189 2925,740
251 4269,414 3676,189 2925,740
252 4272,282 3676,189 2925,740
253 4340,699 3676,189 2925,740
254 4345,082 3676,189 2925,740
255 4363,769 3676,189 2925,740
256 4412,531 3676,189 2925,740
257 4422,005 3676,189 2925,740
258 4424,377 3676,189 2925,740
259 4428,432 3676,189 2925,740
260 4436,670 3676,189 2925,740
261 3676,189 3658,038 2925,740
262 3702,421 3658,038 2925,740
263 3860,080 3658,038 2925,740
264 3866,788 3658,038 2925,740
265 3906,281 3658,038 2925,740
266 3918,973 3658,038 2925,740
267 4031,645 3658,038 2925,740
268 4063,600 3658,038 2925,740
269 4085,099 3658,038 2925,740
270 4088,313 3658,038 2925,740
271 4156,679 3658,038 2925,740
272 4161,405 3658,038 2925,740
273 4212,034 3658,038 2925,740
274 4212,034 3658,038 2925,740
275 4214,030 3658,038 2925,740
276 4222,012 3658,038 2925,740
277 4231,483 3658,038 2925,740
278 4236,162 3658,038 2925,740
279 4263,249 3658,038 2925,740
280 4269,414 3658,038 2925,740
281 3658,038 3096,762 2925,740
282 3676,189 3096,762 2925,740
283 3702,421 3096,762 2925,740
284 3830,802 3096,762 2925,740
285 3860,080 3096,762 2925,740
286 3866,788 3096,762 2925,740
287 3906,281 3096,762 2925,740
288 3918,973 3096,762 2925,740
289 5397,914 3096,762 2925,740
290 4008,349 3096,762 2925,740
291 4012,825 3096,762 2925,740
292 4025,485 3096,762 2925,740
293 4031,645 3096,762 2925,740
294 4063,600 3096,762 2925,740
295 4085,099 3096,762 2925,740
296 4088,313 3096,762 2925,740
297 4091,757 3096,762 2925,740
298 4156,679 3096,762 2925,740
299 4157,093 3096,762 2925,740
300 4161,405 3096,762 2925,740
301 3096,762 3096,762 2925,740
302 3176,682 3096,762 2925,740
303 3630,539 3096,762 2925,740
304 3658,038 3096,762 2925,740
305 3676,189 3096,762 2925,740
306 3682,108 3096,762 2925,740
307 3689,726 3096,762 2925,740
308 3702,421 3096,762 2925,740
309 3830,802 3096,762 2925,740
310 3860,080 3096,762 2925,740
311 3860,080 3096,762 2925,740
312 3866,788 3096,762 2925,740
313 3891,942 3096,762 2925,740
314 3900,134 3096,762 2925,740
315 3906,281 3096,762 2925,740
316 3918,973 3096,762 2925,740
317 4008,349 3096,762 2925,740
318 4012,825 3096,762 2925,740
319 4025,485 3096,762 2925,740
320 4031,645 3096,762 2925,740
321 3096,762 3096,762 2925,740
322 3176,682 3096,762 2925,740
323 3568,429 3096,762 2925,740
324 3630,539 3096,762 2925,740
325 3658,038 3096,762 2925,740
326 3676,189 3096,762 2925,740
327 3676,189 3096,762 2925,740
328 3682,108 3096,762 2925,740
329 3689,726 3096,762 2925,740
330 3702,421 3096,762 2925,740
331 3702,421 3096,762 2925,740
332 3735,075 3096,762 2925,740
333 3773,871 3096,762 2925,740
334 3784,404 3096,762 2925,740
335 3830,802 3096,762 2925,740
336 4228,528 3096,762 2925,740
337 3838,558 3096,762 2925,740
338 3860,080 3096,762 2925,740
339 3860,080 3096,762 2925,740
340 3866,788 3096,762 2925,740
341 3096,762 3096,762 2925,740
342 5250,323 3096,762 2925,740
343 3295,847 3096,762 2925,740
344 3568,429 3096,762 2925,740
345 3594,616 3096,762 2925,740
346 3630,539 3096,762 2925,740
347 3658,038 3096,762 2925,740
348 3676,189 3096,762 2925,740
349 3676,189 3096,762 2925,740
350 3676,189 3096,762 2925,740
351 4795,525 3096,762 2925,740
352 3689,726 3096,762 2925,740
353 3702,421 3096,762 2925,740
354 3702,421 3096,762 2925,740
355 3735,075 3096,762 2925,740
356 3735,075 3096,762 2925,740
357 3743,711 3096,762 2925,740
358 3773,871 3096,762 2925,740
359 3784,404 3096,762 2925,740
360 4740,177 3096,762 2925,740
361 3096,762 2897,717 2897,717
362 3171,468 2897,717 2897,717
363 3176,682 2897,717 2897,717
364 3295,847 2897,717 2897,717
365 3465,084 2897,717 2897,717
366 3726,598 2897,717 2897,717
367 3594,616 2897,717 2897,717
368 3603,564 2897,717 2897,717
369 3630,539 2897,717 2897,717
370 3658,038 2897,717 2897,717
371 3659,446 2897,717 2897,717
372 4905,278 2897,717 2897,717
373 3676,189 2897,717 2897,717
374 3676,189 2897,717 2897,717
375 3676,189 2897,717 2897,717
376 3676,189 2897,717 2897,717
377 3676,189 2897,717 2897,717
378 3687,322 2897,717 2897,717
379 3689,726 2897,717 2897,717
380 3702,421 2897,717 2897,717
381 2897,717 2863,279 2863,279
382 2961,588 2863,279 2863,279
383 3045,004 2863,279 2863,279
384 3096,762 2863,279 2863,279
385 3171,468 2863,279 2863,279
386 3171,468 2863,279 2863,279
387 3176,682 2863,279 2863,279
388 3295,847 2863,279 2863,279
389 3295,847 2863,279 2863,279
390 3295,847 2863,279 2863,279
391 3465,084 2863,279 2863,279
392 3499,205 2863,279 2863,279
393 3568,429 2863,279 2863,279
394 3568,429 2863,279 2863,279
395 3594,616 2863,279 2863,279
396 3603,564 2863,279 2863,279
397 3625,325 2863,279 2863,279
398 3625,325 2863,279 2863,279
399 3630,539 2863,279 2863,279
400 3630,539 2863,279 2863,279
401 2863,279 2845,959 2845,959
402 2868,319 2845,959 2845,959
403 2892,503 2845,959 2845,959
404 2897,717 2845,959 2845,959
405 2914,863 2845,959 2845,959
406 3646,555 2845,959 2845,959
407 3019,679 2845,959 2845,959
408 3033,572 2845,959 2845,959
409 3045,004 2845,959 2845,959
410 3091,548 2845,959 2845,959
411 3096,762 2845,959 2845,959
412 3143,831 2845,959 2845,959
413 3171,468 2845,959 2845,959
414 3171,468 2845,959 2845,959
415 3171,468 2845,959 2845,959
416 3171,468 2845,959 2845,959
417 3171,468 2845,959 2845,959
418 3176,682 2845,959 2845,959
419 3176,682 2845,959 2845,959
420 3176,682 2845,959 2845,959
421 2845,959 2816,087 2816,087
422 2863,279 2816,087 2816,087
423 2868,319 2816,087 2816,087
424 2868,319 2816,087 2816,087
425 2892,503 2816,087 2816,087
426 2897,717 2816,087 2816,087
427 2897,717 2816,087 2816,087
428 2897,717 2816,087 2816,087
429 2914,863 2816,087 2816,087
430 2961,588 2816,087 2816,087
431 2962,055 2816,087 2816,087
432 2963,838 2816,087 2816,087
433 3008,132 2816,087 2816,087
434 3013,346 2816,087 2816,087
435 3019,679 2816,087 2816,087
436 3033,572 2816,087 2816,087
437 3045,004 2816,087 2816,087
438 3045,004 2816,087 2816,087
439 3091,548 2816,087 2816,087
440 3096,762 2816,087 2816,087
441 2816,087 2793,727 2793,727
442 2845,959 2793,727 2793,727
443 3498,731 2793,727 2793,727
444 2868,319 2793,727 2793,727
445 2868,319 2793,727 2793,727
446 2868,319 2793,727 2793,727
447 2868,493 2793,727 2793,727
448 2868,493 2793,727 2793,727
449 2892,503 2793,727 2793,727
450 2892,503 2793,727 2793,727
451 2892,503 2793,727 2793,727
452 2892,503 2793,727 2793,727
453 2892,503 2793,727 2793,727
454 2897,717 2793,727 2793,727
455 2897,717 2793,727 2793,727
456 2897,717 2793,727 2793,727
457 4092,086 2793,727 2793,727
458 2897,717 2793,727 2793,727
459 2897,717 2793,727 2793,727
460 2909,356 2793,727 2793,727
461 2793,727 2793,727 2793,727
462 2793,727 2793,727 2793,727
463 2798,941 2793,727 2793,727
464 2798,941 2793,727 2793,727
465 2816,087 2793,727 2793,727
466 2816,087 2793,727 2793,727
467 2835,247 2793,727 2793,727
468 2835,247 2793,727 2793,727
469 2845,959 2793,727 2793,727
470 2868,319 2793,727 2793,727
471 2868,319 2793,727 2793,727
472 2868,319 2793,727 2793,727
473 2868,319 2793,727 2793,727
474 2868,493 2793,727 2793,727
475 2868,493 2793,727 2793,727
476 2892,503 2793,727 2793,727
477 2892,503 2793,727 2793,727
478 2892,503 2793,727 2793,727
479 2892,503 2793,727 2793,727
480 2892,503 2793,727 2793,727
481 2793,727 2793,727 2793,727
482 2793,727 2793,727 2793,727
483 2793,727 2793,727 2793,727
484 2793,727 2793,727 2793,727
485 2798,941 2793,727 2793,727
486 2798,941 2793,727 2793,727
487 2798,941 2793,727 2793,727
488 2816,087 2793,727 2793,727
489 2816,087 2793,727 2793,727
490 2816,087 2793,727 2793,727
491 2835,247 2793,727 2793,727
492 2835,247 2793,727 2793,727
493 2845,959 2793,727 2793,727
494 2845,959 2793,727 2793,727
495 2868,319 2793,727 2793,727
496 2868,319 2793,727 2793,727
497 2868,319 2793,727 2793,727
498 2868,319 2793,727 2793,727
499 2868,319 2793,727 2793,727
500 2868,319 2793,727 2793,727
501 2793,727 2793,727 2793,727
502 2793,727 2793,727 2793,727
503 2793,727 2793,727 2793,727
504 2793,727 2793,727 2793,727
505 2793,727 2793,727 2793,727
506 2793,727 2793,727 2793,727
507 2793,727 2793,727 2793,727
508 2793,727 2793,727 2793,727
509 3998,910 2793,727 2793,727
510 2798,941 2793,727 2793,727
511 5107,401 2793,727 2793,727
512 2798,941 2793,727 2793,727
513 2798,941 2793,727 2793,727
514 2816,087 2793,727 2793,727
515 2816,087 2793,727 2793,727
516 2816,087 2793,727 2793,727
517 2816,087 2793,727 2793,727
518 2816,087 2793,727 2793,727
519 2816,087 2793,727 2793,727
520 2816,087 2793,727 2793,727
521 2793,727 2793,727 2793,727
522 2793,727 2793,727 2793,727
523 2793,727 2793,727 2793,727
524 2793,727 2793,727 2793,727
525 2793,727 2793,727 2793,727
526 2793,727 2793,727 2793,727
527 2793,727 2793,727 2793,727
528 5561,880 2793,727 2793,727
529 2793,727 2793,727 2793,727
530 2793,727 2793,727 2793,727
531 2793,727 2793,727 2793,727
532 2793,727 2793,727 2793,727
533 2793,727 2793,727 2793,727
534 2793,727 2793,727 2793,727
535 2798,941 2793,727 2793,727
536 2798,941 2793,727 2793,727
537 2798,941 2793,727 2793,727
538 2798,941 2793,727 2793,727
539 4574,733 2793,727 2793,727
540 2816,087 2793,727 2793,727
541 2996,247 2793,727 2793,727
542 2793,727 2793,727 2793,727
543 2793,727 2793,727 2793,727
544 2793,727 2793,727 2793,727
545 2793,727 2793,727 2793,727
546 2793,727 2793,727 2793,727
547 2793,727 2793,727 2793,727
548 2793,727 2793,727 2793,727
549 2793,727 2793,727 2793,727
550 2793,727 2793,727 2793,727
551 2793,727 2793,727 2793,727
552 2793,727 2793,727 2793,727
553 2793,727 2793,727 2793,727
554 2793,727 2793,727 2793,727
555 2793,727 2793,727 2793,727
556 2793,727 2793,727 2793,727
557 2793,727 2793,727 2793,727
558 2793,727 2793,727 2793,727
559 2793,727 2793,727 2793,727
560 2793,727 2793,727 2793,727
561 2975,885 2793,727 2793,727
562 2793,727 2793,727 2793,727
563 2793,727 2793,727 2793,727
564 2793,727 2793,727 2793,727
565 2793,727 2793,727 2793,727
566 2959,398 2793,727 2793,727
567 2793,727 2793,727 2793,727
568 2793,727 2793,727 2793,727
569 2793,727 2793,727 2793,727
570 2793,727 2793,727 2793,727
571 2793,727 2793,727 2793,727
572 2793,727 2793,727 2793,727
573 2793,727 2793,727 2793,727
574 2793,727 2793,727 2793,727
575 2793,727 2793,727 2793,727
576 2793,727 2793,727 2793,727
577 2793,727 2793,727 2793,727
578 2793,727 2793,727 2793,727
579 2793,727 2793,727 2793,727
580 2793,727 2793,727 2793,727
581 2793,727 2793,727 2793,727
582 2793,727 2793,727 2793,727
583 2793,727 2793,727 2793,727
584 2793,727 2793,727 2793,727
585 2793,727 2793,727 2793,727
586 2793,727 2793,727 2793,727
587 2793,727 2793,727 2793,727
588 2793,727 2793,727 2793,727
589 2793,727 2793,727 2793,727
590 2793,727 2793,727 2793,727
591 2793,727 2793,727 2793,727
592 2793,727 2793,727 2793,727
593 2793,727 2793,727 2793,727
594 2793,727 2793,727 2793,727
595 2793,727 2793,727 2793,727
596 2793,727 2793,727 2793,727
597 2793,727 2793,727 2793,727
598 2793,727 2793,727 2793,727
599 2793,727 2793,727 2793,727
600 2793,727 2793,727 2793,727
601 2793,727 2793,727 2793,727
602 2793,727 2793,727 2793,727
603 2793,727 2793,727 2793,727
604 2793,727 2793,727 2793,727
605 2793,727 2793,727 2793,727
606 2793,727 2793,727 2793,727
607 2793,727 2793,727 2793,727
608 2793,727 2793,727 2793,727
609 2793,727 2793,727 2793,727
610 2793,727 2793,727 2793,727
611 2793,727 2793,727 2793,727
612 2793,727 2793,727 2793,727
613 2793,727 2793,727 2793,727
614 2793,727 2793,727 2793,727
615 2793,727 2793,727 2793,727
616 2793,727 2793,727 2793,727
617 2793,727 2793,727 2793,727
618 2793,727 2793,727 2793,727
619 2793,727 2793,727 2793,727
620 2793,727 2793,727 2793,727
621 2793,727 2793,727 2793,727
622 2793,727 2793,727 2793,727
623 2793,727 2793,727 2793,727
624 2793,727 2793,727 2793,727
625 2793,727 2793,727 2793,727
626 2793,727 2793,727 2793,727
627 5074,043 2793,727 2793,727
628 2793,727 2793,727 2793,727
629 4518,315 2793,727 2793,727
630 2793,727 2793,727 2793,727
631 2793,727 2793,727 2793,727
632 2793,727 2793,727 2793,727
633 2793,727 2793,727 2793,727
634 2793,727 2793,727 2793,727
635 2793,727 2793,727 2793,727
636 2793,727 2793,727 2793,727
637 2793,727 2793,727 2793,727
638 2793,727 2793,727 2793,727
639 2793,727 2793,727 2793,727
640 2793,727 2793,727 2793,727
641 2793,727 2793,727 2793,727
642 2793,727 2793,727 2793,727
643 2793,727 2793,727 2793,727
644 2793,727 2793,727 2793,727
645 2793,727 2793,727 2793,727
646 2793,727 2793,727 2793,727
647 2793,727 2793,727 2793,727
648 2793,727 2793,727 2793,727
649 2793,727 2793,727 2793,727
650 2793,727 2793,727 2793,727
651 2793,727 2793,727 2793,727
652 2793,727 2793,727 2793,727
653 2793,727 2793,727 2793,727
654 2793,727 2793,727 2793,727
655 2793,727 2793,727 2793,727
656 2793,727 2793,727 2793,727
657 2793,727 2793,727 2793,727
658 2793,727 2793,727 2793,727
659 2793,727 2793,727 2793,727
660 2793,727 2793,727 2793,727
661 2793,727 2793,727 2793,727
662 2793,727 2793,727 2793,727
663 3044,576 2793,727 2793,727
664 2793,727 2793,727 2793,727
665 2793,727 2793,727 2793,727
666 2793,727 2793,727 2793,727
667 2793,727 2793,727 2793,727
668 2793,727 2793,727 2793,727
669 2793,727 2793,727 2793,727
670 2793,727 2793,727 2793,727
671 2793,727 2793,727 2793,727
672 2793,727 2793,727 2793,727
673 2793,727 2793,727 2793,727
674 2793,727 2793,727 2793,727
675 2793,727 2793,727 2793,727
676 2793,727 2793,727 2793,727
677 2793,727 2793,727 2793,727
678 2793,727 2793,727 2793,727
679 2793,727 2793,727 2793,727
680 2793,727 2793,727 2793,727
681 2793,727 2793,727 2793,727
682 2793,727 2793,727 2793,727
683 2793,727 2793,727 2793,727
684 2793,727 2793,727 2793,727
685 2793,727 2793,727 2793,727
686 2793,727 2793,727 2793,727
687 2793,727 2793,727 2793,727
688 2793,727 2793,727 2793,727
689 2793,727 2793,727 2793,727
690 2793,727 2793,727 2793,727
691 2793,727 2793,727 2793,727
692 2793,727 2793,727 2793,727
693 2793,727 2793,727 2793,727
694 2793,727 2793,727 2793,727
695 2793,727 2793,727 2793,727
696 2793,727 2793,727 2793,727
697 2793,727 2793,727 2793,727
698 2793,727 2793,727 2793,727
699 2793,727 2793,727 2793,727
700 2793,727 2793,727 2793,727
701 2793,727 2793,727 2793,727
702 2793,727 2793,727 2793,727
703 3037,052 2793,727 2793,727
704 2793,727 2793,727 2793,727
705 2793,727 2793,727 2793,727
706 2793,727 2793,727 2793,727
707 2793,727 2793,727 2793,727
708 2793,727 2793,727 2793,727
709 2793,727 2793,727 2793,727
710 2793,727 2793,727 2793,727
711 2793,727 2793,727 2793,727
712 2793,727 2793,727 2793,727
713 2793,727 2793,727 2793,727
714 2793,727 2793,727 2793,727
715 2793,727 2793,727 2793,727
716 2793,727 2793,727 2793,727
717 2793,727 2793,727 2793,727
718 2793,727 2793,727 2793,727
719 2793,727 2793,727 2793,727
720 2793,727 2793,727 2793,727
721 2793,727 2793,727 2793,727
722 2793,727 2793,727 2793,727
723 2793,727 2793,727 2793,727
724 2793,727 2793,727 2793,727
725 2793,727 2793,727 2793,727
726 2793,727 2793,727 2793,727
727 2793,727 2793,727 2793,727
728 2793,727 2793,727 2793,727
729 2793,727 2793,727 2793,727
730 2793,727 2793,727 2793,727
731 2793,727 2793,727 2793,727
732 2793,727 2793,727 2793,727
733 2793,727 2793,727 2793,727
734 2793,727 2793,727 2793,727
735 2793,727 2793,727 2793,727
736 2793,727 2793,727 2793,727
737 2793,727 2793,727 2793,727
738 2793,727 2793,727 2793,727
739 2793,727 2793,727 2793,727
740 2793,727 2793,727 2793,727
741 2793,727 2793,727 2793,727
742 2793,727 2793,727 2793,727
743 2793,727 2793,727 2793,727
744 2793,727 2793,727 2793,727
745 2793,727 2793,727 2793,727
746 2793,727 2793,727 2793,727
747 2793,727 2793,727 2793,727
748 2793,727 2793,727 2793,727
749 2793,727 2793,727 2793,727
750 2793,727 2793,727 2793,727
751 2793,727 2793,727 2793,727
752 2813,670 2793,727 2793,727
753 2793,727 2793,727 2793,727
754 2793,727 2793,727 2793,727
755 2793,727 2793,727 2793,727
756 2793,727 2793,727 2793,727
757 2793,727 2793,727 2793,727
758 2837,425 2793,727 2793,727
759 2793,727 2793,727 2793,727
760 2793,727 2793,727 2793,727
761 2793,727 2793,727 2793,727
762 2793,727 2793,727 2793,727
763 2793,727 2793,727 2793,727
764 2793,727 2793,727 2793,727
765 2793,727 2793,727 2793,727
766 2793,727 2793,727 2793,727
767 2793,727 2793,727 2793,727
768 2793,727 2793,727 2793,727
769 2793,727 2793,727 2793,727
770 2793,727 2793,727 2793,727
771 2793,727 2793,727 2793,727
772 2793,727 2793,727 2793,727
773 2793,727 2793,727 2793,727
774 2793,727 2793,727 2793,727
775 2793,727 2793,727 2793,727
776 2793,727 2793,727 2793,727
777 2793,727 2793,727 2793,727
778 2793,727 2793,727 2793,727
779 2793,727 2793,727 2793,727
780 2793,727 2793,727 2793,727
781 2793,727 2793,727 2793,727
782 2793,727 2793,727 2793,727
783 2793,727 2793,727 2793,727
784 2793,727 2793,727 2793,727
785 2793,727 2793,727 2793,727
786 2793,727 2793,727 2793,727
787 2793,727 2793,727 2793,727
788 2793,727 2793,727 2793,727
789 2793,727 2793,727 2793,727
790 2793,727 2793,727 2793,727
791 2793,727 2793,727 2793,727
792 2793,727 2793,727 2793,727
793 2793,727 2793,727 2793,727
794 2793,727 2793,727 2793,727
795 2793,727 2793,727 2793,727
796 3970,931 2793,727 2793,727
797 2793,727 2793,727 2793,727
798 2793,727 2793,727 2793,727
799 2793,727 2793,727 2793,727
800 2793,727 2793,727 2793,727
