nrOsobnika current best_current best_global
1 7123,168 5389,618 2792,366
2 7236,821 5389,618 2792,366
3 5473,280 5389,618 2792,366
4 7525,271 5389,618 2792,366
5 6623,725 5389,618 2792,366
6 6706,397 5389,618 2792,366
7 5849,785 5389,618 2792,366
8 6090,316 5389,618 2792,366
9 7588,193 5389,618 2792,366
10 7029,962 5389,618 2792,366
11 6504,678 5389,618 2792,366
12 6050,037 5389,618 2792,366
13 6030,184 5389,618 2792,366
14 6972,939 5389,618 2792,366
15 7182,813 5389,618 2792,366
16 6921,233 5389,618 2792,366
17 5389,618 5389,618 2792,366
18 6017,366 5389,618 2792,366
19 6422,886 5389,618 2792,366
20 6970,883 5389,618 2792,366
21 5389,618 4605,087 2792,366
22 4605,087 4605,087 2792,366
23 5634,495 4605,087 2792,366
24 5706,691 4605,087 2792,366
25 5723,897 4605,087 2792,366
26 5814,165 4605,087 2792,366
27 5849,785 4605,087 2792,366
28 5871,204 4605,087 2792,366
29 6017,366 4605,087 2792,366
30 6030,184 4605,087 2792,366
31 6050,037 4605,087 2792,366
32 6067,825 4605,087 2792,366
33 6090,316 4605,087 2792,366
34 6113,577 4605,087 2792,366
35 6141,721 4605,087 2792,366
36 6180,391 4605,087 2792,366
37 6183,381 4605,087 2792,366
38 6193,461 4605,087 2792,366
39 6295,432 4605,087 2792,366
40 6318,466 4605,087 2792,366
41 4605,087 4605,087 2792,366
42 5172,034 4605,087 2792,366
43 6661,457 4605,087 2792,366
44 5324,554 4605,087 2792,366
45 5382,525 4605,087 2792,366
46 5389,618 4605,087 2792,366
47 5432,627 4605,087 2792,366
48 5603,486 4605,087 2792,366
49 5634,495 4605,087 2792,366
50 5656,466 4605,087 2792,366
51 5702,216 4605,087 2792,366
52 5706,691 4605,087 2792,366
53 5723,897 4605,087 2792,366
54 5804,583 4605,087 2792,366
55 5788,139 4605,087 2792,366
56 5814,165 4605,087 2792,366
57 5849,785 4605,087 2792,366
58 5871,204 4605,087 2792,366
59 5976,265 4605,087 2792,366
60 6017,366 4605,087 2792,366
61 4633,382 4633,382 2792,366
62 4804,797 4633,382 2792,366
63 4818,184 4633,382 2792,366
64 5107,918 4633,382 2792,366
65 5172,034 4633,382 2792,366
66 5214,389 4633,382 2792,366
67 5226,007 4633,382 2792,366
68 5324,554 4633,382 2792,366
69 5347,911 4633,382 2792,366
70 5356,688 4633,382 2792,366
71 5382,525 4633,382 2792,366
72 5389,618 4633,382 2792,366
73 5432,627 4633,382 2792,366
74 5497,145 4633,382 2792,366
75 5592,935 4633,382 2792,366
76 5603,486 4633,382 2792,366
77 5634,495 4633,382 2792,366
78 5656,466 4633,382 2792,366
79 5702,216 4633,382 2792,366
80 5706,691 4633,382 2792,366
81 4633,382 4633,382 2792,366
82 4795,220 4633,382 2792,366
83 4804,797 4633,382 2792,366
84 4818,184 4633,382 2792,366
85 5001,432 4633,382 2792,366
86 5107,918 4633,382 2792,366
87 5172,034 4633,382 2792,366
88 5199,940 4633,382 2792,366
89 5214,389 4633,382 2792,366
90 5226,007 4633,382 2792,366
91 5236,624 4633,382 2792,366
92 6772,586 4633,382 2792,366
93 5299,073 4633,382 2792,366
94 5324,554 4633,382 2792,366
95 5325,687 4633,382 2792,366
96 5347,911 4633,382 2792,366
97 5356,688 4633,382 2792,366
98 5372,695 4633,382 2792,366
99 5374,644 4633,382 2792,366
100 5382,525 4633,382 2792,366
101 4633,382 4633,382 2792,366
102 4748,495 4633,382 2792,366
103 4795,220 4633,382 2792,366
104 4804,797 4633,382 2792,366
105 4818,184 4633,382 2792,366
106 4929,913 4633,382 2792,366
107 5001,432 4633,382 2792,366
108 5024,095 4633,382 2792,366
109 5650,470 4633,382 2792,366
110 5107,918 4633,382 2792,366
111 5172,034 4633,382 2792,366
112 5199,940 4633,382 2792,366
113 5214,389 4633,382 2792,366
114 5226,007 4633,382 2792,366
115 5226,007 4633,382 2792,366
116 5236,624 4633,382 2792,366
117 5291,079 4633,382 2792,366
118 5295,124 4633,382 2792,366
119 5296,095 4633,382 2792,366
120 5299,073 4633,382 2792,366
121 4633,382 4320,066 2792,366
122 4748,495 4320,066 2792,366
123 4795,220 4320,066 2792,366
124 4804,797 4320,066 2792,366
125 4818,184 4320,066 2792,366
126 4823,173 4320,066 2792,366
127 4876,361 4320,066 2792,366
128 4927,963 4320,066 2792,366
129 5014,936 4320,066 2792,366
130 4953,095 4320,066 2792,366
131 4985,436 4320,066 2792,366
132 5001,432 4320,066 2792,366
133 5024,095 4320,066 2792,366
134 5096,668 4320,066 2792,366
135 5107,918 4320,066 2792,366
136 5112,854 4320,066 2792,366
137 5172,034 4320,066 2792,366
138 5199,940 4320,066 2792,366
139 5214,389 4320,066 2792,366
140 5226,007 4320,066 2792,366
141 4320,066 4224,269 2792,366
142 4633,382 4224,269 2792,366
143 4748,495 4224,269 2792,366
144 4794,316 4224,269 2792,366
145 4795,220 4224,269 2792,366
146 4804,797 4224,269 2792,366
147 4818,184 4224,269 2792,366
148 4823,173 4224,269 2792,366
149 4876,361 4224,269 2792,366
150 4902,740 4224,269 2792,366
151 4927,963 4224,269 2792,366
152 4953,095 4224,269 2792,366
153 4985,436 4224,269 2792,366
154 5314,360 4224,269 2792,366
155 5001,432 4224,269 2792,366
156 5014,936 4224,269 2792,366
157 5024,095 4224,269 2792,366
158 5096,668 4224,269 2792,366
159 5107,918 4224,269 2792,366
160 5112,854 4224,269 2792,366
161 4224,269 4224,269 2792,366
162 4320,066 4224,269 2792,366
163 4510,384 4224,269 2792,366
164 4995,926 4224,269 2792,366
165 4678,678 4224,269 2792,366
166 4722,565 4224,269 2792,366
167 4748,495 4224,269 2792,366
168 4794,316 4224,269 2792,366
169 4795,220 4224,269 2792,366
170 4804,797 4224,269 2792,366
171 4808,966 4224,269 2792,366
172 4818,184 4224,269 2792,366
173 4823,173 4224,269 2792,366
174 4876,361 4224,269 2792,366
175 4889,668 4224,269 2792,366
176 4902,037 4224,269 2792,366
177 4902,740 4224,269 2792,366
178 4927,963 4224,269 2792,366
179 4953,095 4224,269 2792,366
180 4966,237 4224,269 2792,366
181 4224,269 4224,269 2792,366
182 4320,066 4224,269 2792,366
183 4320,066 4224,269 2792,366
184 4431,166 4224,269 2792,366
185 5414,236 4224,269 2792,366
186 4584,818 4224,269 2792,366
187 4672,556 4224,269 2792,366
188 4678,678 4224,269 2792,366
189 4678,678 4224,269 2792,366
190 4722,565 4224,269 2792,366
191 4748,495 4224,269 2792,366
192 4794,316 4224,269 2792,366
193 4795,220 4224,269 2792,366
194 4804,797 4224,269 2792,366
195 4806,706 4224,269 2792,366
196 4808,966 4224,269 2792,366
197 4808,966 4224,269 2792,366
198 4818,184 4224,269 2792,366
199 4823,173 4224,269 2792,366
200 4876,361 4224,269 2792,366
201 4224,269 4224,269 2792,366
202 4320,066 4224,269 2792,366
203 4320,066 4224,269 2792,366
204 4320,066 4224,269 2792,366
205 4320,066 4224,269 2792,366
206 4431,166 4224,269 2792,366
207 4486,649 4224,269 2792,366
208 4543,579 4224,269 2792,366
209 4564,811 4224,269 2792,366
210 4584,818 4224,269 2792,366
211 4588,864 4224,269 2792,366
212 4613,396 4224,269 2792,366
213 4662,212 4224,269 2792,366
214 4966,903 4224,269 2792,366
215 4678,678 4224,269 2792,366
216 4678,678 4224,269 2792,366
217 4722,565 4224,269 2792,366
218 4748,495 4224,269 2792,366
219 4794,316 4224,269 2792,366
220 4795,220 4224,269 2792,366
221 4224,269 4057,634 2792,366
222 4275,078 4057,634 2792,366
223 4320,066 4057,634 2792,366
224 4320,066 4057,634 2792,366
225 4320,066 4057,634 2792,366
226 4320,066 4057,634 2792,366
227 4320,066 4057,634 2792,366
228 4391,624 4057,634 2792,366
229 4431,166 4057,634 2792,366
230 4456,641 4057,634 2792,366
231 4472,919 4057,634 2792,366
232 4486,649 4057,634 2792,366
233 4508,037 4057,634 2792,366
234 5251,755 4057,634 2792,366
235 4543,579 4057,634 2792,366
236 4564,811 4057,634 2792,366
237 5287,617 4057,634 2792,366
238 4588,864 4057,634 2792,366
239 4613,396 4057,634 2792,366
240 4662,212 4057,634 2792,366
241 4057,634 3967,922 2792,366
242 4143,576 3967,922 2792,366
243 4192,089 3967,922 2792,366
244 4224,269 3967,922 2792,366
245 4275,078 3967,922 2792,366
246 4292,336 3967,922 2792,366
247 4320,066 3967,922 2792,366
248 4320,066 3967,922 2792,366
249 4320,066 3967,922 2792,366
250 4320,066 3967,922 2792,366
251 4320,066 3967,922 2792,366
252 4320,066 3967,922 2792,366
253 4320,066 3967,922 2792,366
254 4354,167 3967,922 2792,366
255 4387,434 3967,922 2792,366
256 4391,624 3967,922 2792,366
257 4431,166 3967,922 2792,366
258 4456,641 3967,922 2792,366
259 4472,919 3967,922 2792,366
260 4479,665 3967,922 2792,366
261 3967,922 3815,717 2792,366
262 4034,326 3815,717 2792,366
263 4057,634 3815,717 2792,366
264 4143,576 3815,717 2792,366
265 4192,089 3815,717 2792,366
266 4456,104 3815,717 2792,366
267 4243,912 3815,717 2792,366
268 4275,078 3815,717 2792,366
269 4292,336 3815,717 2792,366
270 4320,066 3815,717 2792,366
271 4320,066 3815,717 2792,366
272 4320,066 3815,717 2792,366
273 4320,066 3815,717 2792,366
274 4320,066 3815,717 2792,366
275 4320,066 3815,717 2792,366
276 4320,066 3815,717 2792,366
277 4333,845 3815,717 2792,366
278 4346,940 3815,717 2792,366
279 4354,167 3815,717 2792,366
280 4369,975 3815,717 2792,366
281 3815,717 3813,230 2792,366
282 3967,922 3813,230 2792,366
283 4034,326 3813,230 2792,366
284 4057,634 3813,230 2792,366
285 4083,422 3813,230 2792,366
286 5964,443 3813,230 2792,366
287 4192,089 3813,230 2792,366
288 4224,269 3813,230 2792,366
289 4243,912 3813,230 2792,366
290 4260,199 3813,230 2792,366
291 4275,078 3813,230 2792,366
292 4287,204 3813,230 2792,366
293 4292,336 3813,230 2792,366
294 4311,489 3813,230 2792,366
295 4320,066 3813,230 2792,366
296 4320,066 3813,230 2792,366
297 4320,066 3813,230 2792,366
298 4320,066 3813,230 2792,366
299 4320,066 3813,230 2792,366
300 4320,066 3813,230 2792,366
301 3813,230 3813,230 2792,366
302 3815,717 3813,230 2792,366
303 3967,922 3813,230 2792,366
304 3967,922 3813,230 2792,366
305 4034,326 3813,230 2792,366
306 4057,634 3813,230 2792,366
307 4083,422 3813,230 2792,366
308 4083,422 3813,230 2792,366
309 4083,664 3813,230 2792,366
310 4119,431 3813,230 2792,366
311 4120,833 3813,230 2792,366
312 4123,255 3813,230 2792,366
313 4192,089 3813,230 2792,366
314 4207,498 3813,230 2792,366
315 4224,269 3813,230 2792,366
316 4243,912 3813,230 2792,366
317 4260,199 3813,230 2792,366
318 4275,078 3813,230 2792,366
319 5118,893 3813,230 2792,366
320 4289,974 3813,230 2792,366
321 3813,230 3769,619 2792,366
322 3815,717 3769,619 2792,366
323 3815,717 3769,619 2792,366
324 3815,717 3769,619 2792,366
325 3857,751 3769,619 2792,366
326 3967,922 3769,619 2792,366
327 3967,922 3769,619 2792,366
328 3967,922 3769,619 2792,366
329 3967,922 3769,619 2792,366
330 4034,326 3769,619 2792,366
331 4057,634 3769,619 2792,366
332 4075,833 3769,619 2792,366
333 4083,422 3769,619 2792,366
334 4083,422 3769,619 2792,366
335 4083,664 3769,619 2792,366
336 4119,431 3769,619 2792,366
337 4120,833 3769,619 2792,366
338 4123,255 3769,619 2792,366
339 4167,735 3769,619 2792,366
340 4192,089 3769,619 2792,366
341 5133,470 3813,230 2792,366
342 3813,230 3813,230 2792,366
343 3815,717 3813,230 2792,366
344 3815,717 3813,230 2792,366
345 3815,717 3813,230 2792,366
346 3857,751 3813,230 2792,366
347 3857,751 3813,230 2792,366
348 3865,664 3813,230 2792,366
349 3967,922 3813,230 2792,366
350 3967,922 3813,230 2792,366
351 3967,922 3813,230 2792,366
352 4496,134 3813,230 2792,366
353 3967,922 3813,230 2792,366
354 3989,838 3813,230 2792,366
355 4034,326 3813,230 2792,366
356 4057,634 3813,230 2792,366
357 4058,225 3813,230 2792,366
358 4075,833 3813,230 2792,366
359 4083,422 3813,230 2792,366
360 4083,422 3813,230 2792,366
361 3813,230 3769,619 2792,366
362 3813,230 3769,619 2792,366
363 3815,717 3769,619 2792,366
364 4310,996 3769,619 2792,366
365 3815,717 3769,619 2792,366
366 3815,717 3769,619 2792,366
367 3815,717 3769,619 2792,366
368 3815,717 3769,619 2792,366
369 3815,717 3769,619 2792,366
370 3857,751 3769,619 2792,366
371 3857,751 3769,619 2792,366
372 3857,751 3769,619 2792,366
373 3857,751 3769,619 2792,366
374 3865,664 3769,619 2792,366
375 3874,338 3769,619 2792,366
376 4415,400 3769,619 2792,366
377 4739,645 3769,619 2792,366
378 4816,231 3769,619 2792,366
379 3906,814 3769,619 2792,366
380 3967,922 3769,619 2792,366
381 3769,619 3769,619 2792,366
382 3782,228 3769,619 2792,366
383 3809,131 3769,619 2792,366
384 3809,131 3769,619 2792,366
385 3812,274 3769,619 2792,366
386 3813,230 3769,619 2792,366
387 3813,230 3769,619 2792,366
388 3813,230 3769,619 2792,366
389 3815,717 3769,619 2792,366
390 3815,717 3769,619 2792,366
391 3815,717 3769,619 2792,366
392 3815,717 3769,619 2792,366
393 3815,717 3769,619 2792,366
394 3815,717 3769,619 2792,366
395 3815,717 3769,619 2792,366
396 3815,717 3769,619 2792,366
397 3815,717 3769,619 2792,366
398 3815,717 3769,619 2792,366
399 4652,048 3769,619 2792,366
400 3857,751 3769,619 2792,366
401 3769,619 3769,619 2792,366
402 3782,228 3769,619 2792,366
403 3809,131 3769,619 2792,366
404 3809,131 3769,619 2792,366
405 3809,131 3769,619 2792,366
406 3809,131 3769,619 2792,366
407 3812,274 3769,619 2792,366
408 3813,230 3769,619 2792,366
409 3813,230 3769,619 2792,366
410 3813,230 3769,619 2792,366
411 3813,230 3769,619 2792,366
412 3813,230 3769,619 2792,366
413 3815,717 3769,619 2792,366
414 3815,717 3769,619 2792,366
415 3815,717 3769,619 2792,366
416 3815,717 3769,619 2792,366
417 3815,717 3769,619 2792,366
418 3815,717 3769,619 2792,366
419 3815,717 3769,619 2792,366
420 3815,717 3769,619 2792,366
421 3769,619 3769,619 2792,366
422 3769,619 3769,619 2792,366
423 3782,228 3769,619 2792,366
424 3809,131 3769,619 2792,366
425 3809,131 3769,619 2792,366
426 3809,131 3769,619 2792,366
427 3809,131 3769,619 2792,366
428 3809,131 3769,619 2792,366
429 3809,131 3769,619 2792,366
430 3809,131 3769,619 2792,366
431 3809,131 3769,619 2792,366
432 3809,131 3769,619 2792,366
433 3809,131 3769,619 2792,366
434 3812,274 3769,619 2792,366
435 3812,274 3769,619 2792,366
436 3812,274 3769,619 2792,366
437 3812,274 3769,619 2792,366
438 3812,274 3769,619 2792,366
439 3812,274 3769,619 2792,366
440 3813,230 3769,619 2792,366
441 3769,619 3769,619 2792,366
442 5371,583 3769,619 2792,366
443 3782,228 3769,619 2792,366
444 3782,228 3769,619 2792,366
445 3782,228 3769,619 2792,366
446 3782,228 3769,619 2792,366
447 3782,228 3769,619 2792,366
448 3809,131 3769,619 2792,366
449 4518,999 3769,619 2792,366
450 3809,131 3769,619 2792,366
451 3809,131 3769,619 2792,366
452 3809,131 3769,619 2792,366
453 3809,131 3769,619 2792,366
454 3809,131 3769,619 2792,366
455 3809,131 3769,619 2792,366
456 3809,131 3769,619 2792,366
457 3809,131 3769,619 2792,366
458 3809,131 3769,619 2792,366
459 3809,131 3769,619 2792,366
460 3809,131 3769,619 2792,366
461 3769,619 3769,619 2792,366
462 3769,619 3769,619 2792,366
463 3782,228 3769,619 2792,366
464 3782,228 3769,619 2792,366
465 3782,228 3769,619 2792,366
466 3782,228 3769,619 2792,366
467 3782,228 3769,619 2792,366
468 3782,228 3769,619 2792,366
469 4609,264 3769,619 2792,366
470 3782,228 3769,619 2792,366
471 3782,228 3769,619 2792,366
472 3782,228 3769,619 2792,366
473 3782,228 3769,619 2792,366
474 3809,131 3769,619 2792,366
475 3809,131 3769,619 2792,366
476 3809,131 3769,619 2792,366
477 3809,131 3769,619 2792,366
478 3809,131 3769,619 2792,366
479 3809,131 3769,619 2792,366
480 3809,131 3769,619 2792,366
481 3769,619 3769,619 2792,366
482 3769,619 3769,619 2792,366
483 3769,619 3769,619 2792,366
484 3769,619 3769,619 2792,366
485 3769,619 3769,619 2792,366
486 3782,228 3769,619 2792,366
487 3782,228 3769,619 2792,366
488 3782,228 3769,619 2792,366
489 3782,228 3769,619 2792,366
490 3782,228 3769,619 2792,366
491 3782,228 3769,619 2792,366
492 3782,228 3769,619 2792,366
493 3782,228 3769,619 2792,366
494 3782,228 3769,619 2792,366
495 3782,228 3769,619 2792,366
496 3782,228 3769,619 2792,366
497 3782,228 3769,619 2792,366
498 3782,228 3769,619 2792,366
499 3782,228 3769,619 2792,366
500 3782,228 3769,619 2792,366
501 3769,619 3769,619 2792,366
502 3769,619 3769,619 2792,366
503 3769,619 3769,619 2792,366
504 3769,619 3769,619 2792,366
505 3769,619 3769,619 2792,366
506 3769,619 3769,619 2792,366
507 3769,619 3769,619 2792,366
508 3769,619 3769,619 2792,366
509 3782,228 3769,619 2792,366
510 4413,161 3769,619 2792,366
511 3782,228 3769,619 2792,366
512 3782,228 3769,619 2792,366
513 3782,228 3769,619 2792,366
514 3782,228 3769,619 2792,366
515 3782,228 3769,619 2792,366
516 3782,228 3769,619 2792,366
517 3782,228 3769,619 2792,366
518 3782,228 3769,619 2792,366
519 3782,228 3769,619 2792,366
520 3782,228 3769,619 2792,366
521 3769,619 3769,619 2792,366
522 3769,619 3769,619 2792,366
523 3769,619 3769,619 2792,366
524 3769,619 3769,619 2792,366
525 3769,619 3769,619 2792,366
526 3769,619 3769,619 2792,366
527 3769,619 3769,619 2792,366
528 3769,619 3769,619 2792,366
529 3769,619 3769,619 2792,366
530 3769,619 3769,619 2792,366
531 3769,619 3769,619 2792,366
532 3769,619 3769,619 2792,366
533 3769,619 3769,619 2792,366
534 3769,619 3769,619 2792,366
535 3769,619 3769,619 2792,366
536 3769,619 3769,619 2792,366
537 3769,619 3769,619 2792,366
538 3769,619 3769,619 2792,366
539 3769,619 3769,619 2792,366
540 3769,619 3769,619 2792,366
541 3769,619 3769,619 2792,366
542 4587,548 3769,619 2792,366
543 3769,619 3769,619 2792,366
544 3769,619 3769,619 2792,366
545 3769,619 3769,619 2792,366
546 3769,619 3769,619 2792,366
547 3769,619 3769,619 2792,366
548 3769,619 3769,619 2792,366
549 3769,619 3769,619 2792,366
550 3769,619 3769,619 2792,366
551 3769,619 3769,619 2792,366
552 3769,619 3769,619 2792,366
553 3769,619 3769,619 2792,366
554 3769,619 3769,619 2792,366
555 3769,619 3769,619 2792,366
556 3769,619 3769,619 2792,366
557 3769,619 3769,619 2792,366
558 3769,619 3769,619 2792,366
559 3769,619 3769,619 2792,366
560 3769,619 3769,619 2792,366
561 4384,095 3769,619 2792,366
562 3769,619 3769,619 2792,366
563 3769,619 3769,619 2792,366
564 3769,619 3769,619 2792,366
565 3769,619 3769,619 2792,366
566 3769,619 3769,619 2792,366
567 3769,619 3769,619 2792,366
568 3769,619 3769,619 2792,366
569 3769,619 3769,619 2792,366
570 3769,619 3769,619 2792,366
571 3769,619 3769,619 2792,366
572 3769,619 3769,619 2792,366
573 3769,619 3769,619 2792,366
574 3769,619 3769,619 2792,366
575 3769,619 3769,619 2792,366
576 3769,619 3769,619 2792,366
577 3769,619 3769,619 2792,366
578 3769,619 3769,619 2792,366
579 3769,619 3769,619 2792,366
580 3769,619 3769,619 2792,366
581 3769,619 3769,619 2792,366
582 3769,619 3769,619 2792,366
583 3769,619 3769,619 2792,366
584 3769,619 3769,619 2792,366
585 3769,619 3769,619 2792,366
586 3769,619 3769,619 2792,366
587 3769,619 3769,619 2792,366
588 3769,619 3769,619 2792,366
589 3769,619 3769,619 2792,366
590 3769,619 3769,619 2792,366
591 3769,619 3769,619 2792,366
592 3769,619 3769,619 2792,366
593 3769,619 3769,619 2792,366
594 3769,619 3769,619 2792,366
595 3769,619 3769,619 2792,366
596 5441,539 3769,619 2792,366
597 3769,619 3769,619 2792,366
598 3769,619 3769,619 2792,366
599 3769,619 3769,619 2792,366
600 3769,619 3769,619 2792,366
601 3769,619 3769,619 2792,366
602 3769,619 3769,619 2792,366
603 3769,619 3769,619 2792,366
604 3769,619 3769,619 2792,366
605 3769,619 3769,619 2792,366
606 3769,619 3769,619 2792,366
607 3769,619 3769,619 2792,366
608 3769,619 3769,619 2792,366
609 3769,619 3769,619 2792,366
610 3769,619 3769,619 2792,366
611 3769,619 3769,619 2792,366
612 3769,619 3769,619 2792,366
613 3769,619 3769,619 2792,366
614 3769,619 3769,619 2792,366
615 3769,619 3769,619 2792,366
616 3769,619 3769,619 2792,366
617 3769,619 3769,619 2792,366
618 3769,619 3769,619 2792,366
619 4780,842 3769,619 2792,366
620 3769,619 3769,619 2792,366
621 3769,619 3769,619 2792,366
622 3769,619 3769,619 2792,366
623 3769,619 3769,619 2792,366
624 3769,619 3769,619 2792,366
625 3769,619 3769,619 2792,366
626 3769,619 3769,619 2792,366
627 3769,619 3769,619 2792,366
628 3769,619 3769,619 2792,366
629 4538,935 3769,619 2792,366
630 3769,619 3769,619 2792,366
631 3769,619 3769,619 2792,366
632 3769,619 3769,619 2792,366
633 3769,619 3769,619 2792,366
634 3769,619 3769,619 2792,366
635 3769,619 3769,619 2792,366
636 3769,619 3769,619 2792,366
637 3769,619 3769,619 2792,366
638 3769,619 3769,619 2792,366
639 3769,619 3769,619 2792,366
640 3769,619 3769,619 2792,366
641 3769,619 3769,619 2792,366
642 3769,619 3769,619 2792,366
643 3769,619 3769,619 2792,366
644 3769,619 3769,619 2792,366
645 3769,619 3769,619 2792,366
646 3769,619 3769,619 2792,366
647 3769,619 3769,619 2792,366
648 3769,619 3769,619 2792,366
649 3769,619 3769,619 2792,366
650 3769,619 3769,619 2792,366
651 3769,619 3769,619 2792,366
652 3769,619 3769,619 2792,366
653 3769,619 3769,619 2792,366
654 3769,619 3769,619 2792,366
655 3769,619 3769,619 2792,366
656 3769,619 3769,619 2792,366
657 3769,619 3769,619 2792,366
658 3769,619 3769,619 2792,366
659 3769,619 3769,619 2792,366
660 3769,619 3769,619 2792,366
661 5098,704 3769,619 2792,366
662 3769,619 3769,619 2792,366
663 3769,619 3769,619 2792,366
664 3769,619 3769,619 2792,366
665 3769,619 3769,619 2792,366
666 3769,619 3769,619 2792,366
667 3769,619 3769,619 2792,366
668 3769,619 3769,619 2792,366
669 3769,619 3769,619 2792,366
670 3769,619 3769,619 2792,366
671 3769,619 3769,619 2792,366
672 3769,619 3769,619 2792,366
673 3769,619 3769,619 2792,366
674 3769,619 3769,619 2792,366
675 3769,619 3769,619 2792,366
676 3769,619 3769,619 2792,366
677 3769,619 3769,619 2792,366
678 3769,619 3769,619 2792,366
679 3769,619 3769,619 2792,366
680 3769,619 3769,619 2792,366
681 3769,619 3769,619 2792,366
682 3769,619 3769,619 2792,366
683 5476,093 3769,619 2792,366
684 3769,619 3769,619 2792,366
685 3769,619 3769,619 2792,366
686 3769,619 3769,619 2792,366
687 3769,619 3769,619 2792,366
688 3769,619 3769,619 2792,366
689 3769,619 3769,619 2792,366
690 3769,619 3769,619 2792,366
691 3769,619 3769,619 2792,366
692 3769,619 3769,619 2792,366
693 3769,619 3769,619 2792,366
694 3769,619 3769,619 2792,366
695 3769,619 3769,619 2792,366
696 3769,619 3769,619 2792,366
697 3769,619 3769,619 2792,366
698 3769,619 3769,619 2792,366
699 3769,619 3769,619 2792,366
700 3769,619 3769,619 2792,366
701 3769,619 3769,619 2792,366
702 3769,619 3769,619 2792,366
703 3769,619 3769,619 2792,366
704 3769,619 3769,619 2792,366
705 3769,619 3769,619 2792,366
706 3769,619 3769,619 2792,366
707 3769,619 3769,619 2792,366
708 4922,074 3769,619 2792,366
709 3769,619 3769,619 2792,366
710 3769,619 3769,619 2792,366
711 3769,619 3769,619 2792,366
712 3769,619 3769,619 2792,366
713 3769,619 3769,619 2792,366
714 3769,619 3769,619 2792,366
715 3769,619 3769,619 2792,366
716 5294,281 3769,619 2792,366
717 4146,395 3769,619 2792,366
718 3769,619 3769,619 2792,366
719 3769,619 3769,619 2792,366
720 3769,619 3769,619 2792,366
721 3769,619 3769,619 2792,366
722 3769,619 3769,619 2792,366
723 3769,619 3769,619 2792,366
724 3769,619 3769,619 2792,366
725 3769,619 3769,619 2792,366
726 3769,619 3769,619 2792,366
727 3769,619 3769,619 2792,366
728 3769,619 3769,619 2792,366
729 3769,619 3769,619 2792,366
730 3769,619 3769,619 2792,366
731 3769,619 3769,619 2792,366
732 3769,619 3769,619 2792,366
733 3769,619 3769,619 2792,366
734 3769,619 3769,619 2792,366
735 3769,619 3769,619 2792,366
736 3769,619 3769,619 2792,366
737 3769,619 3769,619 2792,366
738 3769,619 3769,619 2792,366
739 3769,619 3769,619 2792,366
740 3769,619 3769,619 2792,366
741 3769,619 3769,619 2792,366
742 3769,619 3769,619 2792,366
743 3769,619 3769,619 2792,366
744 3769,619 3769,619 2792,366
745 3769,619 3769,619 2792,366
746 3769,619 3769,619 2792,366
747 3769,619 3769,619 2792,366
748 3769,619 3769,619 2792,366
749 3769,619 3769,619 2792,366
750 3769,619 3769,619 2792,366
751 3769,619 3769,619 2792,366
752 3769,619 3769,619 2792,366
753 3769,619 3769,619 2792,366
754 3769,619 3769,619 2792,366
755 3769,619 3769,619 2792,366
756 3769,619 3769,619 2792,366
757 3769,619 3769,619 2792,366
758 3769,619 3769,619 2792,366
759 3769,619 3769,619 2792,366
760 3769,619 3769,619 2792,366
761 5505,188 3769,619 2792,366
762 3769,619 3769,619 2792,366
763 3769,619 3769,619 2792,366
764 3769,619 3769,619 2792,366
765 3769,619 3769,619 2792,366
766 3769,619 3769,619 2792,366
767 3769,619 3769,619 2792,366
768 3769,619 3769,619 2792,366
769 4666,931 3769,619 2792,366
770 3769,619 3769,619 2792,366
771 3769,619 3769,619 2792,366
772 3769,619 3769,619 2792,366
773 5065,609 3769,619 2792,366
774 3769,619 3769,619 2792,366
775 3769,619 3769,619 2792,366
776 3769,619 3769,619 2792,366
777 3769,619 3769,619 2792,366
778 3769,619 3769,619 2792,366
779 3769,619 3769,619 2792,366
780 3769,619 3769,619 2792,366
781 3769,619 3769,619 2792,366
782 3769,619 3769,619 2792,366
783 3769,619 3769,619 2792,366
784 3769,619 3769,619 2792,366
785 3769,619 3769,619 2792,366
786 3769,619 3769,619 2792,366
787 3769,619 3769,619 2792,366
788 3769,619 3769,619 2792,366
789 3769,619 3769,619 2792,366
790 3769,619 3769,619 2792,366
791 3769,619 3769,619 2792,366
792 3769,619 3769,619 2792,366
793 3911,727 3769,619 2792,366
794 3769,619 3769,619 2792,366
795 3769,619 3769,619 2792,366
796 3769,619 3769,619 2792,366
797 3769,619 3769,619 2792,366
798 3769,619 3769,619 2792,366
799 3769,619 3769,619 2792,366
800 3769,619 3769,619 2792,366
