nrOsobnika current best_current best_global
1 6211,768 5467,759 2951,769
2 6648,097 5467,759 2951,769
3 6655,869 5467,759 2951,769
4 5975,483 5467,759 2951,769
5 6358,042 5467,759 2951,769
6 6218,067 5467,759 2951,769
7 7199,481 5467,759 2951,769
8 6204,560 5467,759 2951,769
9 6452,567 5467,759 2951,769
10 7002,276 5467,759 2951,769
11 5906,614 5467,759 2951,769
12 6208,977 5467,759 2951,769
13 5787,188 5467,759 2951,769
14 6265,585 5467,759 2951,769
15 6513,183 5467,759 2951,769
16 6338,974 5467,759 2951,769
17 6564,845 5467,759 2951,769
18 5892,977 5467,759 2951,769
19 6018,541 5467,759 2951,769
20 5467,759 5467,759 2951,769
21 5467,759 5467,759 2951,769
22 5490,599 5467,759 2951,769
23 5784,841 5467,759 2951,769
24 5787,188 5467,759 2951,769
25 5892,977 5467,759 2951,769
26 5906,614 5467,759 2951,769
27 5975,483 5467,759 2951,769
28 5981,953 5467,759 2951,769
29 6011,290 5467,759 2951,769
30 6018,541 5467,759 2951,769
31 6060,728 5467,759 2951,769
32 6092,567 5467,759 2951,769
33 6100,028 5467,759 2951,769
34 6140,365 5467,759 2951,769
35 6156,538 5467,759 2951,769
36 6204,560 5467,759 2951,769
37 6208,977 5467,759 2951,769
38 6211,768 5467,759 2951,769
39 6218,067 5467,759 2951,769
40 6265,585 5467,759 2951,769
41 5467,759 5094,666 2951,769
42 5472,110 5094,666 2951,769
43 5490,599 5094,666 2951,769
44 5611,502 5094,666 2951,769
45 5622,351 5094,666 2951,769
46 5757,763 5094,666 2951,769
47 5784,841 5094,666 2951,769
48 5787,188 5094,666 2951,769
49 5847,789 5094,666 2951,769
50 5949,045 5094,666 2951,769
51 5906,357 5094,666 2951,769
52 5906,614 5094,666 2951,769
53 5946,484 5094,666 2951,769
54 5968,468 5094,666 2951,769
55 5975,483 5094,666 2951,769
56 5981,953 5094,666 2951,769
57 6011,290 5094,666 2951,769
58 6018,541 5094,666 2951,769
59 6027,657 5094,666 2951,769
60 6060,728 5094,666 2951,769
61 5094,666 5094,666 2951,769
62 5216,245 5094,666 2951,769
63 5467,759 5094,666 2951,769
64 5472,110 5094,666 2951,769
65 5490,599 5094,666 2951,769
66 5611,502 5094,666 2951,769
67 5622,351 5094,666 2951,769
68 5699,768 5094,666 2951,769
69 5711,387 5094,666 2951,769
70 5757,095 5094,666 2951,769
71 5757,619 5094,666 2951,769
72 5757,763 5094,666 2951,769
73 5784,841 5094,666 2951,769
74 5787,188 5094,666 2951,769
75 5790,953 5094,666 2951,769
76 5794,415 5094,666 2951,769
77 5829,008 5094,666 2951,769
78 5847,789 5094,666 2951,769
79 5906,357 5094,666 2951,769
80 5906,614 5094,666 2951,769
81 5094,666 4809,999 2951,769
82 5190,164 4809,999 2951,769
83 5193,636 4809,999 2951,769
84 5216,245 4809,999 2951,769
85 5467,759 4809,999 2951,769
86 5472,110 4809,999 2951,769
87 5490,599 4809,999 2951,769
88 5611,502 4809,999 2951,769
89 5622,351 4809,999 2951,769
90 5699,768 4809,999 2951,769
91 5711,387 4809,999 2951,769
92 5757,095 4809,999 2951,769
93 5757,619 4809,999 2951,769
94 5757,763 4809,999 2951,769
95 5784,841 4809,999 2951,769
96 5787,188 4809,999 2951,769
97 5790,953 4809,999 2951,769
98 5794,415 4809,999 2951,769
99 5806,106 4809,999 2951,769
100 5829,008 4809,999 2951,769
101 4809,999 4809,999 2951,769
102 4821,865 4809,999 2951,769
103 4867,190 4809,999 2951,769
104 5094,666 4809,999 2951,769
105 5190,164 4809,999 2951,769
106 5193,636 4809,999 2951,769
107 5216,245 4809,999 2951,769
108 5232,406 4809,999 2951,769
109 5303,202 4809,999 2951,769
110 5322,990 4809,999 2951,769
111 5328,617 4809,999 2951,769
112 5371,069 4809,999 2951,769
113 5413,123 4809,999 2951,769
114 5437,059 4809,999 2951,769
115 5467,759 4809,999 2951,769
116 5472,110 4809,999 2951,769
117 5490,599 4809,999 2951,769
118 5515,254 4809,999 2951,769
119 5535,182 4809,999 2951,769
120 5557,683 4809,999 2951,769
121 5637,656 4577,991 2951,769
122 4821,865 4577,991 2951,769
123 4867,190 4577,991 2951,769
124 5024,153 4577,991 2951,769
125 5094,666 4577,991 2951,769
126 5111,435 4577,991 2951,769
127 5190,164 4577,991 2951,769
128 5193,636 4577,991 2951,769
129 5216,245 4577,991 2951,769
130 5232,406 4577,991 2951,769
131 5245,454 4577,991 2951,769
132 5295,085 4577,991 2951,769
133 5303,202 4577,991 2951,769
134 5322,990 4577,991 2951,769
135 5328,617 4577,991 2951,769
136 5371,069 4577,991 2951,769
137 5383,989 4577,991 2951,769
138 5411,905 4577,991 2951,769
139 5413,123 4577,991 2951,769
140 5437,059 4577,991 2951,769
141 4577,991 4538,035 2951,769
142 4821,865 4538,035 2951,769
143 4867,190 4538,035 2951,769
144 4922,494 4538,035 2951,769
145 4934,763 4538,035 2951,769
146 5024,153 4538,035 2951,769
147 5025,003 4538,035 2951,769
148 5094,666 4538,035 2951,769
149 5111,435 4538,035 2951,769
150 4807,044 4538,035 2951,769
151 5193,636 4538,035 2951,769
152 5216,245 4538,035 2951,769
153 5232,406 4538,035 2951,769
154 5245,454 4538,035 2951,769
155 5295,085 4538,035 2951,769
156 5303,202 4538,035 2951,769
157 5322,990 4538,035 2951,769
158 5328,617 4538,035 2951,769
159 5357,548 4538,035 2951,769
160 5362,082 4538,035 2951,769
161 4538,035 4504,156 2951,769
162 4577,991 4504,156 2951,769
163 4637,494 4504,156 2951,769
164 4669,779 4504,156 2951,769
165 4807,044 4504,156 2951,769
166 4821,865 4504,156 2951,769
167 4867,190 4504,156 2951,769
168 4922,494 4504,156 2951,769
169 4934,763 4504,156 2951,769
170 4975,427 4504,156 2951,769
171 5024,153 4504,156 2951,769
172 6234,589 4504,156 2951,769
173 5094,666 4504,156 2951,769
174 5097,850 4504,156 2951,769
175 5111,435 4504,156 2951,769
176 5193,636 4504,156 2951,769
177 5216,245 4504,156 2951,769
178 5232,406 4504,156 2951,769
179 5245,454 4504,156 2951,769
180 5295,085 4504,156 2951,769
181 4504,156 4051,735 2951,769
182 4538,035 4051,735 2951,769
183 4577,991 4051,735 2951,769
184 4637,494 4051,735 2951,769
185 4669,779 4051,735 2951,769
186 4706,749 4051,735 2951,769
187 4712,776 4051,735 2951,769
188 4807,044 4051,735 2951,769
189 4821,865 4051,735 2951,769
190 4867,190 4051,735 2951,769
191 4922,494 4051,735 2951,769
192 4934,763 4051,735 2951,769
193 4975,427 4051,735 2951,769
194 5024,153 4051,735 2951,769
195 5043,074 4051,735 2951,769
196 5062,510 4051,735 2951,769
197 5063,571 4051,735 2951,769
198 5084,645 4051,735 2951,769
199 5094,666 4051,735 2951,769
200 5097,850 4051,735 2951,769
201 4051,735 4051,735 2951,769
202 4235,899 4051,735 2951,769
203 4458,791 4051,735 2951,769
204 4504,156 4051,735 2951,769
205 4538,035 4051,735 2951,769
206 4577,991 4051,735 2951,769
207 4618,513 4051,735 2951,769
208 4637,494 4051,735 2951,769
209 4667,465 4051,735 2951,769
210 4852,233 4051,735 2951,769
211 4706,749 4051,735 2951,769
212 4707,792 4051,735 2951,769
213 4712,776 4051,735 2951,769
214 4714,701 4051,735 2951,769
215 4727,330 4051,735 2951,769
216 4775,878 4051,735 2951,769
217 4807,044 4051,735 2951,769
218 4821,865 4051,735 2951,769
219 4945,579 4051,735 2951,769
220 4867,190 4051,735 2951,769
221 4051,735 3748,810 2951,769
222 4212,793 3748,810 2951,769
223 4235,899 3748,810 2951,769
224 3936,499 3748,810 2951,769
225 4326,959 3748,810 2951,769
226 4458,791 3748,810 2951,769
227 4474,863 3748,810 2951,769
228 4483,635 3748,810 2951,769
229 4504,156 3748,810 2951,769
230 4510,877 3748,810 2951,769
231 4538,035 3748,810 2951,769
232 4577,991 3748,810 2951,769
233 4603,946 3748,810 2951,769
234 4618,513 3748,810 2951,769
235 4637,494 3748,810 2951,769
236 4667,465 3748,810 2951,769
237 4669,779 3748,810 2951,769
238 4706,749 3748,810 2951,769
239 4707,792 3748,810 2951,769
240 5390,955 3748,810 2951,769
241 3748,810 3748,810 2951,769
242 3936,499 3748,810 2951,769
243 4026,466 3748,810 2951,769
244 3979,000 3748,810 2951,769
245 4096,730 3748,810 2951,769
246 4212,793 3748,810 2951,769
247 4235,899 3748,810 2951,769
248 6031,663 3748,810 2951,769
249 4369,322 3748,810 2951,769
250 4423,136 3748,810 2951,769
251 4431,272 3748,810 2951,769
252 4458,791 3748,810 2951,769
253 4474,863 3748,810 2951,769
254 4483,635 3748,810 2951,769
255 4504,156 3748,810 2951,769
256 4510,877 3748,810 2951,769
257 4538,035 3748,810 2951,769
258 4568,882 3748,810 2951,769
259 4577,991 3748,810 2951,769
260 4588,528 3748,810 2951,769
261 3748,810 3710,265 2951,769
262 3804,122 3710,265 2951,769
263 3936,499 3710,265 2951,769
264 3979,000 3710,265 2951,769
265 3996,792 3710,265 2951,769
266 4026,466 3710,265 2951,769
267 4096,730 3710,265 2951,769
268 4096,730 3710,265 2951,769
269 4116,064 3710,265 2951,769
270 4137,763 3710,265 2951,769
271 4212,793 3710,265 2951,769
272 4212,793 3710,265 2951,769
273 4235,899 3710,265 2951,769
274 4285,539 3710,265 2951,769
275 4346,541 3710,265 2951,769
276 4369,322 3710,265 2951,769
277 4398,479 3710,265 2951,769
278 4423,136 3710,265 2951,769
279 4431,272 3710,265 2951,769
280 4458,791 3710,265 2951,769
281 3710,265 3558,057 2951,769
282 3748,810 3558,057 2951,769
283 4639,098 3558,057 2951,769
284 3791,177 3558,057 2951,769
285 3791,177 3558,057 2951,769
286 3804,122 3558,057 2951,769
287 3936,499 3558,057 2951,769
288 3965,621 3558,057 2951,769
289 3973,790 3558,057 2951,769
290 3979,000 3558,057 2951,769
291 3996,792 3558,057 2951,769
292 4026,466 3558,057 2951,769
293 4033,247 3558,057 2951,769
294 4096,730 3558,057 2951,769
295 4096,730 3558,057 2951,769
296 4116,064 3558,057 2951,769
297 4137,763 3558,057 2951,769
298 4140,493 3558,057 2951,769
299 5640,859 3558,057 2951,769
300 4212,793 3558,057 2951,769
301 3558,057 3472,425 2951,769
302 3598,621 3472,425 2951,769
303 3666,177 3472,425 2951,769
304 3710,265 3472,425 2951,769
305 3710,265 3472,425 2951,769
306 3748,810 3472,425 2951,769
307 3748,810 3472,425 2951,769
308 3791,177 3472,425 2951,769
309 3791,177 3472,425 2951,769
310 3791,177 3472,425 2951,769
311 3791,177 3472,425 2951,769
312 3791,177 3472,425 2951,769
313 3803,221 3472,425 2951,769
314 3804,122 3472,425 2951,769
315 3806,988 3472,425 2951,769
316 3846,264 3472,425 2951,769
317 3871,874 3472,425 2951,769
318 3936,499 3472,425 2951,769
319 3965,621 3472,425 2951,769
320 3973,790 3472,425 2951,769
321 3472,425 3472,425 2951,769
322 3472,425 3472,425 2951,769
323 3507,808 3472,425 2951,769
324 3558,057 3472,425 2951,769
325 3588,380 3472,425 2951,769
326 3598,621 3472,425 2951,769
327 3611,090 3472,425 2951,769
328 3611,878 3472,425 2951,769
329 3666,177 3472,425 2951,769
330 3698,125 3472,425 2951,769
331 3710,265 3472,425 2951,769
332 3710,265 3472,425 2951,769
333 3717,461 3472,425 2951,769
334 3748,810 3472,425 2951,769
335 3748,810 3472,425 2951,769
336 3748,810 3472,425 2951,769
337 3748,810 3472,425 2951,769
338 3791,177 3472,425 2951,769
339 3791,177 3472,425 2951,769
340 3791,177 3472,425 2951,769
341 3618,686 3437,148 2951,769
342 3472,425 3437,148 2951,769
343 3472,425 3437,148 2951,769
344 3507,808 3437,148 2951,769
345 3507,808 3437,148 2951,769
346 3558,057 3437,148 2951,769
347 3558,057 3437,148 2951,769
348 3588,380 3437,148 2951,769
349 3588,380 3437,148 2951,769
350 3598,621 3437,148 2951,769
351 3611,090 3437,148 2951,769
352 3611,878 3437,148 2951,769
353 3666,177 3437,148 2951,769
354 3666,177 3437,148 2951,769
355 3698,125 3437,148 2951,769
356 3698,125 3437,148 2951,769
357 3710,265 3437,148 2951,769
358 3710,265 3437,148 2951,769
359 3717,461 3437,148 2951,769
360 3748,810 3437,148 2951,769
361 3437,148 3437,148 2951,769
362 3472,425 3437,148 2951,769
363 3472,425 3437,148 2951,769
364 3472,425 3437,148 2951,769
365 3493,491 3437,148 2951,769
366 3507,808 3437,148 2951,769
367 3507,808 3437,148 2951,769
368 5964,807 3437,148 2951,769
369 3514,664 3437,148 2951,769
370 3543,534 3437,148 2951,769
371 3558,057 3437,148 2951,769
372 3990,555 3437,148 2951,769
373 3588,380 3437,148 2951,769
374 5826,005 3437,148 2951,769
375 3595,606 3437,148 2951,769
376 3598,621 3437,148 2951,769
377 3611,090 3437,148 2951,769
378 3611,878 3437,148 2951,769
379 3618,686 3437,148 2951,769
380 3647,416 3437,148 2951,769
381 3437,148 3340,813 2951,769
382 3472,425 3340,813 2951,769
383 3472,425 3340,813 2951,769
384 3472,425 3340,813 2951,769
385 3493,491 3340,813 2951,769
386 3493,491 3340,813 2951,769
387 3507,808 3340,813 2951,769
388 3507,808 3340,813 2951,769
389 3507,808 3340,813 2951,769
390 3507,808 3340,813 2951,769
391 3514,664 3340,813 2951,769
392 3532,517 3340,813 2951,769
393 3543,534 3340,813 2951,769
394 3543,534 3340,813 2951,769
395 3548,578 3340,813 2951,769
396 6123,325 3340,813 2951,769
397 3558,057 3340,813 2951,769
398 3588,380 3340,813 2951,769
399 3588,380 3340,813 2951,769
400 3595,606 3340,813 2951,769
401 3340,813 3306,846 2951,769
402 3437,148 3306,846 2951,769
403 3464,033 3306,846 2951,769
404 3472,425 3306,846 2951,769
405 3613,062 3306,846 2951,769
406 3472,425 3306,846 2951,769
407 3493,491 3306,846 2951,769
408 3493,491 3306,846 2951,769
409 4562,323 3306,846 2951,769
410 3507,808 3306,846 2951,769
411 3507,808 3306,846 2951,769
412 3507,808 3306,846 2951,769
413 3510,974 3306,846 2951,769
414 3514,664 3306,846 2951,769
415 3514,664 3306,846 2951,769
416 3520,287 3306,846 2951,769
417 3532,517 3306,846 2951,769
418 3541,367 3306,846 2951,769
419 3543,534 3306,846 2951,769
420 3543,534 3306,846 2951,769
421 3306,846 3204,330 2951,769
422 3340,813 3204,330 2951,769
423 3340,813 3204,330 2951,769
424 3437,148 3204,330 2951,769
425 3464,033 3204,330 2951,769
426 3472,425 3204,330 2951,769
427 3472,425 3204,330 2951,769
428 3476,512 3204,330 2951,769
429 3493,491 3204,330 2951,769
430 3493,491 3204,330 2951,769
431 3497,447 3204,330 2951,769
432 3507,808 3204,330 2951,769
433 4338,396 3204,330 2951,769
434 3507,808 3204,330 2951,769
435 3507,808 3204,330 2951,769
436 3507,808 3204,330 2951,769
437 3507,808 3204,330 2951,769
438 3510,974 3204,330 2951,769
439 3510,974 3204,330 2951,769
440 3510,974 3204,330 2951,769
441 3204,330 3197,822 2951,769
442 3582,725 3197,822 2951,769
443 3306,846 3197,822 2951,769
444 3323,217 3197,822 2951,769
445 4165,836 3197,822 2951,769
446 3340,813 3197,822 2951,769
447 3340,813 3197,822 2951,769
448 3340,813 3197,822 2951,769
449 3340,813 3197,822 2951,769
450 3340,813 3197,822 2951,769
451 3437,148 3197,822 2951,769
452 3457,765 3197,822 2951,769
453 3457,765 3197,822 2951,769
454 3464,033 3197,822 2951,769
455 3472,425 3197,822 2951,769
456 3472,425 3197,822 2951,769
457 3472,425 3197,822 2951,769
458 3476,512 3197,822 2951,769
459 3476,512 3197,822 2951,769
460 3493,491 3197,822 2951,769
461 3197,822 3197,822 2951,769
462 3204,330 3197,822 2951,769
463 3204,330 3197,822 2951,769
464 3289,949 3197,822 2951,769
465 3306,846 3197,822 2951,769
466 3992,746 3197,822 2951,769
467 3323,217 3197,822 2951,769
468 3340,813 3197,822 2951,769
469 3340,813 3197,822 2951,769
470 3340,813 3197,822 2951,769
471 3340,813 3197,822 2951,769
472 3340,813 3197,822 2951,769
473 3340,813 3197,822 2951,769
474 3340,813 3197,822 2951,769
475 4878,995 3197,822 2951,769
476 3340,813 3197,822 2951,769
477 3340,813 3197,822 2951,769
478 3340,813 3197,822 2951,769
479 3340,813 3197,822 2951,769
480 3340,813 3197,822 2951,769
481 3197,822 3197,822 2951,769
482 3197,822 3197,822 2951,769
483 3204,330 3197,822 2951,769
484 3204,330 3197,822 2951,769
485 3204,330 3197,822 2951,769
486 3289,949 3197,822 2951,769
487 3289,949 3197,822 2951,769
488 3289,949 3197,822 2951,769
489 3306,846 3197,822 2951,769
490 3306,846 3197,822 2951,769
491 3306,846 3197,822 2951,769
492 3323,217 3197,822 2951,769
493 3323,217 3197,822 2951,769
494 3340,813 3197,822 2951,769
495 3340,813 3197,822 2951,769
496 5706,683 3197,822 2951,769
497 3340,813 3197,822 2951,769
498 3340,813 3197,822 2951,769
499 3340,813 3197,822 2951,769
500 3340,813 3197,822 2951,769
501 3197,822 3197,822 2951,769
502 3197,822 3197,822 2951,769
503 3197,822 3197,822 2951,769
504 3197,822 3197,822 2951,769
505 4680,837 3197,822 2951,769
506 3204,330 3197,822 2951,769
507 3204,330 3197,822 2951,769
508 3204,330 3197,822 2951,769
509 3204,330 3197,822 2951,769
510 3283,963 3197,822 2951,769
511 3289,949 3197,822 2951,769
512 3289,949 3197,822 2951,769
513 3289,949 3197,822 2951,769
514 3289,949 3197,822 2951,769
515 3289,949 3197,822 2951,769
516 4587,416 3197,822 2951,769
517 3306,846 3197,822 2951,769
518 3306,846 3197,822 2951,769
519 3306,846 3197,822 2951,769
520 3306,846 3197,822 2951,769
521 3197,822 3197,822 2951,769
522 3197,822 3197,822 2951,769
523 3197,822 3197,822 2951,769
524 3197,822 3197,822 2951,769
525 3197,822 3197,822 2951,769
526 3197,822 3197,822 2951,769
527 3197,822 3197,822 2951,769
528 3197,822 3197,822 2951,769
529 3204,330 3197,822 2951,769
530 3204,330 3197,822 2951,769
531 3358,921 3197,822 2951,769
532 3204,330 3197,822 2951,769
533 3204,330 3197,822 2951,769
534 3204,330 3197,822 2951,769
535 3204,330 3197,822 2951,769
536 3204,330 3197,822 2951,769
537 3204,330 3197,822 2951,769
538 3204,330 3197,822 2951,769
539 3204,330 3197,822 2951,769
540 3283,963 3197,822 2951,769
541 3197,822 3197,822 2951,769
542 3197,822 3197,822 2951,769
543 3197,822 3197,822 2951,769
544 3197,822 3197,822 2951,769
545 3197,822 3197,822 2951,769
546 3197,822 3197,822 2951,769
547 3197,822 3197,822 2951,769
548 3197,822 3197,822 2951,769
549 3197,822 3197,822 2951,769
550 3197,822 3197,822 2951,769
551 3197,822 3197,822 2951,769
552 3197,822 3197,822 2951,769
553 3508,392 3197,822 2951,769
554 3197,822 3197,822 2951,769
555 3197,822 3197,822 2951,769
556 3197,822 3197,822 2951,769
557 3197,822 3197,822 2951,769
558 3204,330 3197,822 2951,769
559 3204,330 3197,822 2951,769
560 3204,330 3197,822 2951,769
561 3197,822 3197,822 2951,769
562 3197,822 3197,822 2951,769
563 3197,822 3197,822 2951,769
564 3197,822 3197,822 2951,769
565 3197,822 3197,822 2951,769
566 3197,822 3197,822 2951,769
567 3197,822 3197,822 2951,769
568 3197,822 3197,822 2951,769
569 3197,822 3197,822 2951,769
570 3197,822 3197,822 2951,769
571 3197,822 3197,822 2951,769
572 3197,822 3197,822 2951,769
573 3197,822 3197,822 2951,769
574 3197,822 3197,822 2951,769
575 3197,822 3197,822 2951,769
576 5049,397 3197,822 2951,769
577 3197,822 3197,822 2951,769
578 3197,822 3197,822 2951,769
579 3197,822 3197,822 2951,769
580 3197,822 3197,822 2951,769
581 3197,822 3197,822 2951,769
582 3197,822 3197,822 2951,769
583 3197,822 3197,822 2951,769
584 3197,822 3197,822 2951,769
585 3197,822 3197,822 2951,769
586 3197,822 3197,822 2951,769
587 3197,822 3197,822 2951,769
588 3197,822 3197,822 2951,769
589 3197,822 3197,822 2951,769
590 3197,822 3197,822 2951,769
591 3197,822 3197,822 2951,769
592 3197,822 3197,822 2951,769
593 5552,645 3197,822 2951,769
594 3197,822 3197,822 2951,769
595 3197,822 3197,822 2951,769
596 3197,822 3197,822 2951,769
597 3197,822 3197,822 2951,769
598 3197,822 3197,822 2951,769
599 3197,822 3197,822 2951,769
600 3197,822 3197,822 2951,769
601 3197,822 3197,822 2951,769
602 3197,822 3197,822 2951,769
603 3197,822 3197,822 2951,769
604 3197,822 3197,822 2951,769
605 3197,822 3197,822 2951,769
606 3197,822 3197,822 2951,769
607 3197,822 3197,822 2951,769
608 3197,822 3197,822 2951,769
609 3197,822 3197,822 2951,769
610 3197,822 3197,822 2951,769
611 3197,822 3197,822 2951,769
612 3197,822 3197,822 2951,769
613 3197,822 3197,822 2951,769
614 3197,822 3197,822 2951,769
615 3197,822 3197,822 2951,769
616 3197,822 3197,822 2951,769
617 3197,822 3197,822 2951,769
618 3197,822 3197,822 2951,769
619 3197,822 3197,822 2951,769
620 3197,822 3197,822 2951,769
621 3197,822 3197,822 2951,769
622 3197,822 3197,822 2951,769
623 3197,822 3197,822 2951,769
624 3197,822 3197,822 2951,769
625 3197,822 3197,822 2951,769
626 3197,822 3197,822 2951,769
627 3197,822 3197,822 2951,769
628 3197,822 3197,822 2951,769
629 3197,822 3197,822 2951,769
630 3197,822 3197,822 2951,769
631 3197,822 3197,822 2951,769
632 5897,350 3197,822 2951,769
633 3197,822 3197,822 2951,769
634 3197,822 3197,822 2951,769
635 3197,822 3197,822 2951,769
636 3197,822 3197,822 2951,769
637 3197,822 3197,822 2951,769
638 3197,822 3197,822 2951,769
639 3197,822 3197,822 2951,769
640 3197,822 3197,822 2951,769
641 3197,822 3197,822 2951,769
642 3197,822 3197,822 2951,769
643 3197,822 3197,822 2951,769
644 3197,822 3197,822 2951,769
645 3197,822 3197,822 2951,769
646 3197,822 3197,822 2951,769
647 3197,822 3197,822 2951,769
648 3197,822 3197,822 2951,769
649 3197,822 3197,822 2951,769
650 3197,822 3197,822 2951,769
651 3197,822 3197,822 2951,769
652 3197,822 3197,822 2951,769
653 3197,822 3197,822 2951,769
654 3197,822 3197,822 2951,769
655 3197,822 3197,822 2951,769
656 3197,822 3197,822 2951,769
657 3197,822 3197,822 2951,769
658 3197,822 3197,822 2951,769
659 3197,822 3197,822 2951,769
660 3197,822 3197,822 2951,769
661 3197,822 3197,822 2951,769
662 3197,822 3197,822 2951,769
663 3197,822 3197,822 2951,769
664 3197,822 3197,822 2951,769
665 3197,822 3197,822 2951,769
666 3197,822 3197,822 2951,769
667 3197,822 3197,822 2951,769
668 3197,822 3197,822 2951,769
669 3197,822 3197,822 2951,769
670 3197,822 3197,822 2951,769
671 3829,837 3197,822 2951,769
672 3197,822 3197,822 2951,769
673 4552,775 3197,822 2951,769
674 3197,822 3197,822 2951,769
675 3197,822 3197,822 2951,769
676 3197,822 3197,822 2951,769
677 3197,822 3197,822 2951,769
678 3197,822 3197,822 2951,769
679 3197,822 3197,822 2951,769
680 3197,822 3197,822 2951,769
681 3197,822 3197,822 2951,769
682 3197,822 3197,822 2951,769
683 3197,822 3197,822 2951,769
684 3197,822 3197,822 2951,769
685 3197,822 3197,822 2951,769
686 3197,822 3197,822 2951,769
687 3197,822 3197,822 2951,769
688 3197,822 3197,822 2951,769
689 3197,822 3197,822 2951,769
690 3197,822 3197,822 2951,769
691 3197,822 3197,822 2951,769
692 3197,822 3197,822 2951,769
693 3197,822 3197,822 2951,769
694 3197,822 3197,822 2951,769
695 3323,217 3197,822 2951,769
696 3197,822 3197,822 2951,769
697 3197,822 3197,822 2951,769
698 3197,822 3197,822 2951,769
699 3197,822 3197,822 2951,769
700 3197,822 3197,822 2951,769
701 3197,822 3063,659 2951,769
702 3197,822 3063,659 2951,769
703 3197,822 3063,659 2951,769
704 3197,822 3063,659 2951,769
705 3197,822 3063,659 2951,769
706 3197,822 3063,659 2951,769
707 3197,822 3063,659 2951,769
708 3197,822 3063,659 2951,769
709 3197,822 3063,659 2951,769
710 3197,822 3063,659 2951,769
711 3197,822 3063,659 2951,769
712 3197,822 3063,659 2951,769
713 3197,822 3063,659 2951,769
714 3197,822 3063,659 2951,769
715 3197,822 3063,659 2951,769
716 3197,822 3063,659 2951,769
717 3197,822 3063,659 2951,769
718 3197,822 3063,659 2951,769
719 3197,822 3063,659 2951,769
720 3063,659 3063,659 2951,769
721 3063,659 3063,659 2951,769
722 3197,822 3063,659 2951,769
723 3197,822 3063,659 2951,769
724 3197,822 3063,659 2951,769
725 3197,822 3063,659 2951,769
726 3197,822 3063,659 2951,769
727 3197,822 3063,659 2951,769
728 3197,822 3063,659 2951,769
729 3197,822 3063,659 2951,769
730 3197,822 3063,659 2951,769
731 3197,822 3063,659 2951,769
732 3197,822 3063,659 2951,769
733 5093,783 3063,659 2951,769
734 3197,822 3063,659 2951,769
735 3197,822 3063,659 2951,769
736 3197,822 3063,659 2951,769
737 3197,822 3063,659 2951,769
738 3197,822 3063,659 2951,769
739 3197,822 3063,659 2951,769
740 3197,822 3063,659 2951,769
741 3063,659 3063,659 2951,769
742 3063,659 3063,659 2951,769
743 3063,659 3063,659 2951,769
744 3197,822 3063,659 2951,769
745 3197,822 3063,659 2951,769
746 3197,822 3063,659 2951,769
747 3793,007 3063,659 2951,769
748 3197,822 3063,659 2951,769
749 3197,822 3063,659 2951,769
750 3197,822 3063,659 2951,769
751 3197,822 3063,659 2951,769
752 3197,822 3063,659 2951,769
753 3197,822 3063,659 2951,769
754 3197,822 3063,659 2951,769
755 3197,822 3063,659 2951,769
756 3197,822 3063,659 2951,769
757 3197,822 3063,659 2951,769
758 3197,822 3063,659 2951,769
759 3197,822 3063,659 2951,769
760 3197,822 3063,659 2951,769
761 3063,659 3063,659 2951,769
762 3063,659 3063,659 2951,769
763 3563,515 3063,659 2951,769
764 3063,659 3063,659 2951,769
765 3063,659 3063,659 2951,769
766 3063,659 3063,659 2951,769
767 3197,822 3063,659 2951,769
768 3197,822 3063,659 2951,769
769 3197,822 3063,659 2951,769
770 3197,822 3063,659 2951,769
771 3197,822 3063,659 2951,769
772 3197,822 3063,659 2951,769
773 3197,822 3063,659 2951,769
774 3197,822 3063,659 2951,769
775 3197,822 3063,659 2951,769
776 3197,822 3063,659 2951,769
777 3197,822 3063,659 2951,769
778 3197,822 3063,659 2951,769
779 3197,822 3063,659 2951,769
780 3197,822 3063,659 2951,769
781 3063,659 3063,659 2951,769
782 3063,659 3063,659 2951,769
783 3063,659 3063,659 2951,769
784 3063,659 3063,659 2951,769
785 3063,659 3063,659 2951,769
786 5010,960 3063,659 2951,769
787 3063,659 3063,659 2951,769
788 3063,659 3063,659 2951,769
789 3063,659 3063,659 2951,769
790 3063,659 3063,659 2951,769
791 3063,659 3063,659 2951,769
792 3063,659 3063,659 2951,769
793 3063,659 3063,659 2951,769
794 3063,659 3063,659 2951,769
795 3063,659 3063,659 2951,769
796 3197,822 3063,659 2951,769
797 3197,822 3063,659 2951,769
798 3197,822 3063,659 2951,769
799 3197,822 3063,659 2951,769
800 3197,822 3063,659 2951,769
