nrOsobnika current best_current best_global
1 6337,324 5243,412 2792,366
2 6086,627 5243,412 2792,366
3 5243,412 5243,412 2792,366
4 6571,805 5243,412 2792,366
5 6613,402 5243,412 2792,366
6 5663,913 5243,412 2792,366
7 7733,664 5243,412 2792,366
8 5915,986 5243,412 2792,366
9 5389,940 5243,412 2792,366
10 6743,710 5243,412 2792,366
11 6331,065 5243,412 2792,366
12 6279,532 5243,412 2792,366
13 6913,952 5243,412 2792,366
14 6658,921 5243,412 2792,366
15 6070,627 5243,412 2792,366
16 6757,097 5243,412 2792,366
17 6060,998 5243,412 2792,366
18 6719,899 5243,412 2792,366
19 5414,717 5243,412 2792,366
20 7124,810 5243,412 2792,366
21 5243,412 4968,006 2792,366
22 5389,940 4968,006 2792,366
23 5414,717 4968,006 2792,366
24 5535,427 4968,006 2792,366
25 5544,311 4968,006 2792,366
26 5663,913 4968,006 2792,366
27 5766,450 4968,006 2792,366
28 5814,053 4968,006 2792,366
29 5888,870 4968,006 2792,366
30 5915,986 4968,006 2792,366
31 6060,998 4968,006 2792,366
32 6070,627 4968,006 2792,366
33 6086,627 4968,006 2792,366
34 6099,503 4968,006 2792,366
35 6058,512 4968,006 2792,366
36 6222,050 4968,006 2792,366
37 6279,532 4968,006 2792,366
38 6331,065 4968,006 2792,366
39 6337,324 4968,006 2792,366
40 6361,678 4968,006 2792,366
41 4968,006 4968,006 2792,366
42 5243,412 4968,006 2792,366
43 5344,888 4968,006 2792,366
44 5389,940 4968,006 2792,366
45 5414,717 4968,006 2792,366
46 5535,427 4968,006 2792,366
47 5544,311 4968,006 2792,366
48 5631,724 4968,006 2792,366
49 5662,051 4968,006 2792,366
50 5663,913 4968,006 2792,366
51 5669,076 4968,006 2792,366
52 5670,110 4968,006 2792,366
53 5766,450 4968,006 2792,366
54 5814,053 4968,006 2792,366
55 5848,290 4968,006 2792,366
56 5888,870 4968,006 2792,366
57 5915,986 4968,006 2792,366
58 6011,311 4968,006 2792,366
59 6060,998 4968,006 2792,366
60 6070,627 4968,006 2792,366
61 4968,006 4968,006 2792,366
62 5242,418 4968,006 2792,366
63 5243,114 4968,006 2792,366
64 5243,412 4968,006 2792,366
65 5344,888 4968,006 2792,366
66 5389,940 4968,006 2792,366
67 5414,717 4968,006 2792,366
68 5490,604 4968,006 2792,366
69 5535,427 4968,006 2792,366
70 5544,311 4968,006 2792,366
71 5631,724 4968,006 2792,366
72 5633,769 4968,006 2792,366
73 5662,051 4968,006 2792,366
74 5663,913 4968,006 2792,366
75 5669,076 4968,006 2792,366
76 5670,110 4968,006 2792,366
77 5686,919 4968,006 2792,366
78 5764,637 4968,006 2792,366
79 5766,450 4968,006 2792,366
80 5813,038 4968,006 2792,366
81 4968,006 4968,006 2792,366
82 5164,585 4968,006 2792,366
83 5173,408 4968,006 2792,366
84 5242,418 4968,006 2792,366
85 5243,114 4968,006 2792,366
86 5243,412 4968,006 2792,366
87 5344,888 4968,006 2792,366
88 5389,940 4968,006 2792,366
89 5390,211 4968,006 2792,366
90 5414,717 4968,006 2792,366
91 5426,355 4968,006 2792,366
92 5429,544 4968,006 2792,366
93 5462,379 4968,006 2792,366
94 5490,604 4968,006 2792,366
95 5535,427 4968,006 2792,366
96 5544,311 4968,006 2792,366
97 5631,724 4968,006 2792,366
98 5633,769 4968,006 2792,366
99 6110,338 4968,006 2792,366
100 5663,913 4968,006 2792,366
101 4968,006 4968,006 2792,366
102 4987,122 4968,006 2792,366
103 5164,585 4968,006 2792,366
104 5173,408 4968,006 2792,366
105 5211,497 4968,006 2792,366
106 5241,439 4968,006 2792,366
107 5242,418 4968,006 2792,366
108 5242,418 4968,006 2792,366
109 5243,114 4968,006 2792,366
110 5243,412 4968,006 2792,366
111 5243,412 4968,006 2792,366
112 5260,343 4968,006 2792,366
113 5266,848 4968,006 2792,366
114 5310,375 4968,006 2792,366
115 5344,888 4968,006 2792,366
116 5389,940 4968,006 2792,366
117 5390,211 4968,006 2792,366
118 5390,211 4968,006 2792,366
119 5414,717 4968,006 2792,366
120 5426,355 4968,006 2792,366
121 4968,006 4244,062 2792,366
122 4987,122 4244,062 2792,366
123 5159,760 4244,062 2792,366
124 5164,585 4244,062 2792,366
125 5173,408 4244,062 2792,366
126 5211,497 4244,062 2792,366
127 5241,439 4244,062 2792,366
128 5242,418 4244,062 2792,366
129 5242,418 4244,062 2792,366
130 5243,114 4244,062 2792,366
131 5243,412 4244,062 2792,366
132 5243,412 4244,062 2792,366
133 5260,343 4244,062 2792,366
134 5266,848 4244,062 2792,366
135 5310,375 4244,062 2792,366
136 5344,888 4244,062 2792,366
137 5350,762 4244,062 2792,366
138 5389,940 4244,062 2792,366
139 5390,211 4244,062 2792,366
140 5390,211 4244,062 2792,366
141 4244,062 4244,062 2792,366
142 4480,807 4244,062 2792,366
143 4610,480 4244,062 2792,366
144 4885,175 4244,062 2792,366
145 4968,006 4244,062 2792,366
146 4987,122 4244,062 2792,366
147 5059,286 4244,062 2792,366
148 5159,760 4244,062 2792,366
149 5164,585 4244,062 2792,366
150 5173,408 4244,062 2792,366
151 5286,765 4244,062 2792,366
152 5211,497 4244,062 2792,366
153 5241,439 4244,062 2792,366
154 5242,418 4244,062 2792,366
155 5242,418 4244,062 2792,366
156 5243,114 4244,062 2792,366
157 5243,412 4244,062 2792,366
158 5243,412 4244,062 2792,366
159 5244,606 4244,062 2792,366
160 5260,343 4244,062 2792,366
161 4244,062 4244,062 2792,366
162 4480,807 4244,062 2792,366
163 4610,480 4244,062 2792,366
164 4669,652 4244,062 2792,366
165 4801,280 4244,062 2792,366
166 4824,790 4244,062 2792,366
167 4885,175 4244,062 2792,366
168 4968,006 4244,062 2792,366
169 4972,355 4244,062 2792,366
170 4987,122 4244,062 2792,366
171 5059,286 4244,062 2792,366
172 5159,760 4244,062 2792,366
173 5164,585 4244,062 2792,366
174 5173,408 4244,062 2792,366
175 5181,062 4244,062 2792,366
176 6881,417 4244,062 2792,366
177 5211,497 4244,062 2792,366
178 5241,439 4244,062 2792,366
179 5242,418 4244,062 2792,366
180 5242,418 4244,062 2792,366
181 4244,062 4244,062 2792,366
182 4404,736 4244,062 2792,366
183 4480,807 4244,062 2792,366
184 4500,942 4244,062 2792,366
185 4610,480 4244,062 2792,366
186 4640,679 4244,062 2792,366
187 4669,652 4244,062 2792,366
188 4687,728 4244,062 2792,366
189 4707,512 4244,062 2792,366
190 4801,280 4244,062 2792,366
191 4824,790 4244,062 2792,366
192 4885,175 4244,062 2792,366
193 4899,696 4244,062 2792,366
194 4907,315 4244,062 2792,366
195 4968,006 4244,062 2792,366
196 4972,355 4244,062 2792,366
197 4987,122 4244,062 2792,366
198 5009,953 4244,062 2792,366
199 5059,286 4244,062 2792,366
200 5059,286 4244,062 2792,366
201 4244,062 4244,062 2792,366
202 4353,855 4244,062 2792,366
203 4404,736 4244,062 2792,366
204 4480,807 4244,062 2792,366
205 4500,942 4244,062 2792,366
206 4610,480 4244,062 2792,366
207 4611,917 4244,062 2792,366
208 4618,351 4244,062 2792,366
209 4638,221 4244,062 2792,366
210 4640,679 4244,062 2792,366
211 4669,652 4244,062 2792,366
212 4681,890 4244,062 2792,366
213 4687,728 4244,062 2792,366
214 4707,512 4244,062 2792,366
215 4801,280 4244,062 2792,366
216 4824,790 4244,062 2792,366
217 4827,670 4244,062 2792,366
218 4864,419 4244,062 2792,366
219 4885,175 4244,062 2792,366
220 4891,275 4244,062 2792,366
221 4244,062 4025,870 2792,366
222 4299,731 4025,870 2792,366
223 4346,335 4025,870 2792,366
224 4353,855 4025,870 2792,366
225 4395,261 4025,870 2792,366
226 5241,362 4025,870 2792,366
227 4480,807 4025,870 2792,366
228 4500,942 4025,870 2792,366
229 4583,305 4025,870 2792,366
230 5583,310 4025,870 2792,366
231 4611,917 4025,870 2792,366
232 4618,351 4025,870 2792,366
233 4627,200 4025,870 2792,366
234 4638,221 4025,870 2792,366
235 4638,221 4025,870 2792,366
236 4640,679 4025,870 2792,366
237 4669,652 4025,870 2792,366
238 4681,890 4025,870 2792,366
239 4681,890 4025,870 2792,366
240 4687,728 4025,870 2792,366
241 4025,870 3986,804 2792,366
242 4134,571 3986,804 2792,366
243 4244,062 3986,804 2792,366
244 4299,731 3986,804 2792,366
245 5129,373 3986,804 2792,366
246 4353,855 3986,804 2792,366
247 4395,261 3986,804 2792,366
248 4433,184 3986,804 2792,366
249 4480,807 3986,804 2792,366
250 4500,942 3986,804 2792,366
251 4569,989 3986,804 2792,366
252 4583,044 3986,804 2792,366
253 4583,305 3986,804 2792,366
254 4611,917 3986,804 2792,366
255 4618,351 3986,804 2792,366
256 4627,200 3986,804 2792,366
257 4638,221 3986,804 2792,366
258 4638,221 3986,804 2792,366
259 4667,230 3986,804 2792,366
260 4669,652 3986,804 2792,366
261 3986,804 3986,804 2792,366
262 4025,870 3986,804 2792,366
263 4025,870 3986,804 2792,366
264 4134,571 3986,804 2792,366
265 4134,571 3986,804 2792,366
266 4147,312 3986,804 2792,366
267 4203,794 3986,804 2792,366
268 4244,062 3986,804 2792,366
269 4299,731 3986,804 2792,366
270 4346,335 3986,804 2792,366
271 4353,855 3986,804 2792,366
272 4372,270 3986,804 2792,366
273 4395,261 3986,804 2792,366
274 4433,088 3986,804 2792,366
275 4433,184 3986,804 2792,366
276 4473,163 3986,804 2792,366
277 4480,807 3986,804 2792,366
278 4500,942 3986,804 2792,366
279 4569,989 3986,804 2792,366
280 4578,798 3986,804 2792,366
281 3986,804 3986,804 2792,366
282 4025,870 3986,804 2792,366
283 4025,870 3986,804 2792,366
284 4056,027 3986,804 2792,366
285 4134,571 3986,804 2792,366
286 4134,571 3986,804 2792,366
287 4134,571 3986,804 2792,366
288 4134,571 3986,804 2792,366
289 4134,571 3986,804 2792,366
290 4147,312 3986,804 2792,366
291 4166,902 3986,804 2792,366
292 4201,326 3986,804 2792,366
293 4201,326 3986,804 2792,366
294 4203,794 3986,804 2792,366
295 4203,794 3986,804 2792,366
296 4244,062 3986,804 2792,366
297 4244,062 3986,804 2792,366
298 4299,731 3986,804 2792,366
299 4311,409 3986,804 2792,366
300 4346,335 3986,804 2792,366
301 3986,804 3986,804 2792,366
302 3986,804 3986,804 2792,366
303 4025,870 3986,804 2792,366
304 4025,870 3986,804 2792,366
305 4025,870 3986,804 2792,366
306 4025,870 3986,804 2792,366
307 4056,027 3986,804 2792,366
308 4056,027 3986,804 2792,366
309 4134,571 3986,804 2792,366
310 4134,571 3986,804 2792,366
311 4134,571 3986,804 2792,366
312 4134,571 3986,804 2792,366
313 4134,571 3986,804 2792,366
314 4134,571 3986,804 2792,366
315 5323,791 3986,804 2792,366
316 4134,571 3986,804 2792,366
317 4146,360 3986,804 2792,366
318 4147,312 3986,804 2792,366
319 4166,902 3986,804 2792,366
320 4201,326 3986,804 2792,366
321 3986,804 3986,804 2792,366
322 3986,804 3986,804 2792,366
323 4442,643 3986,804 2792,366
324 4025,870 3986,804 2792,366
325 4025,870 3986,804 2792,366
326 4025,870 3986,804 2792,366
327 4025,870 3986,804 2792,366
328 4025,870 3986,804 2792,366
329 4025,870 3986,804 2792,366
330 4025,870 3986,804 2792,366
331 4025,870 3986,804 2792,366
332 4025,870 3986,804 2792,366
333 4025,870 3986,804 2792,366
334 4025,870 3986,804 2792,366
335 4025,870 3986,804 2792,366
336 4056,027 3986,804 2792,366
337 4056,027 3986,804 2792,366
338 4095,093 3986,804 2792,366
339 4134,571 3986,804 2792,366
340 4181,074 3986,804 2792,366
341 3986,804 3986,804 2792,366
342 3986,804 3986,804 2792,366
343 5364,003 3986,804 2792,366
344 3986,804 3986,804 2792,366
345 3986,804 3986,804 2792,366
346 4025,870 3986,804 2792,366
347 4025,870 3986,804 2792,366
348 4686,556 3986,804 2792,366
349 4025,870 3986,804 2792,366
350 4025,870 3986,804 2792,366
351 4025,870 3986,804 2792,366
352 4025,870 3986,804 2792,366
353 4025,870 3986,804 2792,366
354 4025,870 3986,804 2792,366
355 4025,870 3986,804 2792,366
356 4025,870 3986,804 2792,366
357 4025,870 3986,804 2792,366
358 4025,870 3986,804 2792,366
359 4025,870 3986,804 2792,366
360 4025,870 3986,804 2792,366
361 3986,804 3968,262 2792,366
362 3986,804 3968,262 2792,366
363 5581,865 3968,262 2792,366
364 3986,804 3968,262 2792,366
365 3986,804 3968,262 2792,366
366 4025,870 3968,262 2792,366
367 4025,870 3968,262 2792,366
368 4091,824 3968,262 2792,366
369 4025,870 3968,262 2792,366
370 3968,262 3968,262 2792,366
371 4025,870 3968,262 2792,366
372 4025,870 3968,262 2792,366
373 4025,870 3968,262 2792,366
374 4025,870 3968,262 2792,366
375 4025,870 3968,262 2792,366
376 4025,870 3968,262 2792,366
377 4025,870 3968,262 2792,366
378 4025,870 3968,262 2792,366
379 4025,870 3968,262 2792,366
380 4025,870 3968,262 2792,366
381 3968,262 3968,262 2792,366
382 3986,804 3968,262 2792,366
383 3986,804 3968,262 2792,366
384 3986,804 3968,262 2792,366
385 3986,804 3968,262 2792,366
386 3986,804 3968,262 2792,366
387 3986,804 3968,262 2792,366
388 3986,804 3968,262 2792,366
389 3986,804 3968,262 2792,366
390 3986,804 3968,262 2792,366
391 3986,804 3968,262 2792,366
392 3986,804 3968,262 2792,366
393 4025,870 3968,262 2792,366
394 4025,870 3968,262 2792,366
395 4025,870 3968,262 2792,366
396 4025,870 3968,262 2792,366
397 4025,870 3968,262 2792,366
398 4025,870 3968,262 2792,366
399 4025,870 3968,262 2792,366
400 4025,870 3968,262 2792,366
401 3968,262 3968,262 2792,366
402 3968,262 3968,262 2792,366
403 3968,262 3968,262 2792,366
404 3986,804 3968,262 2792,366
405 3986,804 3968,262 2792,366
406 3986,804 3968,262 2792,366
407 3986,804 3968,262 2792,366
408 3986,804 3968,262 2792,366
409 3986,804 3968,262 2792,366
410 3986,804 3968,262 2792,366
411 3986,804 3968,262 2792,366
412 3986,804 3968,262 2792,366
413 3986,804 3968,262 2792,366
414 3986,804 3968,262 2792,366
415 3986,804 3968,262 2792,366
416 3986,804 3968,262 2792,366
417 3986,804 3968,262 2792,366
418 3986,804 3968,262 2792,366
419 3986,804 3968,262 2792,366
420 3986,804 3968,262 2792,366
421 3968,262 3968,262 2792,366
422 3968,262 3968,262 2792,366
423 3968,262 3968,262 2792,366
424 3968,262 3968,262 2792,366
425 3968,262 3968,262 2792,366
426 3986,804 3968,262 2792,366
427 3986,804 3968,262 2792,366
428 3986,804 3968,262 2792,366
429 3986,804 3968,262 2792,366
430 3986,804 3968,262 2792,366
431 3986,804 3968,262 2792,366
432 3986,804 3968,262 2792,366
433 3986,804 3968,262 2792,366
434 3986,804 3968,262 2792,366
435 3986,804 3968,262 2792,366
436 3986,804 3968,262 2792,366
437 3986,804 3968,262 2792,366
438 3986,804 3968,262 2792,366
439 3986,804 3968,262 2792,366
440 3986,804 3968,262 2792,366
441 3968,262 3968,262 2792,366
442 3968,262 3968,262 2792,366
443 3968,262 3968,262 2792,366
444 3968,262 3968,262 2792,366
445 3968,262 3968,262 2792,366
446 3968,262 3968,262 2792,366
447 3986,804 3968,262 2792,366
448 3986,804 3968,262 2792,366
449 3986,804 3968,262 2792,366
450 3986,804 3968,262 2792,366
451 3986,804 3968,262 2792,366
452 3986,804 3968,262 2792,366
453 3986,804 3968,262 2792,366
454 3986,804 3968,262 2792,366
455 3986,804 3968,262 2792,366
456 3986,804 3968,262 2792,366
457 3986,804 3968,262 2792,366
458 3986,804 3968,262 2792,366
459 3986,804 3968,262 2792,366
460 3986,804 3968,262 2792,366
461 3968,262 3968,262 2792,366
462 3968,262 3968,262 2792,366
463 3968,262 3968,262 2792,366
464 3968,262 3968,262 2792,366
465 3968,262 3968,262 2792,366
466 3968,262 3968,262 2792,366
467 3968,262 3968,262 2792,366
468 3968,262 3968,262 2792,366
469 3968,262 3968,262 2792,366
470 3968,262 3968,262 2792,366
471 3968,262 3968,262 2792,366
472 3968,262 3968,262 2792,366
473 3968,262 3968,262 2792,366
474 3968,262 3968,262 2792,366
475 3986,804 3968,262 2792,366
476 3986,804 3968,262 2792,366
477 3986,804 3968,262 2792,366
478 3986,804 3968,262 2792,366
479 3986,804 3968,262 2792,366
480 3986,804 3968,262 2792,366
481 3968,262 3968,262 2792,366
482 3968,262 3968,262 2792,366
483 3968,262 3968,262 2792,366
484 3968,262 3968,262 2792,366
485 3968,262 3968,262 2792,366
486 3968,262 3968,262 2792,366
487 3968,262 3968,262 2792,366
488 3968,262 3968,262 2792,366
489 3968,262 3968,262 2792,366
490 3968,262 3968,262 2792,366
491 3968,262 3968,262 2792,366
492 3968,262 3968,262 2792,366
493 3968,262 3968,262 2792,366
494 3968,262 3968,262 2792,366
495 3968,262 3968,262 2792,366
496 3968,262 3968,262 2792,366
497 3968,262 3968,262 2792,366
498 3968,262 3968,262 2792,366
499 3968,262 3968,262 2792,366
500 3968,262 3968,262 2792,366
501 3968,262 3968,262 2792,366
502 3968,262 3968,262 2792,366
503 3968,262 3968,262 2792,366
504 3968,262 3968,262 2792,366
505 3968,262 3968,262 2792,366
506 3968,262 3968,262 2792,366
507 3968,262 3968,262 2792,366
508 3968,262 3968,262 2792,366
509 3968,262 3968,262 2792,366
510 3968,262 3968,262 2792,366
511 3968,262 3968,262 2792,366
512 3968,262 3968,262 2792,366
513 3968,262 3968,262 2792,366
514 3968,262 3968,262 2792,366
515 3968,262 3968,262 2792,366
516 3968,262 3968,262 2792,366
517 3968,262 3968,262 2792,366
518 3968,262 3968,262 2792,366
519 3968,262 3968,262 2792,366
520 3968,262 3968,262 2792,366
521 3968,262 3968,262 2792,366
522 3968,262 3968,262 2792,366
523 4347,750 3968,262 2792,366
524 3968,262 3968,262 2792,366
525 5234,274 3968,262 2792,366
526 3968,262 3968,262 2792,366
527 3968,262 3968,262 2792,366
528 3968,262 3968,262 2792,366
529 3968,262 3968,262 2792,366
530 4612,714 3968,262 2792,366
531 3968,262 3968,262 2792,366
532 3968,262 3968,262 2792,366
533 3968,262 3968,262 2792,366
534 3968,262 3968,262 2792,366
535 5208,497 3968,262 2792,366
536 3968,262 3968,262 2792,366
537 3968,262 3968,262 2792,366
538 3968,262 3968,262 2792,366
539 3968,262 3968,262 2792,366
540 3968,262 3968,262 2792,366
541 3968,262 3965,357 2792,366
542 3968,262 3965,357 2792,366
543 3968,262 3965,357 2792,366
544 3968,262 3965,357 2792,366
545 3968,262 3965,357 2792,366
546 3968,262 3965,357 2792,366
547 5266,587 3965,357 2792,366
548 3968,262 3965,357 2792,366
549 3968,262 3965,357 2792,366
550 3968,262 3965,357 2792,366
551 3968,262 3965,357 2792,366
552 3968,262 3965,357 2792,366
553 3965,357 3965,357 2792,366
554 3968,262 3965,357 2792,366
555 3968,262 3965,357 2792,366
556 3968,262 3965,357 2792,366
557 3968,262 3965,357 2792,366
558 3968,262 3965,357 2792,366
559 3968,262 3965,357 2792,366
560 3968,262 3965,357 2792,366
561 3965,357 3965,357 2792,366
562 3968,262 3965,357 2792,366
563 3968,262 3965,357 2792,366
564 3968,262 3965,357 2792,366
565 3968,262 3965,357 2792,366
566 3968,262 3965,357 2792,366
567 3968,262 3965,357 2792,366
568 3968,262 3965,357 2792,366
569 3968,262 3965,357 2792,366
570 3968,262 3965,357 2792,366
571 3968,262 3965,357 2792,366
572 3968,262 3965,357 2792,366
573 3968,262 3965,357 2792,366
574 4761,597 3965,357 2792,366
575 3968,262 3965,357 2792,366
576 3968,262 3965,357 2792,366
577 3968,262 3965,357 2792,366
578 3968,262 3965,357 2792,366
579 3968,262 3965,357 2792,366
580 3968,262 3965,357 2792,366
581 3965,357 3931,456 2792,366
582 3965,357 3931,456 2792,366
583 3968,262 3931,456 2792,366
584 3968,262 3931,456 2792,366
585 3968,262 3931,456 2792,366
586 3968,262 3931,456 2792,366
587 3968,262 3931,456 2792,366
588 3968,262 3931,456 2792,366
589 3968,262 3931,456 2792,366
590 3968,262 3931,456 2792,366
591 3968,262 3931,456 2792,366
592 3968,262 3931,456 2792,366
593 3968,262 3931,456 2792,366
594 3968,262 3931,456 2792,366
595 3968,262 3931,456 2792,366
596 3968,262 3931,456 2792,366
597 3968,262 3931,456 2792,366
598 3968,262 3931,456 2792,366
599 3968,262 3931,456 2792,366
600 3968,262 3931,456 2792,366
601 3931,456 3931,456 2792,366
602 3965,357 3931,456 2792,366
603 3965,357 3931,456 2792,366
604 3965,357 3931,456 2792,366
605 3965,357 3931,456 2792,366
606 3968,262 3931,456 2792,366
607 3968,262 3931,456 2792,366
608 3968,262 3931,456 2792,366
609 3968,262 3931,456 2792,366
610 3968,262 3931,456 2792,366
611 3968,262 3931,456 2792,366
612 3968,262 3931,456 2792,366
613 3968,262 3931,456 2792,366
614 3968,262 3931,456 2792,366
615 3968,262 3931,456 2792,366
616 3968,262 3931,456 2792,366
617 3968,262 3931,456 2792,366
618 3968,262 3931,456 2792,366
619 3968,262 3931,456 2792,366
620 5338,246 3931,456 2792,366
621 3931,456 3931,456 2792,366
622 3931,456 3931,456 2792,366
623 3931,456 3931,456 2792,366
624 3965,357 3931,456 2792,366
625 3965,357 3931,456 2792,366
626 3965,357 3931,456 2792,366
627 3965,357 3931,456 2792,366
628 3965,357 3931,456 2792,366
629 3965,357 3931,456 2792,366
630 3965,357 3931,456 2792,366
631 3965,357 3931,456 2792,366
632 3965,357 3931,456 2792,366
633 3965,357 3931,456 2792,366
634 3968,262 3931,456 2792,366
635 3968,262 3931,456 2792,366
636 3968,262 3931,456 2792,366
637 3968,262 3931,456 2792,366
638 3968,262 3931,456 2792,366
639 3968,262 3931,456 2792,366
640 3968,262 3931,456 2792,366
641 3931,456 3931,456 2792,366
642 3931,456 3931,456 2792,366
643 3931,456 3931,456 2792,366
644 3931,456 3931,456 2792,366
645 3931,456 3931,456 2792,366
646 3931,456 3931,456 2792,366
647 3965,357 3931,456 2792,366
648 3965,357 3931,456 2792,366
649 3965,357 3931,456 2792,366
650 3965,357 3931,456 2792,366
651 3965,357 3931,456 2792,366
652 3965,357 3931,456 2792,366
653 3965,357 3931,456 2792,366
654 3965,357 3931,456 2792,366
655 3965,357 3931,456 2792,366
656 3965,357 3931,456 2792,366
657 3965,357 3931,456 2792,366
658 3965,357 3931,456 2792,366
659 3965,357 3931,456 2792,366
660 3965,357 3931,456 2792,366
661 3931,456 3931,456 2792,366
662 3931,456 3931,456 2792,366
663 3931,456 3931,456 2792,366
664 3931,456 3931,456 2792,366
665 3931,456 3931,456 2792,366
666 3931,456 3931,456 2792,366
667 3931,456 3931,456 2792,366
668 5415,302 3931,456 2792,366
669 3931,456 3931,456 2792,366
670 3931,456 3931,456 2792,366
671 3931,456 3931,456 2792,366
672 3931,456 3931,456 2792,366
673 3931,456 3931,456 2792,366
674 3931,456 3931,456 2792,366
675 3931,456 3931,456 2792,366
676 3931,456 3931,456 2792,366
677 3931,456 3931,456 2792,366
678 3931,456 3931,456 2792,366
679 3931,456 3931,456 2792,366
680 3931,456 3931,456 2792,366
681 3931,456 3931,456 2792,366
682 3931,456 3931,456 2792,366
683 3931,456 3931,456 2792,366
684 3931,456 3931,456 2792,366
685 3931,456 3931,456 2792,366
686 5519,305 3931,456 2792,366
687 3931,456 3931,456 2792,366
688 3931,456 3931,456 2792,366
689 3931,456 3931,456 2792,366
690 3931,456 3931,456 2792,366
691 3931,456 3931,456 2792,366
692 3931,456 3931,456 2792,366
693 3931,456 3931,456 2792,366
694 3931,456 3931,456 2792,366
695 3931,456 3931,456 2792,366
696 3931,456 3931,456 2792,366
697 3931,456 3931,456 2792,366
698 3931,456 3931,456 2792,366
699 3931,456 3931,456 2792,366
700 3931,456 3931,456 2792,366
701 3931,456 3931,456 2792,366
702 3965,357 3931,456 2792,366
703 3931,456 3931,456 2792,366
704 3931,456 3931,456 2792,366
705 3931,456 3931,456 2792,366
706 3931,456 3931,456 2792,366
707 3931,456 3931,456 2792,366
708 3931,456 3931,456 2792,366
709 3931,456 3931,456 2792,366
710 3931,456 3931,456 2792,366
711 3931,456 3931,456 2792,366
712 3931,456 3931,456 2792,366
713 3931,456 3931,456 2792,366
714 3931,456 3931,456 2792,366
715 3931,456 3931,456 2792,366
716 3931,456 3931,456 2792,366
717 3931,456 3931,456 2792,366
718 3931,456 3931,456 2792,366
719 3931,456 3931,456 2792,366
720 3931,456 3931,456 2792,366
721 3931,456 3931,456 2792,366
722 3931,456 3931,456 2792,366
723 3931,456 3931,456 2792,366
724 3931,456 3931,456 2792,366
725 3931,456 3931,456 2792,366
726 3931,456 3931,456 2792,366
727 3931,456 3931,456 2792,366
728 3931,456 3931,456 2792,366
729 3931,456 3931,456 2792,366
730 3931,456 3931,456 2792,366
731 3931,456 3931,456 2792,366
732 3931,456 3931,456 2792,366
733 3931,456 3931,456 2792,366
734 3931,456 3931,456 2792,366
735 3931,456 3931,456 2792,366
736 3931,456 3931,456 2792,366
737 3931,456 3931,456 2792,366
738 3931,456 3931,456 2792,366
739 3931,456 3931,456 2792,366
740 3931,456 3931,456 2792,366
741 3931,456 3931,456 2792,366
742 3931,456 3931,456 2792,366
743 3931,456 3931,456 2792,366
744 3931,456 3931,456 2792,366
745 3931,456 3931,456 2792,366
746 3931,456 3931,456 2792,366
747 3931,456 3931,456 2792,366
748 3931,456 3931,456 2792,366
749 3931,456 3931,456 2792,366
750 3931,456 3931,456 2792,366
751 3931,456 3931,456 2792,366
752 3931,456 3931,456 2792,366
753 3931,456 3931,456 2792,366
754 3931,456 3931,456 2792,366
755 3931,456 3931,456 2792,366
756 3931,456 3931,456 2792,366
757 3931,456 3931,456 2792,366
758 3931,456 3931,456 2792,366
759 3931,456 3931,456 2792,366
760 3931,456 3931,456 2792,366
761 3931,456 3931,456 2792,366
762 3931,456 3931,456 2792,366
763 3931,456 3931,456 2792,366
764 3931,456 3931,456 2792,366
765 4859,412 3931,456 2792,366
766 3931,456 3931,456 2792,366
767 3931,456 3931,456 2792,366
768 3931,456 3931,456 2792,366
769 3931,456 3931,456 2792,366
770 3931,456 3931,456 2792,366
771 3931,456 3931,456 2792,366
772 3931,456 3931,456 2792,366
773 3931,456 3931,456 2792,366
774 3931,456 3931,456 2792,366
775 3931,456 3931,456 2792,366
776 3931,456 3931,456 2792,366
777 3931,456 3931,456 2792,366
778 4343,053 3931,456 2792,366
779 3931,456 3931,456 2792,366
780 3931,456 3931,456 2792,366
781 3931,456 3931,456 2792,366
782 3931,456 3931,456 2792,366
783 3931,456 3931,456 2792,366
784 3931,456 3931,456 2792,366
785 3931,456 3931,456 2792,366
786 3931,456 3931,456 2792,366
787 3931,456 3931,456 2792,366
788 3931,456 3931,456 2792,366
789 3931,456 3931,456 2792,366
790 3931,456 3931,456 2792,366
791 3931,456 3931,456 2792,366
792 3931,456 3931,456 2792,366
793 5180,897 3931,456 2792,366
794 3931,456 3931,456 2792,366
795 3931,456 3931,456 2792,366
796 3931,456 3931,456 2792,366
797 3931,456 3931,456 2792,366
798 3931,456 3931,456 2792,366
799 3931,456 3931,456 2792,366
800 3931,456 3931,456 2792,366
