nrOsobnika current best_current best_global
1 6878,672 5131,863 2951,769
2 6389,483 5131,863 2951,769
3 6743,122 5131,863 2951,769
4 6719,905 5131,863 2951,769
5 5988,542 5131,863 2951,769
6 6110,515 5131,863 2951,769
7 6526,165 5131,863 2951,769
8 7274,240 5131,863 2951,769
9 6296,999 5131,863 2951,769
10 6020,052 5131,863 2951,769
11 6462,978 5131,863 2951,769
12 6302,898 5131,863 2951,769
13 6612,543 5131,863 2951,769
14 7861,259 5131,863 2951,769
15 6400,123 5131,863 2951,769
16 6981,239 5131,863 2951,769
17 7277,479 5131,863 2951,769
18 8004,006 5131,863 2951,769
19 5676,543 5131,863 2951,769
20 5841,590 5131,863 2951,769
21 5131,863 5131,863 2951,769
22 5554,342 5131,863 2951,769
23 5676,543 5131,863 2951,769
24 6828,498 5131,863 2951,769
25 5709,278 5131,863 2951,769
26 5841,590 5131,863 2951,769
27 5918,487 5131,863 2951,769
28 5921,936 5131,863 2951,769
29 5988,542 5131,863 2951,769
30 6020,052 5131,863 2951,769
31 6070,176 5131,863 2951,769
32 6075,896 5131,863 2951,769
33 6075,896 5131,863 2951,769
34 6110,515 5131,863 2951,769
35 6110,515 5131,863 2951,769
36 6122,837 5131,863 2951,769
37 6163,282 5131,863 2951,769
38 6239,653 5131,863 2951,769
39 6261,357 5131,863 2951,769
40 6296,999 5131,863 2951,769
41 5131,863 4975,783 2951,769
42 5740,310 4975,783 2951,769
43 5554,342 4975,783 2951,769
44 5585,903 4975,783 2951,769
45 5606,494 4975,783 2951,769
46 5617,741 4975,783 2951,769
47 5660,870 4975,783 2951,769
48 5676,543 4975,783 2951,769
49 5709,278 4975,783 2951,769
50 5727,925 4975,783 2951,769
51 5734,657 4975,783 2951,769
52 5751,952 4975,783 2951,769
53 5758,326 4975,783 2951,769
54 5758,326 4975,783 2951,769
55 5763,109 4975,783 2951,769
56 5841,590 4975,783 2951,769
57 5871,776 4975,783 2951,769
58 5918,487 4975,783 2951,769
59 5921,936 4975,783 2951,769
60 5988,542 4975,783 2951,769
61 4975,783 4830,526 2951,769
62 4995,893 4830,526 2951,769
63 5131,863 4830,526 2951,769
64 5318,127 4830,526 2951,769
65 5461,204 4830,526 2951,769
66 5468,145 4830,526 2951,769
67 5493,216 4830,526 2951,769
68 5554,342 4830,526 2951,769
69 5585,903 4830,526 2951,769
70 5606,494 4830,526 2951,769
71 5617,741 4830,526 2951,769
72 5660,870 4830,526 2951,769
73 5662,206 4830,526 2951,769
74 5676,543 4830,526 2951,769
75 5683,052 4830,526 2951,769
76 5694,587 4830,526 2951,769
77 5709,278 4830,526 2951,769
78 5727,925 4830,526 2951,769
79 5734,657 4830,526 2951,769
80 5740,310 4830,526 2951,769
81 4830,526 4830,526 2951,769
82 4975,783 4830,526 2951,769
83 4995,893 4830,526 2951,769
84 4995,893 4830,526 2951,769
85 5131,863 4830,526 2951,769
86 5131,863 4830,526 2951,769
87 5146,323 4830,526 2951,769
88 5172,655 4830,526 2951,769
89 5174,763 4830,526 2951,769
90 5214,901 4830,526 2951,769
91 5266,973 4830,526 2951,769
92 5318,127 4830,526 2951,769
93 5318,127 4830,526 2951,769
94 5386,054 4830,526 2951,769
95 5461,204 4830,526 2951,769
96 5468,145 4830,526 2951,769
97 5493,216 4830,526 2951,769
98 5554,342 4830,526 2951,769
99 5585,903 4830,526 2951,769
100 5606,494 4830,526 2951,769
101 4830,526 4556,327 2951,769
102 4898,778 4556,327 2951,769
103 4975,783 4556,327 2951,769
104 4978,399 4556,327 2951,769
105 4995,893 4556,327 2951,769
106 4995,893 4556,327 2951,769
107 4995,893 4556,327 2951,769
108 5089,124 4556,327 2951,769
109 5131,863 4556,327 2951,769
110 5131,863 4556,327 2951,769
111 5146,323 4556,327 2951,769
112 5166,468 4556,327 2951,769
113 5172,655 4556,327 2951,769
114 5174,763 4556,327 2951,769
115 5206,682 4556,327 2951,769
116 5214,901 4556,327 2951,769
117 5266,973 4556,327 2951,769
118 5305,844 4556,327 2951,769
119 5316,307 4556,327 2951,769
120 5318,127 4556,327 2951,769
121 4556,327 4538,163 2951,769
122 4830,526 4538,163 2951,769
123 4863,029 4538,163 2951,769
124 4898,778 4538,163 2951,769
125 4948,715 4538,163 2951,769
126 4975,783 4538,163 2951,769
127 4978,399 4538,163 2951,769
128 4995,893 4538,163 2951,769
129 4995,893 4538,163 2951,769
130 4995,893 4538,163 2951,769
131 4841,488 4538,163 2951,769
132 5089,124 4538,163 2951,769
133 5131,863 4538,163 2951,769
134 5131,863 4538,163 2951,769
135 5131,863 4538,163 2951,769
136 5131,863 4538,163 2951,769
137 5133,575 4538,163 2951,769
138 5139,208 4538,163 2951,769
139 5146,323 4538,163 2951,769
140 5161,909 4538,163 2951,769
141 4538,163 4538,163 2951,769
142 4556,327 4538,163 2951,769
143 4677,618 4538,163 2951,769
144 4830,526 4538,163 2951,769
145 4841,488 4538,163 2951,769
146 4863,029 4538,163 2951,769
147 4898,778 4538,163 2951,769
148 4898,778 4538,163 2951,769
149 4933,089 4538,163 2951,769
150 4948,715 4538,163 2951,769
151 4951,090 4538,163 2951,769
152 4975,783 4538,163 2951,769
153 4978,399 4538,163 2951,769
154 4995,893 4538,163 2951,769
155 4995,893 4538,163 2951,769
156 4995,893 4538,163 2951,769
157 4995,893 4538,163 2951,769
158 5089,124 4538,163 2951,769
159 5131,863 4538,163 2951,769
160 5131,863 4538,163 2951,769
161 4538,163 4538,163 2951,769
162 4556,327 4538,163 2951,769
163 4677,618 4538,163 2951,769
164 4830,526 4538,163 2951,769
165 4836,682 4538,163 2951,769
166 4841,488 4538,163 2951,769
167 4856,962 4538,163 2951,769
168 4863,029 4538,163 2951,769
169 4871,108 4538,163 2951,769
170 4898,778 4538,163 2951,769
171 4898,778 4538,163 2951,769
172 4933,089 4538,163 2951,769
173 4948,715 4538,163 2951,769
174 4951,090 4538,163 2951,769
175 4966,129 4538,163 2951,769
176 4975,783 4538,163 2951,769
177 4978,399 4538,163 2951,769
178 4995,893 4538,163 2951,769
179 4995,893 4538,163 2951,769
180 4995,893 4538,163 2951,769
181 4538,163 4404,500 2951,769
182 4556,327 4404,500 2951,769
183 4589,204 4404,500 2951,769
184 4677,618 4404,500 2951,769
185 4680,130 4404,500 2951,769
186 4830,526 4404,500 2951,769
187 4836,682 4404,500 2951,769
188 4804,769 4404,500 2951,769
189 4842,610 4404,500 2951,769
190 4855,406 4404,500 2951,769
191 4856,962 4404,500 2951,769
192 4863,029 4404,500 2951,769
193 4871,108 4404,500 2951,769
194 4898,778 4404,500 2951,769
195 4898,778 4404,500 2951,769
196 4926,174 4404,500 2951,769
197 4928,254 4404,500 2951,769
198 4932,940 4404,500 2951,769
199 4933,089 4404,500 2951,769
200 4948,715 4404,500 2951,769
201 4404,500 4166,975 2951,769
202 4538,163 4166,975 2951,769
203 4538,163 4166,975 2951,769
204 4556,327 4166,975 2951,769
205 4589,204 4166,975 2951,769
206 4600,336 4166,975 2951,769
207 4677,618 4166,975 2951,769
208 4680,130 4166,975 2951,769
209 4781,559 4166,975 2951,769
210 4786,039 4166,975 2951,769
211 4804,769 4166,975 2951,769
212 4830,526 4166,975 2951,769
213 4830,526 4166,975 2951,769
214 4836,682 4166,975 2951,769
215 4842,610 4166,975 2951,769
216 5509,252 4166,975 2951,769
217 4856,962 4166,975 2951,769
218 4856,962 4166,975 2951,769
219 4863,029 4166,975 2951,769
220 4871,108 4166,975 2951,769
221 4166,975 3973,489 2951,769
222 4404,500 3973,489 2951,769
223 4404,500 3973,489 2951,769
224 4404,615 3973,489 2951,769
225 4517,937 3973,489 2951,769
226 4538,163 3973,489 2951,769
227 4538,163 3973,489 2951,769
228 4556,327 3973,489 2951,769
229 4589,204 3973,489 2951,769
230 4600,336 3973,489 2951,769
231 4639,348 3973,489 2951,769
232 4677,618 3973,489 2951,769
233 4680,130 3973,489 2951,769
234 4680,130 3973,489 2951,769
235 4693,174 3973,489 2951,769
236 4781,559 3973,489 2951,769
237 4786,039 3973,489 2951,769
238 4712,856 3973,489 2951,769
239 5453,299 3973,489 2951,769
240 4830,526 3973,489 2951,769
241 3973,489 3757,697 2951,769
242 4065,748 3757,697 2951,769
243 4085,458 3757,697 2951,769
244 4166,975 3757,697 2951,769
245 4301,132 3757,697 2951,769
246 4364,861 3757,697 2951,769
247 4404,500 3757,697 2951,769
248 4404,500 3757,697 2951,769
249 4404,615 3757,697 2951,769
250 4404,615 3757,697 2951,769
251 4517,937 3757,697 2951,769
252 4538,163 3757,697 2951,769
253 4538,163 3757,697 2951,769
254 4556,327 3757,697 2951,769
255 4556,906 3757,697 2951,769
256 4589,204 3757,697 2951,769
257 4600,336 3757,697 2951,769
258 4639,348 3757,697 2951,769
259 4662,564 3757,697 2951,769
260 4677,618 3757,697 2951,769
261 3757,697 3757,697 2951,769
262 3973,489 3757,697 2951,769
263 4037,553 3757,697 2951,769
264 6738,627 3757,697 2951,769
265 4070,621 3757,697 2951,769
266 4085,458 3757,697 2951,769
267 4999,790 3757,697 2951,769
268 4166,975 3757,697 2951,769
269 4293,351 3757,697 2951,769
270 4301,132 3757,697 2951,769
271 4364,861 3757,697 2951,769
272 4404,500 3757,697 2951,769
273 4404,500 3757,697 2951,769
274 4404,615 3757,697 2951,769
275 4404,615 3757,697 2951,769
276 4466,074 3757,697 2951,769
277 4510,368 3757,697 2951,769
278 4517,937 3757,697 2951,769
279 4538,163 3757,697 2951,769
280 4538,163 3757,697 2951,769
281 3757,697 3423,931 2951,769
282 3973,489 3423,931 2951,769
283 4017,783 3423,931 2951,769
284 4022,253 3423,931 2951,769
285 4321,040 3423,931 2951,769
286 4037,553 3423,931 2951,769
287 4068,653 3423,931 2951,769
288 4070,621 3423,931 2951,769
289 4070,621 3423,931 2951,769
290 4085,458 3423,931 2951,769
291 4100,964 3423,931 2951,769
292 4110,668 3423,931 2951,769
293 4166,975 3423,931 2951,769
294 6012,412 3423,931 2951,769
295 4266,433 3423,931 2951,769
296 4290,624 3423,931 2951,769
297 4293,351 3423,931 2951,769
298 4301,132 3423,931 2951,769
299 4307,827 3423,931 2951,769
300 4347,043 3423,931 2951,769
301 3423,931 2977,176 2951,769
302 3698,503 2977,176 2951,769
303 3757,697 2977,176 2951,769
304 3868,726 2977,176 2951,769
305 3875,172 2977,176 2951,769
306 3973,489 2977,176 2951,769
307 4002,056 2977,176 2951,769
308 4017,783 2977,176 2951,769
309 4022,253 2977,176 2951,769
310 4037,553 2977,176 2951,769
311 4058,358 2977,176 2951,769
312 4068,653 2977,176 2951,769
313 4070,621 2977,176 2951,769
314 4070,621 2977,176 2951,769
315 4070,621 2977,176 2951,769
316 4085,458 2977,176 2951,769
317 4090,524 2977,176 2951,769
318 4100,964 2977,176 2951,769
319 4100,964 2977,176 2951,769
320 4110,668 2977,176 2951,769
321 2977,176 2977,176 2951,769
322 3423,931 2977,176 2951,769
323 3526,528 2977,176 2951,769
324 3532,543 2977,176 2951,769
325 3534,179 2977,176 2951,769
326 3698,503 2977,176 2951,769
327 3757,697 2977,176 2951,769
328 3867,266 2977,176 2951,769
329 4383,535 2977,176 2951,769
330 3875,172 2977,176 2951,769
331 3891,179 2977,176 2951,769
332 3944,330 2977,176 2951,769
333 3947,743 2977,176 2951,769
334 3973,489 2977,176 2951,769
335 4002,056 2977,176 2951,769
336 4002,056 2977,176 2951,769
337 4017,783 2977,176 2951,769
338 4022,253 2977,176 2951,769
339 4037,553 2977,176 2951,769
340 6204,629 2977,176 2951,769
341 2977,176 2977,176 2951,769
342 3053,355 2977,176 2951,769
343 3423,931 2977,176 2951,769
344 3526,528 2977,176 2951,769
345 3532,543 2977,176 2951,769
346 3534,179 2977,176 2951,769
347 3542,864 2977,176 2951,769
348 3698,503 2977,176 2951,769
349 3757,697 2977,176 2951,769
350 3867,266 2977,176 2951,769
351 3875,172 2977,176 2951,769
352 3891,179 2977,176 2951,769
353 3891,179 2977,176 2951,769
354 3897,759 2977,176 2951,769
355 3929,422 2977,176 2951,769
356 3931,575 2977,176 2951,769
357 4897,520 2977,176 2951,769
358 3947,743 2977,176 2951,769
359 3960,166 2977,176 2951,769
360 3973,489 2977,176 2951,769
361 2977,176 2977,176 2951,769
362 2977,176 2977,176 2951,769
363 2977,176 2977,176 2951,769
364 2977,176 2977,176 2951,769
365 3021,470 2977,176 2951,769
366 3053,355 2977,176 2951,769
367 3160,737 2977,176 2951,769
368 3379,637 2977,176 2951,769
369 3423,931 2977,176 2951,769
370 3427,190 2977,176 2951,769
371 3526,528 2977,176 2951,769
372 3532,543 2977,176 2951,769
373 3534,179 2977,176 2951,769
374 3542,864 2977,176 2951,769
375 3542,864 2977,176 2951,769
376 3587,158 2977,176 2951,769
377 3587,158 2977,176 2951,769
378 3637,118 2977,176 2951,769
379 3642,389 2977,176 2951,769
380 3904,638 2977,176 2951,769
381 2977,176 2977,176 2951,769
382 2977,176 2977,176 2951,769
383 2977,176 2977,176 2951,769
384 2977,176 2977,176 2951,769
385 2977,176 2977,176 2951,769
386 2977,176 2977,176 2951,769
387 2977,176 2977,176 2951,769
388 3021,470 2977,176 2951,769
389 3021,470 2977,176 2951,769
390 3021,470 2977,176 2951,769
391 3021,470 2977,176 2951,769
392 3053,355 2977,176 2951,769
393 3130,082 2977,176 2951,769
394 3160,737 2977,176 2951,769
395 3166,069 2977,176 2951,769
396 3218,844 2977,176 2951,769
397 3274,284 2977,176 2951,769
398 3379,637 2977,176 2951,769
399 3423,931 2977,176 2951,769
400 3427,190 2977,176 2951,769
401 2977,176 2977,176 2951,769
402 2977,176 2977,176 2951,769
403 2977,176 2977,176 2951,769
404 2977,176 2977,176 2951,769
405 2977,176 2977,176 2951,769
406 2977,176 2977,176 2951,769
407 2977,176 2977,176 2951,769
408 2977,176 2977,176 2951,769
409 2977,176 2977,176 2951,769
410 2977,176 2977,176 2951,769
411 2977,176 2977,176 2951,769
412 2977,176 2977,176 2951,769
413 2977,176 2977,176 2951,769
414 2977,176 2977,176 2951,769
415 2977,176 2977,176 2951,769
416 2977,176 2977,176 2951,769
417 3021,470 2977,176 2951,769
418 3021,470 2977,176 2951,769
419 3021,470 2977,176 2951,769
420 3021,470 2977,176 2951,769
421 2977,176 2977,176 2951,769
422 2977,176 2977,176 2951,769
423 2977,176 2977,176 2951,769
424 2977,176 2977,176 2951,769
425 2977,176 2977,176 2951,769
426 2977,176 2977,176 2951,769
427 2977,176 2977,176 2951,769
428 2977,176 2977,176 2951,769
429 2977,176 2977,176 2951,769
430 2977,176 2977,176 2951,769
431 2977,176 2977,176 2951,769
432 2977,176 2977,176 2951,769
433 2977,176 2977,176 2951,769
434 2977,176 2977,176 2951,769
435 2977,176 2977,176 2951,769
436 2977,176 2977,176 2951,769
437 2977,176 2977,176 2951,769
438 2977,176 2977,176 2951,769
439 2977,176 2977,176 2951,769
440 3983,663 2977,176 2951,769
441 2977,176 2977,176 2951,769
442 2977,176 2977,176 2951,769
443 2977,176 2977,176 2951,769
444 2977,176 2977,176 2951,769
445 2977,176 2977,176 2951,769
446 2977,176 2977,176 2951,769
447 2977,176 2977,176 2951,769
448 2977,176 2977,176 2951,769
449 2977,176 2977,176 2951,769
450 2977,176 2977,176 2951,769
451 2977,176 2977,176 2951,769
452 2977,176 2977,176 2951,769
453 2977,176 2977,176 2951,769
454 2977,176 2977,176 2951,769
455 2977,176 2977,176 2951,769
456 2977,176 2977,176 2951,769
457 2977,176 2977,176 2951,769
458 2977,176 2977,176 2951,769
459 2977,176 2977,176 2951,769
460 2977,176 2977,176 2951,769
461 2977,176 2977,176 2951,769
462 2977,176 2977,176 2951,769
463 2977,176 2977,176 2951,769
464 2977,176 2977,176 2951,769
465 2977,176 2977,176 2951,769
466 2977,176 2977,176 2951,769
467 2977,176 2977,176 2951,769
468 2977,176 2977,176 2951,769
469 2977,176 2977,176 2951,769
470 2977,176 2977,176 2951,769
471 2977,176 2977,176 2951,769
472 2977,176 2977,176 2951,769
473 2977,176 2977,176 2951,769
474 2977,176 2977,176 2951,769
475 2977,176 2977,176 2951,769
476 2977,176 2977,176 2951,769
477 2977,176 2977,176 2951,769
478 5564,635 2977,176 2951,769
479 2977,176 2977,176 2951,769
480 2977,176 2977,176 2951,769
481 2977,176 2977,176 2951,769
482 4773,906 2977,176 2951,769
483 2977,176 2977,176 2951,769
484 2977,176 2977,176 2951,769
485 2977,176 2977,176 2951,769
486 2977,176 2977,176 2951,769
487 2977,176 2977,176 2951,769
488 2977,176 2977,176 2951,769
489 2977,176 2977,176 2951,769
490 2977,176 2977,176 2951,769
491 2977,176 2977,176 2951,769
492 2977,176 2977,176 2951,769
493 2977,176 2977,176 2951,769
494 2977,176 2977,176 2951,769
495 2977,176 2977,176 2951,769
496 2977,176 2977,176 2951,769
497 2977,176 2977,176 2951,769
498 2977,176 2977,176 2951,769
499 2977,176 2977,176 2951,769
500 2977,176 2977,176 2951,769
501 2977,176 2977,176 2951,769
502 2977,176 2977,176 2951,769
503 2977,176 2977,176 2951,769
504 2977,176 2977,176 2951,769
505 2977,176 2977,176 2951,769
506 2977,176 2977,176 2951,769
507 2977,176 2977,176 2951,769
508 2977,176 2977,176 2951,769
509 2977,176 2977,176 2951,769
510 2977,176 2977,176 2951,769
511 2977,176 2977,176 2951,769
512 2977,176 2977,176 2951,769
513 2977,176 2977,176 2951,769
514 2977,176 2977,176 2951,769
515 2977,176 2977,176 2951,769
516 2977,176 2977,176 2951,769
517 2977,176 2977,176 2951,769
518 2977,176 2977,176 2951,769
519 2977,176 2977,176 2951,769
520 2977,176 2977,176 2951,769
521 2977,176 2925,740 2925,740
522 2977,176 2925,740 2925,740
523 2977,176 2925,740 2925,740
524 2977,176 2925,740 2925,740
525 2977,176 2925,740 2925,740
526 2977,176 2925,740 2925,740
527 2977,176 2925,740 2925,740
528 2977,176 2925,740 2925,740
529 2977,176 2925,740 2925,740
530 2977,176 2925,740 2925,740
531 2977,176 2925,740 2925,740
532 2977,176 2925,740 2925,740
533 2977,176 2925,740 2925,740
534 2925,740 2925,740 2925,740
535 2977,176 2925,740 2925,740
536 2977,176 2925,740 2925,740
537 2977,176 2925,740 2925,740
538 2977,176 2925,740 2925,740
539 2977,176 2925,740 2925,740
540 2977,176 2925,740 2925,740
541 3181,575 2925,740 2925,740
542 2977,176 2925,740 2925,740
543 2977,176 2925,740 2925,740
544 2977,176 2925,740 2925,740
545 2977,176 2925,740 2925,740
546 2977,176 2925,740 2925,740
547 2977,176 2925,740 2925,740
548 2977,176 2925,740 2925,740
549 2977,176 2925,740 2925,740
550 2977,176 2925,740 2925,740
551 2977,176 2925,740 2925,740
552 2977,176 2925,740 2925,740
553 2977,176 2925,740 2925,740
554 2977,176 2925,740 2925,740
555 2977,176 2925,740 2925,740
556 2977,176 2925,740 2925,740
557 2977,176 2925,740 2925,740
558 2977,176 2925,740 2925,740
559 2977,176 2925,740 2925,740
560 2977,176 2925,740 2925,740
561 2925,740 2925,740 2925,740
562 4313,791 2925,740 2925,740
563 2925,740 2925,740 2925,740
564 2977,176 2925,740 2925,740
565 4460,741 2925,740 2925,740
566 2977,176 2925,740 2925,740
567 2977,176 2925,740 2925,740
568 2977,176 2925,740 2925,740
569 2977,176 2925,740 2925,740
570 2977,176 2925,740 2925,740
571 2977,176 2925,740 2925,740
572 2977,176 2925,740 2925,740
573 2977,176 2925,740 2925,740
574 2977,176 2925,740 2925,740
575 2977,176 2925,740 2925,740
576 2977,176 2925,740 2925,740
577 5241,400 2925,740 2925,740
578 2977,176 2925,740 2925,740
579 2977,176 2925,740 2925,740
580 2977,176 2925,740 2925,740
581 2925,740 2925,740 2925,740
582 3888,977 2925,740 2925,740
583 2925,740 2925,740 2925,740
584 2925,740 2925,740 2925,740
585 2977,176 2925,740 2925,740
586 4376,151 2925,740 2925,740
587 2977,176 2925,740 2925,740
588 2977,176 2925,740 2925,740
589 2977,176 2925,740 2925,740
590 2977,176 2925,740 2925,740
591 2977,176 2925,740 2925,740
592 2977,176 2925,740 2925,740
593 2977,176 2925,740 2925,740
594 2977,176 2925,740 2925,740
595 2977,176 2925,740 2925,740
596 2977,176 2925,740 2925,740
597 2977,176 2925,740 2925,740
598 2977,176 2925,740 2925,740
599 2977,176 2925,740 2925,740
600 2977,176 2925,740 2925,740
601 2925,740 2925,740 2925,740
602 2925,740 2925,740 2925,740
603 2925,740 2925,740 2925,740
604 2925,740 2925,740 2925,740
605 2925,740 2925,740 2925,740
606 2925,740 2925,740 2925,740
607 2925,740 2925,740 2925,740
608 2925,740 2925,740 2925,740
609 2925,740 2925,740 2925,740
610 2925,740 2925,740 2925,740
611 2925,740 2925,740 2925,740
612 2977,176 2925,740 2925,740
613 2977,176 2925,740 2925,740
614 2977,176 2925,740 2925,740
615 2977,176 2925,740 2925,740
616 2977,176 2925,740 2925,740
617 2977,176 2925,740 2925,740
618 2977,176 2925,740 2925,740
619 2977,176 2925,740 2925,740
620 2977,176 2925,740 2925,740
621 3889,642 2925,740 2925,740
622 3609,660 2925,740 2925,740
623 2925,740 2925,740 2925,740
624 2925,740 2925,740 2925,740
625 2925,740 2925,740 2925,740
626 2925,740 2925,740 2925,740
627 2925,740 2925,740 2925,740
628 2925,740 2925,740 2925,740
629 2925,740 2925,740 2925,740
630 2925,740 2925,740 2925,740
631 2925,740 2925,740 2925,740
632 2925,740 2925,740 2925,740
633 2925,740 2925,740 2925,740
634 2925,740 2925,740 2925,740
635 2925,740 2925,740 2925,740
636 2925,740 2925,740 2925,740
637 2925,740 2925,740 2925,740
638 2925,740 2925,740 2925,740
639 2925,740 2925,740 2925,740
640 2977,176 2925,740 2925,740
641 3051,382 2925,740 2925,740
642 2925,740 2925,740 2925,740
643 2925,740 2925,740 2925,740
644 2925,740 2925,740 2925,740
645 2925,740 2925,740 2925,740
646 2925,740 2925,740 2925,740
647 2925,740 2925,740 2925,740
648 2925,740 2925,740 2925,740
649 2925,740 2925,740 2925,740
650 2925,740 2925,740 2925,740
651 2925,740 2925,740 2925,740
652 2925,740 2925,740 2925,740
653 2925,740 2925,740 2925,740
654 2925,740 2925,740 2925,740
655 2925,740 2925,740 2925,740
656 2925,740 2925,740 2925,740
657 2925,740 2925,740 2925,740
658 4778,611 2925,740 2925,740
659 2925,740 2925,740 2925,740
660 2925,740 2925,740 2925,740
661 2925,740 2925,740 2925,740
662 2925,740 2925,740 2925,740
663 2925,740 2925,740 2925,740
664 2925,740 2925,740 2925,740
665 3206,453 2925,740 2925,740
666 2925,740 2925,740 2925,740
667 2925,740 2925,740 2925,740
668 2925,740 2925,740 2925,740
669 2925,740 2925,740 2925,740
670 2925,740 2925,740 2925,740
671 2925,740 2925,740 2925,740
672 2925,740 2925,740 2925,740
673 2925,740 2925,740 2925,740
674 2925,740 2925,740 2925,740
675 2925,740 2925,740 2925,740
676 4552,974 2925,740 2925,740
677 2925,740 2925,740 2925,740
678 2925,740 2925,740 2925,740
679 2925,740 2925,740 2925,740
680 2925,740 2925,740 2925,740
681 2925,740 2925,740 2925,740
682 2925,740 2925,740 2925,740
683 2925,740 2925,740 2925,740
684 2925,740 2925,740 2925,740
685 2925,740 2925,740 2925,740
686 2925,740 2925,740 2925,740
687 2925,740 2925,740 2925,740
688 2925,740 2925,740 2925,740
689 2925,740 2925,740 2925,740
690 2925,740 2925,740 2925,740
691 2925,740 2925,740 2925,740
692 2925,740 2925,740 2925,740
693 2925,740 2925,740 2925,740
694 2925,740 2925,740 2925,740
695 2925,740 2925,740 2925,740
696 5314,999 2925,740 2925,740
697 2925,740 2925,740 2925,740
698 2925,740 2925,740 2925,740
699 2925,740 2925,740 2925,740
700 2925,740 2925,740 2925,740
701 2925,740 2925,740 2925,740
702 2925,740 2925,740 2925,740
703 2925,740 2925,740 2925,740
704 2925,740 2925,740 2925,740
705 2925,740 2925,740 2925,740
706 2925,740 2925,740 2925,740
707 2925,740 2925,740 2925,740
708 3850,266 2925,740 2925,740
709 2925,740 2925,740 2925,740
710 2925,740 2925,740 2925,740
711 2925,740 2925,740 2925,740
712 2925,740 2925,740 2925,740
713 2925,740 2925,740 2925,740
714 2925,740 2925,740 2925,740
715 2925,740 2925,740 2925,740
716 2925,740 2925,740 2925,740
717 2925,740 2925,740 2925,740
718 2925,740 2925,740 2925,740
719 2925,740 2925,740 2925,740
720 2925,740 2925,740 2925,740
721 2925,740 2925,740 2925,740
722 2925,740 2925,740 2925,740
723 2925,740 2925,740 2925,740
724 2925,740 2925,740 2925,740
725 2925,740 2925,740 2925,740
726 2925,740 2925,740 2925,740
727 2925,740 2925,740 2925,740
728 2925,740 2925,740 2925,740
729 2925,740 2925,740 2925,740
730 2925,740 2925,740 2925,740
731 2925,740 2925,740 2925,740
732 2925,740 2925,740 2925,740
733 2925,740 2925,740 2925,740
734 2925,740 2925,740 2925,740
735 3418,051 2925,740 2925,740
736 2925,740 2925,740 2925,740
737 2925,740 2925,740 2925,740
738 2925,740 2925,740 2925,740
739 2925,740 2925,740 2925,740
740 2925,740 2925,740 2925,740
741 2925,740 2925,740 2925,740
742 2925,740 2925,740 2925,740
743 4306,396 2925,740 2925,740
744 2925,740 2925,740 2925,740
745 2925,740 2925,740 2925,740
746 2925,740 2925,740 2925,740
747 2925,740 2925,740 2925,740
748 2925,740 2925,740 2925,740
749 2925,740 2925,740 2925,740
750 2925,740 2925,740 2925,740
751 2925,740 2925,740 2925,740
752 2925,740 2925,740 2925,740
753 2925,740 2925,740 2925,740
754 2925,740 2925,740 2925,740
755 2925,740 2925,740 2925,740
756 3196,014 2925,740 2925,740
757 2925,740 2925,740 2925,740
758 2925,740 2925,740 2925,740
759 2925,740 2925,740 2925,740
760 2925,740 2925,740 2925,740
761 2925,740 2925,740 2925,740
762 2925,740 2925,740 2925,740
763 4377,992 2925,740 2925,740
764 2925,740 2925,740 2925,740
765 2925,740 2925,740 2925,740
766 2925,740 2925,740 2925,740
767 2925,740 2925,740 2925,740
768 2925,740 2925,740 2925,740
769 2925,740 2925,740 2925,740
770 2925,740 2925,740 2925,740
771 2925,740 2925,740 2925,740
772 2925,740 2925,740 2925,740
773 2925,740 2925,740 2925,740
774 2925,740 2925,740 2925,740
775 2925,740 2925,740 2925,740
776 2925,740 2925,740 2925,740
777 3631,733 2925,740 2925,740
778 2925,740 2925,740 2925,740
779 2925,740 2925,740 2925,740
780 2925,740 2925,740 2925,740
781 2925,740 2925,740 2925,740
782 2925,740 2925,740 2925,740
783 2925,740 2925,740 2925,740
784 2925,740 2925,740 2925,740
785 2925,740 2925,740 2925,740
786 2925,740 2925,740 2925,740
787 2925,740 2925,740 2925,740
788 2925,740 2925,740 2925,740
789 2925,740 2925,740 2925,740
790 2925,740 2925,740 2925,740
791 2925,740 2925,740 2925,740
792 2925,740 2925,740 2925,740
793 2925,740 2925,740 2925,740
794 2925,740 2925,740 2925,740
795 2925,740 2925,740 2925,740
796 2925,740 2925,740 2925,740
797 2925,740 2925,740 2925,740
798 2925,740 2925,740 2925,740
799 2925,740 2925,740 2925,740
800 2925,740 2925,740 2925,740
