nrOsobnika current best_current best_global
1 6605,511 5713,663 3108,605
2 7106,370 5713,663 3108,605
3 6624,033 5713,663 3108,605
4 6352,241 5713,663 3108,605
5 5863,877 5713,663 3108,605
6 6652,685 5713,663 3108,605
7 6054,300 5713,663 3108,605
8 6674,431 5713,663 3108,605
9 6404,226 5713,663 3108,605
10 6344,727 5713,663 3108,605
11 6382,110 5713,663 3108,605
12 6212,701 5713,663 3108,605
13 6220,091 5713,663 3108,605
14 5950,402 5713,663 3108,605
15 6102,921 5713,663 3108,605
16 6792,483 5713,663 3108,605
17 5919,472 5713,663 3108,605
18 7620,825 5713,663 3108,605
19 6196,333 5713,663 3108,605
20 6332,854 5713,663 3108,605
21 5713,663 5242,450 3108,605
22 5714,805 5242,450 3108,605
23 5759,859 5242,450 3108,605
24 5863,877 5242,450 3108,605
25 5919,472 5242,450 3108,605
26 5919,802 5242,450 3108,605
27 5950,402 5242,450 3108,605
28 6054,300 5242,450 3108,605
29 6102,921 5242,450 3108,605
30 6196,333 5242,450 3108,605
31 6212,701 5242,450 3108,605
32 6220,091 5242,450 3108,605
33 6268,924 5242,450 3108,605
34 6295,770 5242,450 3108,605
35 6323,976 5242,450 3108,605
36 6332,241 5242,450 3108,605
37 6332,854 5242,450 3108,605
38 6344,727 5242,450 3108,605
39 6352,241 5242,450 3108,605
40 6352,614 5242,450 3108,605
41 5242,450 4800,086 3108,605
42 5450,878 4800,086 3108,605
43 5475,217 4800,086 3108,605
44 5477,509 4800,086 3108,605
45 5532,244 4800,086 3108,605
46 5643,296 4800,086 3108,605
47 5690,304 4800,086 3108,605
48 5713,663 4800,086 3108,605
49 5714,805 4800,086 3108,605
50 5759,859 4800,086 3108,605
51 6481,249 4800,086 3108,605
52 5787,958 4800,086 3108,605
53 5814,813 4800,086 3108,605
54 5837,338 4800,086 3108,605
55 5863,877 4800,086 3108,605
56 5919,472 4800,086 3108,605
57 5919,802 4800,086 3108,605
58 5950,402 4800,086 3108,605
59 6007,017 4800,086 3108,605
60 6054,300 4800,086 3108,605
61 4800,086 4444,741 3108,605
62 5106,075 4444,741 3108,605
63 5242,450 4444,741 3108,605
64 5370,468 4444,741 3108,605
65 5475,217 4444,741 3108,605
66 5477,509 4444,741 3108,605
67 5502,992 4444,741 3108,605
68 5532,244 4444,741 3108,605
69 5553,962 4444,741 3108,605
70 5643,296 4444,741 3108,605
71 5690,304 4444,741 3108,605
72 5713,663 4444,741 3108,605
73 5714,805 4444,741 3108,605
74 5759,859 4444,741 3108,605
75 5787,958 4444,741 3108,605
76 5814,813 4444,741 3108,605
77 5836,393 4444,741 3108,605
78 5837,338 4444,741 3108,605
79 5863,877 4444,741 3108,605
80 5898,974 4444,741 3108,605
81 4444,741 4444,741 3108,605
82 4800,086 4444,741 3108,605
83 5106,075 4444,741 3108,605
84 5242,450 4444,741 3108,605
85 5370,468 4444,741 3108,605
86 5176,403 4444,741 3108,605
87 5456,247 4444,741 3108,605
88 5475,217 4444,741 3108,605
89 5477,509 4444,741 3108,605
90 5502,992 4444,741 3108,605
91 5532,244 4444,741 3108,605
92 5553,962 4444,741 3108,605
93 5562,061 4444,741 3108,605
94 5643,296 4444,741 3108,605
95 5649,626 4444,741 3108,605
96 5659,666 4444,741 3108,605
97 5669,088 4444,741 3108,605
98 5690,304 4444,741 3108,605
99 5696,122 4444,741 3108,605
100 5713,663 4444,741 3108,605
101 4444,741 4444,741 3108,605
102 4601,640 4444,741 3108,605
103 4800,086 4444,741 3108,605
104 4886,552 4444,741 3108,605
105 4891,972 4444,741 3108,605
106 5106,075 4444,741 3108,605
107 5149,239 4444,741 3108,605
108 5176,403 4444,741 3108,605
109 5212,527 4444,741 3108,605
110 5195,379 4444,741 3108,605
111 5309,173 4444,741 3108,605
112 5370,468 4444,741 3108,605
113 5377,446 4444,741 3108,605
114 5456,247 4444,741 3108,605
115 5475,217 4444,741 3108,605
116 5477,509 4444,741 3108,605
117 5481,415 4444,741 3108,605
118 5502,992 4444,741 3108,605
119 5505,315 4444,741 3108,605
120 5528,678 4444,741 3108,605
121 4444,741 4417,378 3108,605
122 4458,939 4417,378 3108,605
123 4601,640 4417,378 3108,605
124 4800,086 4417,378 3108,605
125 4886,552 4417,378 3108,605
126 4891,972 4417,378 3108,605
127 4954,792 4417,378 3108,605
128 5069,029 4417,378 3108,605
129 5106,075 4417,378 3108,605
130 5149,239 4417,378 3108,605
131 5163,965 4417,378 3108,605
132 5700,674 4417,378 3108,605
133 5195,379 4417,378 3108,605
134 5212,527 4417,378 3108,605
135 5237,252 4417,378 3108,605
136 5309,173 4417,378 3108,605
137 5352,538 4417,378 3108,605
138 5370,468 4417,378 3108,605
139 5377,446 4417,378 3108,605
140 5412,958 4417,378 3108,605
141 4417,378 4417,378 3108,605
142 4432,583 4417,378 3108,605
143 4444,741 4417,378 3108,605
144 4458,939 4417,378 3108,605
145 4548,481 4417,378 3108,605
146 4601,640 4417,378 3108,605
147 4602,750 4417,378 3108,605
148 4609,993 4417,378 3108,605
149 4777,252 4417,378 3108,605
150 4788,338 4417,378 3108,605
151 4800,086 4417,378 3108,605
152 4800,086 4417,378 3108,605
153 4886,552 4417,378 3108,605
154 4891,972 4417,378 3108,605
155 4954,792 4417,378 3108,605
156 5009,435 4417,378 3108,605
157 5042,101 4417,378 3108,605
158 5069,029 4417,378 3108,605
159 5106,075 4417,378 3108,605
160 5126,525 4417,378 3108,605
161 4417,378 3911,041 3108,605
162 4423,602 3911,041 3108,605
163 4432,583 3911,041 3108,605
164 4444,741 3911,041 3108,605
165 4444,741 3911,041 3108,605
166 4448,040 3911,041 3108,605
167 4458,939 3911,041 3108,605
168 4543,016 3911,041 3108,605
169 4294,041 3911,041 3108,605
170 4577,640 3911,041 3108,605
171 4588,390 3911,041 3108,605
172 4601,640 3911,041 3108,605
173 4602,750 3911,041 3108,605
174 4609,993 3911,041 3108,605
175 4609,993 3911,041 3108,605
176 5776,058 3911,041 3108,605
177 4679,779 3911,041 3108,605
178 4730,975 3911,041 3108,605
179 4777,252 3911,041 3108,605
180 4788,338 3911,041 3108,605
181 3911,041 3732,204 3108,605
182 4057,282 3732,204 3108,605
183 4294,041 3732,204 3108,605
184 4417,378 3732,204 3108,605
185 4423,602 3732,204 3108,605
186 4432,583 3732,204 3108,605
187 4444,741 3732,204 3108,605
188 4444,741 3732,204 3108,605
189 4444,741 3732,204 3108,605
190 4444,741 3732,204 3108,605
191 4448,040 3732,204 3108,605
192 4458,939 3732,204 3108,605
193 4516,438 3732,204 3108,605
194 4543,016 3732,204 3108,605
195 4577,640 3732,204 3108,605
196 4588,390 3732,204 3108,605
197 4589,423 3732,204 3108,605
198 4590,982 3732,204 3108,605
199 4594,685 3732,204 3108,605
200 4601,640 3732,204 3108,605
201 3732,204 3732,204 3108,605
202 3815,997 3732,204 3108,605
203 3911,041 3732,204 3108,605
204 4045,846 3732,204 3108,605
205 4057,282 3732,204 3108,605
206 4149,521 3732,204 3108,605
207 4294,041 3732,204 3108,605
208 4358,955 3732,204 3108,605
209 4398,733 3732,204 3108,605
210 4407,321 3732,204 3108,605
211 4417,378 3732,204 3108,605
212 4423,602 3732,204 3108,605
213 4432,583 3732,204 3108,605
214 4581,675 3732,204 3108,605
215 4444,741 3732,204 3108,605
216 4444,741 3732,204 3108,605
217 4444,741 3732,204 3108,605
218 4444,741 3732,204 3108,605
219 4448,040 3732,204 3108,605
220 4448,040 3732,204 3108,605
221 3732,204 3556,156 3108,605
222 3732,204 3556,156 3108,605
223 3815,997 3556,156 3108,605
224 4260,751 3556,156 3108,605
225 3911,041 3556,156 3108,605
226 4045,846 3556,156 3108,605
227 4057,282 3556,156 3108,605
228 4060,905 3556,156 3108,605
229 4147,639 3556,156 3108,605
230 4149,521 3556,156 3108,605
231 4176,950 3556,156 3108,605
232 4194,769 3556,156 3108,605
233 4294,041 3556,156 3108,605
234 4358,955 3556,156 3108,605
235 4398,733 3556,156 3108,605
236 4398,733 3556,156 3108,605
237 5195,817 3556,156 3108,605
238 4417,378 3556,156 3108,605
239 4417,378 3556,156 3108,605
240 4417,378 3556,156 3108,605
241 4259,112 3586,556 3108,605
242 3586,556 3586,556 3108,605
243 4136,728 3586,556 3108,605
244 3732,204 3586,556 3108,605
245 3732,204 3586,556 3108,605
246 3732,204 3586,556 3108,605
247 3812,698 3586,556 3108,605
248 3815,997 3586,556 3108,605
249 5881,923 3586,556 3108,605
250 4045,846 3586,556 3108,605
251 4049,145 3586,556 3108,605
252 4057,282 3586,556 3108,605
253 4060,175 3586,556 3108,605
254 4060,905 3586,556 3108,605
255 4113,046 3586,556 3108,605
256 4147,639 3586,556 3108,605
257 4149,521 3586,556 3108,605
258 4173,651 3586,556 3108,605
259 4176,950 3586,556 3108,605
260 5151,801 3586,556 3108,605
261 3586,556 3586,556 3108,605
262 3589,855 3586,556 3108,605
263 3732,204 3586,556 3108,605
264 3732,204 3586,556 3108,605
265 3732,204 3586,556 3108,605
266 3812,698 3586,556 3108,605
267 3812,698 3586,556 3108,605
268 3815,997 3586,556 3108,605
269 3859,882 3586,556 3108,605
270 3884,943 3586,556 3108,605
271 3954,466 3586,556 3108,605
272 4045,846 3586,556 3108,605
273 4049,145 3586,556 3108,605
274 4057,282 3586,556 3108,605
275 4060,175 3586,556 3108,605
276 4239,479 3586,556 3108,605
277 4113,046 3586,556 3108,605
278 4134,125 3586,556 3108,605
279 4136,728 3586,556 3108,605
280 4146,257 3586,556 3108,605
281 3586,556 3586,556 3108,605
282 3589,855 3586,556 3108,605
283 3728,905 3586,556 3108,605
284 3728,905 3586,556 3108,605
285 3732,204 3586,556 3108,605
286 3732,204 3586,556 3108,605
287 3732,204 3586,556 3108,605
288 3732,204 3586,556 3108,605
289 3788,322 3586,556 3108,605
290 3789,899 3586,556 3108,605
291 3812,698 3586,556 3108,605
292 3812,698 3586,556 3108,605
293 3812,698 3586,556 3108,605
294 3812,698 3586,556 3108,605
295 4995,857 3586,556 3108,605
296 3815,997 3586,556 3108,605
297 3815,997 3586,556 3108,605
298 3815,997 3586,556 3108,605
299 3827,248 3586,556 3108,605
300 3859,882 3586,556 3108,605
301 3586,556 3586,556 3108,605
302 3586,556 3586,556 3108,605
303 3586,556 3586,556 3108,605
304 3586,556 3586,556 3108,605
305 3586,556 3586,556 3108,605
306 3589,855 3586,556 3108,605
307 3670,349 3586,556 3108,605
308 4866,704 3586,556 3108,605
309 3673,648 3586,556 3108,605
310 3728,905 3586,556 3108,605
311 3728,905 3586,556 3108,605
312 3728,905 3586,556 3108,605
313 3728,905 3586,556 3108,605
314 3728,905 3586,556 3108,605
315 3728,905 3586,556 3108,605
316 3732,204 3586,556 3108,605
317 5149,557 3586,556 3108,605
318 3732,204 3586,556 3108,605
319 3732,204 3586,556 3108,605
320 3732,204 3586,556 3108,605
321 3586,556 3586,556 3108,605
322 3586,556 3586,556 3108,605
323 4907,985 3586,556 3108,605
324 3586,556 3586,556 3108,605
325 3586,556 3586,556 3108,605
326 3586,556 3586,556 3108,605
327 3586,556 3586,556 3108,605
328 3586,556 3586,556 3108,605
329 3586,556 3586,556 3108,605
330 3586,556 3586,556 3108,605
331 3586,556 3586,556 3108,605
332 3589,855 3586,556 3108,605
333 3589,855 3586,556 3108,605
334 3589,855 3586,556 3108,605
335 3589,855 3586,556 3108,605
336 3670,349 3586,556 3108,605
337 3670,349 3586,556 3108,605
338 3670,349 3586,556 3108,605
339 3670,349 3586,556 3108,605
340 3670,349 3586,556 3108,605
341 3586,556 3586,556 3108,605
342 3586,556 3586,556 3108,605
343 3586,556 3586,556 3108,605
344 3586,556 3586,556 3108,605
345 3586,556 3586,556 3108,605
346 3586,556 3586,556 3108,605
347 3586,556 3586,556 3108,605
348 3586,556 3586,556 3108,605
349 3586,556 3586,556 3108,605
350 3586,556 3586,556 3108,605
351 3586,556 3586,556 3108,605
352 3586,556 3586,556 3108,605
353 3586,556 3586,556 3108,605
354 3586,556 3586,556 3108,605
355 3586,556 3586,556 3108,605
356 3586,556 3586,556 3108,605
357 3586,556 3586,556 3108,605
358 3586,556 3586,556 3108,605
359 3586,556 3586,556 3108,605
360 3586,556 3586,556 3108,605
361 3586,556 3586,556 3108,605
362 3586,556 3586,556 3108,605
363 3586,556 3586,556 3108,605
364 3586,556 3586,556 3108,605
365 3586,556 3586,556 3108,605
366 3586,556 3586,556 3108,605
367 3586,556 3586,556 3108,605
368 3586,556 3586,556 3108,605
369 3586,556 3586,556 3108,605
370 3586,556 3586,556 3108,605
371 3586,556 3586,556 3108,605
372 3586,556 3586,556 3108,605
373 3586,556 3586,556 3108,605
374 3586,556 3586,556 3108,605
375 3586,556 3586,556 3108,605
376 3586,556 3586,556 3108,605
377 3586,556 3586,556 3108,605
378 3586,556 3586,556 3108,605
379 3586,556 3586,556 3108,605
380 3586,556 3586,556 3108,605
381 3683,093 3586,556 3108,605
382 3586,556 3586,556 3108,605
383 3586,556 3586,556 3108,605
384 3586,556 3586,556 3108,605
385 3586,556 3586,556 3108,605
386 3586,556 3586,556 3108,605
387 3586,556 3586,556 3108,605
388 3586,556 3586,556 3108,605
389 3586,556 3586,556 3108,605
390 3586,556 3586,556 3108,605
391 3586,556 3586,556 3108,605
392 3586,556 3586,556 3108,605
393 3586,556 3586,556 3108,605
394 3586,556 3586,556 3108,605
395 3586,556 3586,556 3108,605
396 3586,556 3586,556 3108,605
397 3586,556 3586,556 3108,605
398 4429,345 3586,556 3108,605
399 3963,814 3586,556 3108,605
400 3586,556 3586,556 3108,605
401 3586,556 3586,556 3108,605
402 3586,556 3586,556 3108,605
403 3586,556 3586,556 3108,605
404 3586,556 3586,556 3108,605
405 3586,556 3586,556 3108,605
406 3586,556 3586,556 3108,605
407 3586,556 3586,556 3108,605
408 5511,413 3586,556 3108,605
409 3586,556 3586,556 3108,605
410 3586,556 3586,556 3108,605
411 3586,556 3586,556 3108,605
412 3586,556 3586,556 3108,605
413 3586,556 3586,556 3108,605
414 3586,556 3586,556 3108,605
415 4690,083 3586,556 3108,605
416 3586,556 3586,556 3108,605
417 3586,556 3586,556 3108,605
418 3586,556 3586,556 3108,605
419 3586,556 3586,556 3108,605
420 3586,556 3586,556 3108,605
421 3586,556 3586,556 3108,605
422 3586,556 3586,556 3108,605
423 3586,556 3586,556 3108,605
424 3586,556 3586,556 3108,605
425 3586,556 3586,556 3108,605
426 3586,556 3586,556 3108,605
427 3586,556 3586,556 3108,605
428 3586,556 3586,556 3108,605
429 3586,556 3586,556 3108,605
430 3586,556 3586,556 3108,605
431 3586,556 3586,556 3108,605
432 3586,556 3586,556 3108,605
433 3586,556 3586,556 3108,605
434 3586,556 3586,556 3108,605
435 3586,556 3586,556 3108,605
436 3586,556 3586,556 3108,605
437 3586,556 3586,556 3108,605
438 3586,556 3586,556 3108,605
439 3586,556 3586,556 3108,605
440 3586,556 3586,556 3108,605
441 3586,556 3586,556 3108,605
442 3586,556 3586,556 3108,605
443 3586,556 3586,556 3108,605
444 3586,556 3586,556 3108,605
445 3586,556 3586,556 3108,605
446 3586,556 3586,556 3108,605
447 3586,556 3586,556 3108,605
448 4990,722 3586,556 3108,605
449 3586,556 3586,556 3108,605
450 3586,556 3586,556 3108,605
451 3586,556 3586,556 3108,605
452 3586,556 3586,556 3108,605
453 3586,556 3586,556 3108,605
454 3586,556 3586,556 3108,605
455 3586,556 3586,556 3108,605
456 3586,556 3586,556 3108,605
457 3586,556 3586,556 3108,605
458 4315,984 3586,556 3108,605
459 3586,556 3586,556 3108,605
460 3586,556 3586,556 3108,605
461 3505,975 3505,975 3108,605
462 3586,556 3505,975 3108,605
463 3586,556 3505,975 3108,605
464 4947,876 3505,975 3108,605
465 3586,556 3505,975 3108,605
466 3586,556 3505,975 3108,605
467 3586,556 3505,975 3108,605
468 3586,556 3505,975 3108,605
469 3586,556 3505,975 3108,605
470 3586,556 3505,975 3108,605
471 3586,556 3505,975 3108,605
472 3586,556 3505,975 3108,605
473 3586,556 3505,975 3108,605
474 3586,556 3505,975 3108,605
475 3586,556 3505,975 3108,605
476 3586,556 3505,975 3108,605
477 3586,556 3505,975 3108,605
478 3586,556 3505,975 3108,605
479 3586,556 3505,975 3108,605
480 3586,556 3505,975 3108,605
481 3505,975 3505,975 3108,605
482 3586,556 3505,975 3108,605
483 3586,556 3505,975 3108,605
484 3586,556 3505,975 3108,605
485 3586,556 3505,975 3108,605
486 3586,556 3505,975 3108,605
487 3586,556 3505,975 3108,605
488 3586,556 3505,975 3108,605
489 3586,556 3505,975 3108,605
490 3586,556 3505,975 3108,605
491 3586,556 3505,975 3108,605
492 4874,070 3505,975 3108,605
493 3586,556 3505,975 3108,605
494 3586,556 3505,975 3108,605
495 3586,556 3505,975 3108,605
496 3586,556 3505,975 3108,605
497 3586,556 3505,975 3108,605
498 3586,556 3505,975 3108,605
499 3586,556 3505,975 3108,605
500 3586,556 3505,975 3108,605
501 3505,975 3505,975 3108,605
502 5006,828 3505,975 3108,605
503 3586,556 3505,975 3108,605
504 3586,556 3505,975 3108,605
505 3586,556 3505,975 3108,605
506 3586,556 3505,975 3108,605
507 3586,556 3505,975 3108,605
508 3586,556 3505,975 3108,605
509 3586,556 3505,975 3108,605
510 3586,556 3505,975 3108,605
511 3586,556 3505,975 3108,605
512 3586,556 3505,975 3108,605
513 3586,556 3505,975 3108,605
514 3586,556 3505,975 3108,605
515 3586,556 3505,975 3108,605
516 3586,556 3505,975 3108,605
517 3586,556 3505,975 3108,605
518 3586,556 3505,975 3108,605
519 3586,556 3505,975 3108,605
520 3586,556 3505,975 3108,605
521 3505,975 3505,975 3108,605
522 3505,975 3505,975 3108,605
523 3586,556 3505,975 3108,605
524 5908,014 3505,975 3108,605
525 3586,556 3505,975 3108,605
526 5651,404 3505,975 3108,605
527 3586,556 3505,975 3108,605
528 4005,782 3505,975 3108,605
529 3586,556 3505,975 3108,605
530 3586,556 3505,975 3108,605
531 5795,737 3505,975 3108,605
532 3586,556 3505,975 3108,605
533 3586,556 3505,975 3108,605
534 5464,253 3505,975 3108,605
535 3586,556 3505,975 3108,605
536 3586,556 3505,975 3108,605
537 3586,556 3505,975 3108,605
538 3586,556 3505,975 3108,605
539 3586,556 3505,975 3108,605
540 3586,556 3505,975 3108,605
541 3505,975 3505,975 3108,605
542 3505,975 3505,975 3108,605
543 3505,975 3505,975 3108,605
544 3586,556 3505,975 3108,605
545 3586,556 3505,975 3108,605
546 3586,556 3505,975 3108,605
547 3586,556 3505,975 3108,605
548 3586,556 3505,975 3108,605
549 3586,556 3505,975 3108,605
550 3586,556 3505,975 3108,605
551 3586,556 3505,975 3108,605
552 3586,556 3505,975 3108,605
553 3586,556 3505,975 3108,605
554 3586,556 3505,975 3108,605
555 5097,568 3505,975 3108,605
556 3586,556 3505,975 3108,605
557 3586,556 3505,975 3108,605
558 3586,556 3505,975 3108,605
559 3586,556 3505,975 3108,605
560 3586,556 3505,975 3108,605
561 3505,975 3505,975 3108,605
562 3505,975 3505,975 3108,605
563 3505,975 3505,975 3108,605
564 3505,975 3505,975 3108,605
565 3505,975 3505,975 3108,605
566 4059,807 3505,975 3108,605
567 3505,975 3505,975 3108,605
568 3505,975 3505,975 3108,605
569 3505,975 3505,975 3108,605
570 3586,556 3505,975 3108,605
571 3586,556 3505,975 3108,605
572 3586,556 3505,975 3108,605
573 3586,556 3505,975 3108,605
574 3586,556 3505,975 3108,605
575 3586,556 3505,975 3108,605
576 3586,556 3505,975 3108,605
577 3586,556 3505,975 3108,605
578 3586,556 3505,975 3108,605
579 3586,556 3505,975 3108,605
580 4682,465 3505,975 3108,605
581 3505,975 3505,975 3108,605
582 3505,975 3505,975 3108,605
583 3505,975 3505,975 3108,605
584 3505,975 3505,975 3108,605
585 3505,975 3505,975 3108,605
586 3505,975 3505,975 3108,605
587 3505,975 3505,975 3108,605
588 3505,975 3505,975 3108,605
589 3505,975 3505,975 3108,605
590 3505,975 3505,975 3108,605
591 3505,975 3505,975 3108,605
592 3505,975 3505,975 3108,605
593 3505,975 3505,975 3108,605
594 4774,129 3505,975 3108,605
595 3505,975 3505,975 3108,605
596 3505,975 3505,975 3108,605
597 3505,975 3505,975 3108,605
598 3505,975 3505,975 3108,605
599 3505,975 3505,975 3108,605
600 3505,975 3505,975 3108,605
601 3505,975 3505,975 3108,605
602 3505,975 3505,975 3108,605
603 3505,975 3505,975 3108,605
604 3505,975 3505,975 3108,605
605 3505,975 3505,975 3108,605
606 3505,975 3505,975 3108,605
607 3505,975 3505,975 3108,605
608 3505,975 3505,975 3108,605
609 3505,975 3505,975 3108,605
610 3505,975 3505,975 3108,605
611 3505,975 3505,975 3108,605
612 3505,975 3505,975 3108,605
613 3505,975 3505,975 3108,605
614 3505,975 3505,975 3108,605
615 3505,975 3505,975 3108,605
616 3505,975 3505,975 3108,605
617 3505,975 3505,975 3108,605
618 3505,975 3505,975 3108,605
619 3505,975 3505,975 3108,605
620 3505,975 3505,975 3108,605
621 3505,975 3505,975 3108,605
622 3505,975 3505,975 3108,605
623 3505,975 3505,975 3108,605
624 3505,975 3505,975 3108,605
625 3505,975 3505,975 3108,605
626 3505,975 3505,975 3108,605
627 3505,975 3505,975 3108,605
628 3602,512 3505,975 3108,605
629 3505,975 3505,975 3108,605
630 3505,975 3505,975 3108,605
631 3505,975 3505,975 3108,605
632 4059,104 3505,975 3108,605
633 3505,975 3505,975 3108,605
634 3505,975 3505,975 3108,605
635 3505,975 3505,975 3108,605
636 3505,975 3505,975 3108,605
637 3505,975 3505,975 3108,605
638 3505,975 3505,975 3108,605
639 3505,975 3505,975 3108,605
640 3505,975 3505,975 3108,605
641 3505,975 3505,975 3108,605
642 3505,975 3505,975 3108,605
643 3505,975 3505,975 3108,605
644 3505,975 3505,975 3108,605
645 3505,975 3505,975 3108,605
646 3505,975 3505,975 3108,605
647 3505,975 3505,975 3108,605
648 3505,975 3505,975 3108,605
649 3505,975 3505,975 3108,605
650 3505,975 3505,975 3108,605
651 3505,975 3505,975 3108,605
652 3505,975 3505,975 3108,605
653 3505,975 3505,975 3108,605
654 3505,975 3505,975 3108,605
655 3505,975 3505,975 3108,605
656 3505,975 3505,975 3108,605
657 3505,975 3505,975 3108,605
658 3505,975 3505,975 3108,605
659 3505,975 3505,975 3108,605
660 3505,975 3505,975 3108,605
661 3505,975 3505,975 3108,605
662 3505,975 3505,975 3108,605
663 3505,975 3505,975 3108,605
664 3505,975 3505,975 3108,605
665 3505,975 3505,975 3108,605
666 3505,975 3505,975 3108,605
667 3505,975 3505,975 3108,605
668 3505,975 3505,975 3108,605
669 3505,975 3505,975 3108,605
670 3505,975 3505,975 3108,605
671 3505,975 3505,975 3108,605
672 3505,975 3505,975 3108,605
673 3505,975 3505,975 3108,605
674 3505,975 3505,975 3108,605
675 3505,975 3505,975 3108,605
676 3505,975 3505,975 3108,605
677 3505,975 3505,975 3108,605
678 3505,975 3505,975 3108,605
679 4326,334 3505,975 3108,605
680 3505,975 3505,975 3108,605
681 3505,975 3505,975 3108,605
682 4590,920 3505,975 3108,605
683 3505,975 3505,975 3108,605
684 3505,975 3505,975 3108,605
685 3505,975 3505,975 3108,605
686 3505,975 3505,975 3108,605
687 3505,975 3505,975 3108,605
688 3505,975 3505,975 3108,605
689 3505,975 3505,975 3108,605
690 3505,975 3505,975 3108,605
691 3505,975 3505,975 3108,605
692 3505,975 3505,975 3108,605
693 3505,975 3505,975 3108,605
694 3505,975 3505,975 3108,605
695 3505,975 3505,975 3108,605
696 3505,975 3505,975 3108,605
697 3505,975 3505,975 3108,605
698 3505,975 3505,975 3108,605
699 3505,975 3505,975 3108,605
700 3505,975 3505,975 3108,605
701 3505,975 3505,975 3108,605
702 3505,975 3505,975 3108,605
703 3505,975 3505,975 3108,605
704 3505,975 3505,975 3108,605
705 3505,975 3505,975 3108,605
706 3505,975 3505,975 3108,605
707 3505,975 3505,975 3108,605
708 3505,975 3505,975 3108,605
709 3505,975 3505,975 3108,605
710 3505,975 3505,975 3108,605
711 3505,975 3505,975 3108,605
712 3505,975 3505,975 3108,605
713 3505,975 3505,975 3108,605
714 3505,975 3505,975 3108,605
715 3505,975 3505,975 3108,605
716 3505,975 3505,975 3108,605
717 3505,975 3505,975 3108,605
718 3505,975 3505,975 3108,605
719 3505,975 3505,975 3108,605
720 3505,975 3505,975 3108,605
721 3505,975 3505,975 3108,605
722 3505,975 3505,975 3108,605
723 3505,975 3505,975 3108,605
724 3505,975 3505,975 3108,605
725 3505,975 3505,975 3108,605
726 3505,975 3505,975 3108,605
727 3505,975 3505,975 3108,605
728 3505,975 3505,975 3108,605
729 3505,975 3505,975 3108,605
730 3505,975 3505,975 3108,605
731 3505,975 3505,975 3108,605
732 3505,975 3505,975 3108,605
733 3505,975 3505,975 3108,605
734 3505,975 3505,975 3108,605
735 3505,975 3505,975 3108,605
736 3505,975 3505,975 3108,605
737 3505,975 3505,975 3108,605
738 3505,975 3505,975 3108,605
739 3505,975 3505,975 3108,605
740 3505,975 3505,975 3108,605
741 3505,975 3505,975 3108,605
742 3505,975 3505,975 3108,605
743 3505,975 3505,975 3108,605
744 3505,975 3505,975 3108,605
745 3505,975 3505,975 3108,605
746 3505,975 3505,975 3108,605
747 3505,975 3505,975 3108,605
748 3505,975 3505,975 3108,605
749 3505,975 3505,975 3108,605
750 3505,975 3505,975 3108,605
751 3505,975 3505,975 3108,605
752 3505,975 3505,975 3108,605
753 3505,975 3505,975 3108,605
754 3505,975 3505,975 3108,605
755 3505,975 3505,975 3108,605
756 3505,975 3505,975 3108,605
757 3505,975 3505,975 3108,605
758 3505,975 3505,975 3108,605
759 3505,975 3505,975 3108,605
760 3505,975 3505,975 3108,605
761 3505,975 3505,975 3108,605
762 3505,975 3505,975 3108,605
763 3505,975 3505,975 3108,605
764 3505,975 3505,975 3108,605
765 3505,975 3505,975 3108,605
766 3505,975 3505,975 3108,605
767 3505,975 3505,975 3108,605
768 3505,975 3505,975 3108,605
769 3505,975 3505,975 3108,605
770 3505,975 3505,975 3108,605
771 3505,975 3505,975 3108,605
772 3505,975 3505,975 3108,605
773 3505,975 3505,975 3108,605
774 3505,975 3505,975 3108,605
775 3505,975 3505,975 3108,605
776 3505,975 3505,975 3108,605
777 3505,975 3505,975 3108,605
778 3505,975 3505,975 3108,605
779 3505,975 3505,975 3108,605
780 3505,975 3505,975 3108,605
781 3402,355 3402,355 3108,605
782 3505,975 3402,355 3108,605
783 3505,975 3402,355 3108,605
784 3505,975 3402,355 3108,605
785 3505,975 3402,355 3108,605
786 3969,362 3402,355 3108,605
787 3505,975 3402,355 3108,605
788 3505,975 3402,355 3108,605
789 3505,975 3402,355 3108,605
790 3505,975 3402,355 3108,605
791 3505,975 3402,355 3108,605
792 3505,975 3402,355 3108,605
793 3505,975 3402,355 3108,605
794 5292,124 3402,355 3108,605
795 3505,975 3402,355 3108,605
796 4176,583 3402,355 3108,605
797 3505,975 3402,355 3108,605
798 3505,975 3402,355 3108,605
799 3505,975 3402,355 3108,605
800 3505,975 3402,355 3108,605
