nrOsobnika current best_current best_global
1 6494,448 4826,391 2793,727
2 6456,899 4826,391 2793,727
3 5589,850 4826,391 2793,727
4 5795,750 4826,391 2793,727
5 6818,611 4826,391 2793,727
6 5601,664 4826,391 2793,727
7 6461,295 4826,391 2793,727
8 6336,312 4826,391 2793,727
9 6211,207 4826,391 2793,727
10 6184,511 4826,391 2793,727
11 7229,299 4826,391 2793,727
12 5574,927 4826,391 2793,727
13 6347,009 4826,391 2793,727
14 6249,767 4826,391 2793,727
15 6072,325 4826,391 2793,727
16 5347,897 4826,391 2793,727
17 5942,743 4826,391 2793,727
18 6786,321 4826,391 2793,727
19 6696,944 4826,391 2793,727
20 6870,390 4826,391 2793,727
21 4826,391 4826,391 2793,727
22 5347,897 4826,391 2793,727
23 5352,983 4826,391 2793,727
24 5370,041 4826,391 2793,727
25 5508,696 4826,391 2793,727
26 5574,927 4826,391 2793,727
27 5589,850 4826,391 2793,727
28 5601,664 4826,391 2793,727
29 5748,602 4826,391 2793,727
30 5795,750 4826,391 2793,727
31 5854,410 4826,391 2793,727
32 5900,623 4826,391 2793,727
33 5942,743 4826,391 2793,727
34 6025,535 4826,391 2793,727
35 6048,228 4826,391 2793,727
36 6072,325 4826,391 2793,727
37 6126,565 4826,391 2793,727
38 6184,511 4826,391 2793,727
39 6211,207 4826,391 2793,727
40 6219,287 4826,391 2793,727
41 4826,391 4826,391 2793,727
42 5047,855 4826,391 2793,727
43 5250,416 4826,391 2793,727
44 5346,122 4826,391 2793,727
45 5347,897 4826,391 2793,727
46 5352,983 4826,391 2793,727
47 5370,041 4826,391 2793,727
48 5398,081 4826,391 2793,727
49 5508,696 4826,391 2793,727
50 5555,236 4826,391 2793,727
51 5567,787 4826,391 2793,727
52 5574,927 4826,391 2793,727
53 5589,850 4826,391 2793,727
54 5601,664 4826,391 2793,727
55 5603,081 4826,391 2793,727
56 5690,662 4826,391 2793,727
57 5709,370 4826,391 2793,727
58 5716,769 4826,391 2793,727
59 5747,465 4826,391 2793,727
60 5748,553 4826,391 2793,727
61 4826,391 4604,527 2793,727
62 4922,369 4604,527 2793,727
63 4959,006 4604,527 2793,727
64 5047,855 4604,527 2793,727
65 5199,984 4604,527 2793,727
66 5250,416 4604,527 2793,727
67 5321,687 4604,527 2793,727
68 5346,122 4604,527 2793,727
69 5347,897 4604,527 2793,727
70 5352,983 4604,527 2793,727
71 5362,981 4604,527 2793,727
72 5370,041 4604,527 2793,727
73 5398,081 4604,527 2793,727
74 5430,011 4604,527 2793,727
75 6360,142 4604,527 2793,727
76 5510,989 4604,527 2793,727
77 5555,236 4604,527 2793,727
78 5556,753 4604,527 2793,727
79 5567,787 4604,527 2793,727
80 5574,927 4604,527 2793,727
81 4604,527 4577,938 2793,727
82 4826,391 4577,938 2793,727
83 4922,369 4577,938 2793,727
84 4925,223 4577,938 2793,727
85 4959,006 4577,938 2793,727
86 4981,919 4577,938 2793,727
87 5047,855 4577,938 2793,727
88 5960,911 4577,938 2793,727
89 5110,326 4577,938 2793,727
90 5190,685 4577,938 2793,727
91 5199,984 4577,938 2793,727
92 5242,027 4577,938 2793,727
93 5250,416 4577,938 2793,727
94 5272,468 4577,938 2793,727
95 5321,687 4577,938 2793,727
96 5334,249 4577,938 2793,727
97 5346,122 4577,938 2793,727
98 5347,897 4577,938 2793,727
99 5352,983 4577,938 2793,727
100 5362,981 4577,938 2793,727
101 4577,938 4448,997 2793,727
102 4604,527 4448,997 2793,727
103 4826,391 4448,997 2793,727
104 4899,194 4448,997 2793,727
105 4922,369 4448,997 2793,727
106 4925,223 4448,997 2793,727
107 4959,006 4448,997 2793,727
108 4981,919 4448,997 2793,727
109 5024,604 4448,997 2793,727
110 5047,855 4448,997 2793,727
111 5110,326 4448,997 2793,727
112 5142,038 4448,997 2793,727
113 5190,685 4448,997 2793,727
114 5192,464 4448,997 2793,727
115 5195,855 4448,997 2793,727
116 5199,984 4448,997 2793,727
117 5209,337 4448,997 2793,727
118 5242,027 4448,997 2793,727
119 5250,416 4448,997 2793,727
120 5272,468 4448,997 2793,727
121 4448,997 4448,251 2793,727
122 4577,938 4448,251 2793,727
123 4604,527 4448,251 2793,727
124 4683,332 4448,251 2793,727
125 4736,274 4448,251 2793,727
126 4826,391 4448,251 2793,727
127 4860,915 4448,251 2793,727
128 4883,959 4448,251 2793,727
129 4899,194 4448,251 2793,727
130 4911,429 4448,251 2793,727
131 4922,369 4448,251 2793,727
132 4925,223 4448,251 2793,727
133 4946,706 4448,251 2793,727
134 4959,006 4448,251 2793,727
135 4981,919 4448,251 2793,727
136 5024,604 4448,251 2793,727
137 5047,419 4448,251 2793,727
138 5047,855 4448,251 2793,727
139 5110,326 4448,251 2793,727
140 5121,266 4448,251 2793,727
141 4448,251 3881,010 2793,727
142 4448,997 3881,010 2793,727
143 4448,997 3881,010 2793,727
144 4549,358 3881,010 2793,727
145 4577,938 3881,010 2793,727
146 4599,910 3881,010 2793,727
147 4604,527 3881,010 2793,727
148 4635,241 3881,010 2793,727
149 4678,140 3881,010 2793,727
150 4683,332 3881,010 2793,727
151 4690,599 3881,010 2793,727
152 4726,788 3881,010 2793,727
153 4736,274 3881,010 2793,727
154 4768,938 3881,010 2793,727
155 4826,391 3881,010 2793,727
156 4860,915 3881,010 2793,727
157 4883,959 3881,010 2793,727
158 4899,194 3881,010 2793,727
159 4911,429 3881,010 2793,727
160 4922,369 3881,010 2793,727
161 3881,010 3676,013 2793,727
162 4448,251 3676,013 2793,727
163 4448,997 3676,013 2793,727
164 4448,997 3676,013 2793,727
165 4448,997 3676,013 2793,727
166 4549,358 3676,013 2793,727
167 4555,505 3676,013 2793,727
168 4577,938 3676,013 2793,727
169 4599,910 3676,013 2793,727
170 4689,264 3676,013 2793,727
171 4635,241 3676,013 2793,727
172 4659,584 3676,013 2793,727
173 4664,902 3676,013 2793,727
174 4678,140 3676,013 2793,727
175 4672,702 3676,013 2793,727
176 4690,599 3676,013 2793,727
177 4726,788 3676,013 2793,727
178 4736,274 3676,013 2793,727
179 4746,053 3676,013 2793,727
180 4768,938 3676,013 2793,727
181 3676,013 3676,013 2793,727
182 3881,010 3676,013 2793,727
183 4294,743 3676,013 2793,727
184 4391,116 3676,013 2793,727
185 4447,252 3676,013 2793,727
186 4448,251 3676,013 2793,727
187 4448,997 3676,013 2793,727
188 4448,997 3676,013 2793,727
189 4448,997 3676,013 2793,727
190 4448,997 3676,013 2793,727
191 4448,997 3676,013 2793,727
192 4493,477 3676,013 2793,727
193 4515,146 3676,013 2793,727
194 4549,358 3676,013 2793,727
195 4388,014 3676,013 2793,727
196 4559,161 3676,013 2793,727
197 5547,777 3676,013 2793,727
198 4599,910 3676,013 2793,727
199 4600,656 3676,013 2793,727
200 6211,925 3676,013 2793,727
201 3676,013 3676,013 2793,727
202 3703,266 3676,013 2793,727
203 3881,010 3676,013 2793,727
204 3969,107 3676,013 2793,727
205 3977,742 3676,013 2793,727
206 4018,651 3676,013 2793,727
207 4055,925 3676,013 2793,727
208 4214,196 3676,013 2793,727
209 4294,743 3676,013 2793,727
210 4319,383 3676,013 2793,727
211 4378,090 3676,013 2793,727
212 4388,014 3676,013 2793,727
213 4390,675 3676,013 2793,727
214 4391,116 3676,013 2793,727
215 4427,766 3676,013 2793,727
216 4430,279 3676,013 2793,727
217 4447,252 3676,013 2793,727
218 4448,251 3676,013 2793,727
219 4448,997 3676,013 2793,727
220 4448,997 3676,013 2793,727
221 3676,013 3165,576 2793,727
222 3703,266 3165,576 2793,727
223 3739,721 3165,576 2793,727
224 3862,495 3165,576 2793,727
225 3881,010 3165,576 2793,727
226 3905,056 3165,576 2793,727
227 3929,852 3165,576 2793,727
228 3969,107 3165,576 2793,727
229 3977,742 3165,576 2793,727
230 4018,651 3165,576 2793,727
231 4055,925 3165,576 2793,727
232 4100,282 3165,576 2793,727
233 4214,196 3165,576 2793,727
234 4266,346 3165,576 2793,727
235 4294,743 3165,576 2793,727
236 4319,383 3165,576 2793,727
237 4323,944 3165,576 2793,727
238 4129,270 3165,576 2793,727
239 4377,805 3165,576 2793,727
240 4378,090 3165,576 2793,727
241 3165,576 3165,576 2793,727
242 3555,259 3165,576 2793,727
243 3560,502 3165,576 2793,727
244 3608,246 3165,576 2793,727
245 3676,013 3165,576 2793,727
246 3676,013 3165,576 2793,727
247 5298,241 3165,576 2793,727
248 3687,745 3165,576 2793,727
249 3695,537 3165,576 2793,727
250 3703,266 3165,576 2793,727
251 3739,721 3165,576 2793,727
252 3844,039 3165,576 2793,727
253 3859,309 3165,576 2793,727
254 3862,495 3165,576 2793,727
255 3881,010 3165,576 2793,727
256 3905,056 3165,576 2793,727
257 3929,852 3165,576 2793,727
258 3940,296 3165,576 2793,727
259 3969,107 3165,576 2793,727
260 3977,742 3165,576 2793,727
261 3165,576 3165,576 2793,727
262 3246,196 3165,576 2793,727
263 3555,259 3165,576 2793,727
264 3560,502 3165,576 2793,727
265 3560,502 3165,576 2793,727
266 3608,246 3165,576 2793,727
267 3627,619 3165,576 2793,727
268 3676,013 3165,576 2793,727
269 3676,013 3165,576 2793,727
270 3687,745 3165,576 2793,727
271 3695,537 3165,576 2793,727
272 3703,266 3165,576 2793,727
273 3722,820 3165,576 2793,727
274 3739,721 3165,576 2793,727
275 3740,713 3165,576 2793,727
276 3747,003 3165,576 2793,727
277 3772,818 3165,576 2793,727
278 3800,033 3165,576 2793,727
279 3832,324 3165,576 2793,727
280 3843,161 3165,576 2793,727
281 3165,576 3165,576 2793,727
282 3246,196 3165,576 2793,727
283 3283,586 3165,576 2793,727
284 3511,042 3165,576 2793,727
285 3529,502 3165,576 2793,727
286 3531,871 3165,576 2793,727
287 3555,259 3165,576 2793,727
288 5410,925 3165,576 2793,727
289 3560,502 3165,576 2793,727
290 3608,246 3165,576 2793,727
291 3608,246 3165,576 2793,727
292 3609,420 3165,576 2793,727
293 3627,619 3165,576 2793,727
294 3627,619 3165,576 2793,727
295 3661,674 3165,576 2793,727
296 3676,013 3165,576 2793,727
297 3676,013 3165,576 2793,727
298 3687,745 3165,576 2793,727
299 3695,537 3165,576 2793,727
300 3703,266 3165,576 2793,727
301 3165,576 3165,576 2793,727
302 3246,196 3165,576 2793,727
303 3283,586 3165,576 2793,727
304 3320,406 3165,576 2793,727
305 3345,645 3165,576 2793,727
306 3471,007 3165,576 2793,727
307 3511,042 3165,576 2793,727
308 3529,502 3165,576 2793,727
309 3531,871 3165,576 2793,727
310 3533,092 3165,576 2793,727
311 3533,092 3165,576 2793,727
312 3555,259 3165,576 2793,727
313 3560,502 3165,576 2793,727
314 3560,502 3165,576 2793,727
315 3560,502 3165,576 2793,727
316 3608,246 3165,576 2793,727
317 3608,246 3165,576 2793,727
318 3608,246 3165,576 2793,727
319 3608,246 3165,576 2793,727
320 3609,420 3165,576 2793,727
321 3165,576 3165,576 2793,727
322 3246,196 3165,576 2793,727
323 3283,586 3165,576 2793,727
324 3283,586 3165,576 2793,727
325 3320,406 3165,576 2793,727
326 3323,447 3165,576 2793,727
327 3345,645 3165,576 2793,727
328 3445,297 3165,576 2793,727
329 3471,007 3165,576 2793,727
330 3502,092 3165,576 2793,727
331 3511,042 3165,576 2793,727
332 3511,042 3165,576 2793,727
333 3511,042 3165,576 2793,727
334 3529,502 3165,576 2793,727
335 3531,871 3165,576 2793,727
336 3533,092 3165,576 2793,727
337 3533,092 3165,576 2793,727
338 3541,480 3165,576 2793,727
339 3555,259 3165,576 2793,727
340 3560,502 3165,576 2793,727
341 3165,576 3138,667 2793,727
342 3204,013 3138,667 2793,727
343 3238,116 3138,667 2793,727
344 3246,196 3138,667 2793,727
345 3283,586 3138,667 2793,727
346 3283,586 3138,667 2793,727
347 3311,542 3138,667 2793,727
348 3311,542 3138,667 2793,727
349 3320,406 3138,667 2793,727
350 3320,406 3138,667 2793,727
351 3323,447 3138,667 2793,727
352 3345,645 3138,667 2793,727
353 3345,645 3138,667 2793,727
354 5108,434 3138,667 2793,727
355 3371,778 3138,667 2793,727
356 3387,995 3138,667 2793,727
357 3403,513 3138,667 2793,727
358 3433,951 3138,667 2793,727
359 3445,297 3138,667 2793,727
360 4821,199 3138,667 2793,727
361 3138,667 3138,667 2793,727
362 3165,576 3138,667 2793,727
363 3204,013 3138,667 2793,727
364 3204,013 3138,667 2793,727
365 3227,635 3138,667 2793,727
366 3238,116 3138,667 2793,727
367 3246,196 3138,667 2793,727
368 3249,237 3138,667 2793,727
369 3283,586 3138,667 2793,727
370 3283,586 3138,667 2793,727
371 3283,586 3138,667 2793,727
372 3283,586 3138,667 2793,727
373 3283,586 3138,667 2793,727
374 3283,586 3138,667 2793,727
375 3308,255 3138,667 2793,727
376 3308,255 3138,667 2793,727
377 3311,542 3138,667 2793,727
378 3311,542 3138,667 2793,727
379 3311,542 3138,667 2793,727
380 3320,406 3138,667 2793,727
381 3138,667 3120,106 2793,727
382 3138,667 3120,106 2793,727
383 3138,667 3120,106 2793,727
384 3138,667 3120,106 2793,727
385 3165,576 3120,106 2793,727
386 3176,057 3120,106 2793,727
387 3176,057 3120,106 2793,727
388 3176,903 3120,106 2793,727
389 3204,013 3120,106 2793,727
390 3204,013 3120,106 2793,727
391 3204,013 3120,106 2793,727
392 3227,635 3120,106 2793,727
393 3238,116 3120,106 2793,727
394 3246,196 3120,106 2793,727
395 3246,196 3120,106 2793,727
396 3249,237 3120,106 2793,727
397 3249,237 3120,106 2793,727
398 3276,347 3120,106 2793,727
399 3283,586 3120,106 2793,727
400 3283,586 3120,106 2793,727
401 3120,106 3017,867 2793,727
402 3128,437 3017,867 2793,727
403 3138,667 3017,867 2793,727
404 3138,667 3017,867 2793,727
405 3138,667 3017,867 2793,727
406 3138,667 3017,867 2793,727
407 3138,667 3017,867 2793,727
408 3138,667 3017,867 2793,727
409 3138,667 3017,867 2793,727
410 3138,667 3017,867 2793,727
411 3138,667 3017,867 2793,727
412 3138,667 3017,867 2793,727
413 3165,576 3017,867 2793,727
414 3165,576 3017,867 2793,727
415 3165,576 3017,867 2793,727
416 3165,777 3017,867 2793,727
417 3176,057 3017,867 2793,727
418 3176,057 3017,867 2793,727
419 3176,057 3017,867 2793,727
420 3666,743 3017,867 2793,727
421 3017,867 2989,224 2793,727
422 3058,047 2989,224 2793,727
423 3058,047 2989,224 2793,727
424 3058,047 2989,224 2793,727
425 3120,106 2989,224 2793,727
426 3128,437 2989,224 2793,727
427 3138,667 2989,224 2793,727
428 5265,568 2989,224 2793,727
429 3138,667 2989,224 2793,727
430 3138,667 2989,224 2793,727
431 3138,667 2989,224 2793,727
432 3138,667 2989,224 2793,727
433 3138,667 2989,224 2793,727
434 3138,667 2989,224 2793,727
435 3138,667 2989,224 2793,727
436 3138,667 2989,224 2793,727
437 3138,667 2989,224 2793,727
438 3138,667 2989,224 2793,727
439 4065,721 2989,224 2793,727
440 3138,667 2989,224 2793,727
441 2989,224 2989,224 2793,727
442 2989,224 2989,224 2793,727
443 3017,867 2989,224 2793,727
444 3058,047 2989,224 2793,727
445 3058,047 2989,224 2793,727
446 3058,047 2989,224 2793,727
447 3058,047 2989,224 2793,727
448 3058,047 2989,224 2793,727
449 3058,047 2989,224 2793,727
450 3058,047 2989,224 2793,727
451 3058,047 2989,224 2793,727
452 3058,047 2989,224 2793,727
453 3058,047 2989,224 2793,727
454 3095,166 2989,224 2793,727
455 3095,166 2989,224 2793,727
456 3120,106 2989,224 2793,727
457 3128,437 2989,224 2793,727
458 3138,667 2989,224 2793,727
459 3138,667 2989,224 2793,727
460 3138,667 2989,224 2793,727
461 2989,224 2821,009 2793,727
462 2989,224 2821,009 2793,727
463 2989,224 2821,009 2793,727
464 2989,224 2821,009 2793,727
465 3017,867 2821,009 2793,727
466 3017,867 2821,009 2793,727
467 3818,632 2821,009 2793,727
468 3017,867 2821,009 2793,727
469 3029,404 2821,009 2793,727
470 3058,047 2821,009 2793,727
471 3058,047 2821,009 2793,727
472 3059,913 2821,009 2793,727
473 3058,047 2821,009 2793,727
474 3058,047 2821,009 2793,727
475 3058,047 2821,009 2793,727
476 3058,047 2821,009 2793,727
477 4513,113 2821,009 2793,727
478 3058,047 2821,009 2793,727
479 3058,047 2821,009 2793,727
480 2821,009 2821,009 2793,727
481 2821,009 2821,009 2793,727
482 2989,224 2821,009 2793,727
483 2989,224 2821,009 2793,727
484 2989,224 2821,009 2793,727
485 2989,224 2821,009 2793,727
486 2989,224 2821,009 2793,727
487 3017,867 2821,009 2793,727
488 3017,867 2821,009 2793,727
489 3017,867 2821,009 2793,727
490 3017,867 2821,009 2793,727
491 3017,867 2821,009 2793,727
492 3017,867 2821,009 2793,727
493 3017,867 2821,009 2793,727
494 3017,867 2821,009 2793,727
495 3017,867 2821,009 2793,727
496 3017,867 2821,009 2793,727
497 3029,404 2821,009 2793,727
498 3029,404 2821,009 2793,727
499 3029,404 2821,009 2793,727
500 3029,404 2821,009 2793,727
501 2821,009 2792,366 2792,366
502 2989,224 2792,366 2792,366
503 2989,224 2792,366 2792,366
504 2989,224 2792,366 2792,366
505 2989,224 2792,366 2792,366
506 3407,678 2792,366 2792,366
507 2989,224 2792,366 2792,366
508 2989,224 2792,366 2792,366
509 2989,224 2792,366 2792,366
510 2989,224 2792,366 2792,366
511 2989,224 2792,366 2792,366
512 2989,224 2792,366 2792,366
513 3017,867 2792,366 2792,366
514 3017,867 2792,366 2792,366
515 3017,867 2792,366 2792,366
516 3017,867 2792,366 2792,366
517 3737,764 2792,366 2792,366
518 3017,867 2792,366 2792,366
519 3017,867 2792,366 2792,366
520 3017,867 2792,366 2792,366
521 2792,366 2792,366 2792,366
522 2821,009 2792,366 2792,366
523 2821,009 2792,366 2792,366
524 4829,518 2792,366 2792,366
525 2989,224 2792,366 2792,366
526 2989,224 2792,366 2792,366
527 2989,224 2792,366 2792,366
528 2989,224 2792,366 2792,366
529 2989,224 2792,366 2792,366
530 2989,224 2792,366 2792,366
531 2989,224 2792,366 2792,366
532 2989,224 2792,366 2792,366
533 2989,224 2792,366 2792,366
534 2989,224 2792,366 2792,366
535 2989,224 2792,366 2792,366
536 2989,224 2792,366 2792,366
537 2989,224 2792,366 2792,366
538 2989,224 2792,366 2792,366
539 2989,224 2792,366 2792,366
540 2989,224 2792,366 2792,366
541 2792,366 2792,366 2792,366
542 2792,366 2792,366 2792,366
543 2792,366 2792,366 2792,366
544 2792,366 2792,366 2792,366
545 2792,366 2792,366 2792,366
546 2792,366 2792,366 2792,366
547 2792,366 2792,366 2792,366
548 2821,009 2792,366 2792,366
549 2821,009 2792,366 2792,366
550 2821,009 2792,366 2792,366
551 2989,224 2792,366 2792,366
552 3647,943 2792,366 2792,366
553 2989,224 2792,366 2792,366
554 2989,224 2792,366 2792,366
555 2989,224 2792,366 2792,366
556 2989,224 2792,366 2792,366
557 2989,224 2792,366 2792,366
558 2989,224 2792,366 2792,366
559 2989,224 2792,366 2792,366
560 2989,224 2792,366 2792,366
561 2792,366 2792,366 2792,366
562 2792,366 2792,366 2792,366
563 2792,366 2792,366 2792,366
564 2792,366 2792,366 2792,366
565 2792,366 2792,366 2792,366
566 2792,366 2792,366 2792,366
567 5438,588 2792,366 2792,366
568 2792,366 2792,366 2792,366
569 2792,366 2792,366 2792,366
570 2792,366 2792,366 2792,366
571 2792,366 2792,366 2792,366
572 2792,366 2792,366 2792,366
573 2792,366 2792,366 2792,366
574 2792,366 2792,366 2792,366
575 2792,366 2792,366 2792,366
576 2792,366 2792,366 2792,366
577 2821,009 2792,366 2792,366
578 2821,009 2792,366 2792,366
579 2821,009 2792,366 2792,366
580 2821,009 2792,366 2792,366
581 2792,366 2792,366 2792,366
582 2792,366 2792,366 2792,366
583 2792,366 2792,366 2792,366
584 4364,713 2792,366 2792,366
585 2792,366 2792,366 2792,366
586 2792,366 2792,366 2792,366
587 2792,366 2792,366 2792,366
588 2792,366 2792,366 2792,366
589 2792,366 2792,366 2792,366
590 2792,366 2792,366 2792,366
591 4237,349 2792,366 2792,366
592 2792,366 2792,366 2792,366
593 2792,366 2792,366 2792,366
594 2792,366 2792,366 2792,366
595 2792,366 2792,366 2792,366
596 2792,366 2792,366 2792,366
597 2792,366 2792,366 2792,366
598 3260,517 2792,366 2792,366
599 2792,366 2792,366 2792,366
600 2792,366 2792,366 2792,366
601 4185,766 2792,366 2792,366
602 2792,366 2792,366 2792,366
603 2792,366 2792,366 2792,366
604 2792,366 2792,366 2792,366
605 2792,366 2792,366 2792,366
606 2792,366 2792,366 2792,366
607 2792,366 2792,366 2792,366
608 2792,366 2792,366 2792,366
609 2792,366 2792,366 2792,366
610 2792,366 2792,366 2792,366
611 2792,366 2792,366 2792,366
612 2792,366 2792,366 2792,366
613 2792,366 2792,366 2792,366
614 2792,366 2792,366 2792,366
615 4495,368 2792,366 2792,366
616 2792,366 2792,366 2792,366
617 2792,366 2792,366 2792,366
618 2792,366 2792,366 2792,366
619 2792,366 2792,366 2792,366
620 2792,366 2792,366 2792,366
621 2792,366 2792,366 2792,366
622 2792,366 2792,366 2792,366
623 3482,663 2792,366 2792,366
624 2792,366 2792,366 2792,366
625 2792,366 2792,366 2792,366
626 2792,366 2792,366 2792,366
627 2792,366 2792,366 2792,366
628 2792,366 2792,366 2792,366
629 2792,366 2792,366 2792,366
630 2792,366 2792,366 2792,366
631 2792,366 2792,366 2792,366
632 2792,366 2792,366 2792,366
633 2792,366 2792,366 2792,366
634 2792,366 2792,366 2792,366
635 2792,366 2792,366 2792,366
636 2792,366 2792,366 2792,366
637 2792,366 2792,366 2792,366
638 2792,366 2792,366 2792,366
639 2792,366 2792,366 2792,366
640 2792,366 2792,366 2792,366
641 2792,366 2792,366 2792,366
642 2792,366 2792,366 2792,366
643 2792,366 2792,366 2792,366
644 2792,366 2792,366 2792,366
645 2792,366 2792,366 2792,366
646 2792,366 2792,366 2792,366
647 2792,366 2792,366 2792,366
648 2792,366 2792,366 2792,366
649 2792,366 2792,366 2792,366
650 2792,366 2792,366 2792,366
651 2792,366 2792,366 2792,366
652 2792,366 2792,366 2792,366
653 2792,366 2792,366 2792,366
654 2792,366 2792,366 2792,366
655 2792,366 2792,366 2792,366
656 2792,366 2792,366 2792,366
657 2792,366 2792,366 2792,366
658 2792,366 2792,366 2792,366
659 3490,367 2792,366 2792,366
660 2792,366 2792,366 2792,366
661 2792,366 2792,366 2792,366
662 2792,366 2792,366 2792,366
663 2792,366 2792,366 2792,366
664 2792,366 2792,366 2792,366
665 2792,366 2792,366 2792,366
666 2792,366 2792,366 2792,366
667 2792,366 2792,366 2792,366
668 2792,366 2792,366 2792,366
669 2792,366 2792,366 2792,366
670 2792,366 2792,366 2792,366
671 2792,366 2792,366 2792,366
672 4734,161 2792,366 2792,366
673 2792,366 2792,366 2792,366
674 2792,366 2792,366 2792,366
675 2792,366 2792,366 2792,366
676 2792,366 2792,366 2792,366
677 2792,366 2792,366 2792,366
678 2792,366 2792,366 2792,366
679 2792,366 2792,366 2792,366
680 2792,366 2792,366 2792,366
681 2792,366 2792,366 2792,366
682 2792,366 2792,366 2792,366
683 2792,366 2792,366 2792,366
684 2792,366 2792,366 2792,366
685 2792,366 2792,366 2792,366
686 2792,366 2792,366 2792,366
687 2792,366 2792,366 2792,366
688 2792,366 2792,366 2792,366
689 2792,366 2792,366 2792,366
690 2792,366 2792,366 2792,366
691 2792,366 2792,366 2792,366
692 2792,366 2792,366 2792,366
693 2792,366 2792,366 2792,366
694 2792,366 2792,366 2792,366
695 2792,366 2792,366 2792,366
696 2792,366 2792,366 2792,366
697 2792,366 2792,366 2792,366
698 2792,366 2792,366 2792,366
699 2792,366 2792,366 2792,366
700 2792,366 2792,366 2792,366
701 2792,366 2792,366 2792,366
702 2792,366 2792,366 2792,366
703 2792,366 2792,366 2792,366
704 2792,366 2792,366 2792,366
705 2792,366 2792,366 2792,366
706 2792,366 2792,366 2792,366
707 2792,366 2792,366 2792,366
708 2792,366 2792,366 2792,366
709 4809,166 2792,366 2792,366
710 2792,366 2792,366 2792,366
711 2792,366 2792,366 2792,366
712 2792,366 2792,366 2792,366
713 2792,366 2792,366 2792,366
714 2792,366 2792,366 2792,366
715 2792,366 2792,366 2792,366
716 2792,366 2792,366 2792,366
717 2792,366 2792,366 2792,366
718 2792,366 2792,366 2792,366
719 2792,366 2792,366 2792,366
720 2792,366 2792,366 2792,366
721 2792,366 2792,366 2792,366
722 2792,366 2792,366 2792,366
723 2792,366 2792,366 2792,366
724 2792,366 2792,366 2792,366
725 2792,366 2792,366 2792,366
726 2792,366 2792,366 2792,366
727 2792,366 2792,366 2792,366
728 2792,366 2792,366 2792,366
729 2792,366 2792,366 2792,366
730 2792,366 2792,366 2792,366
731 2792,366 2792,366 2792,366
732 2792,366 2792,366 2792,366
733 2792,366 2792,366 2792,366
734 2792,366 2792,366 2792,366
735 2792,366 2792,366 2792,366
736 2792,366 2792,366 2792,366
737 2792,366 2792,366 2792,366
738 2792,366 2792,366 2792,366
739 2792,366 2792,366 2792,366
740 2792,366 2792,366 2792,366
741 2792,366 2792,366 2792,366
742 2792,366 2792,366 2792,366
743 2792,366 2792,366 2792,366
744 2792,366 2792,366 2792,366
745 2792,366 2792,366 2792,366
746 2792,366 2792,366 2792,366
747 2792,366 2792,366 2792,366
748 2792,366 2792,366 2792,366
749 2792,366 2792,366 2792,366
750 2792,366 2792,366 2792,366
751 2792,366 2792,366 2792,366
752 2792,366 2792,366 2792,366
753 2792,366 2792,366 2792,366
754 2792,366 2792,366 2792,366
755 2792,366 2792,366 2792,366
756 2792,366 2792,366 2792,366
757 2792,366 2792,366 2792,366
758 2792,366 2792,366 2792,366
759 2792,366 2792,366 2792,366
760 2792,366 2792,366 2792,366
761 2792,366 2792,366 2792,366
762 2792,366 2792,366 2792,366
763 2792,366 2792,366 2792,366
764 2792,366 2792,366 2792,366
765 2792,366 2792,366 2792,366
766 2792,366 2792,366 2792,366
767 2792,366 2792,366 2792,366
768 2792,366 2792,366 2792,366
769 2792,366 2792,366 2792,366
770 2792,366 2792,366 2792,366
771 2792,366 2792,366 2792,366
772 2792,366 2792,366 2792,366
773 2792,366 2792,366 2792,366
774 2792,366 2792,366 2792,366
775 2792,366 2792,366 2792,366
776 2792,366 2792,366 2792,366
777 2792,366 2792,366 2792,366
778 2792,366 2792,366 2792,366
779 2792,366 2792,366 2792,366
780 2792,366 2792,366 2792,366
781 2792,366 2792,366 2792,366
782 2792,366 2792,366 2792,366
783 2792,366 2792,366 2792,366
784 2792,366 2792,366 2792,366
785 2792,366 2792,366 2792,366
786 2792,366 2792,366 2792,366
787 2792,366 2792,366 2792,366
788 2792,366 2792,366 2792,366
789 2792,366 2792,366 2792,366
790 2792,366 2792,366 2792,366
791 2792,366 2792,366 2792,366
792 2792,366 2792,366 2792,366
793 2792,366 2792,366 2792,366
794 2792,366 2792,366 2792,366
795 2792,366 2792,366 2792,366
796 2792,366 2792,366 2792,366
797 2792,366 2792,366 2792,366
798 2792,366 2792,366 2792,366
799 2792,366 2792,366 2792,366
800 2792,366 2792,366 2792,366
