nrOsobnika current best_current best_global
1 7140,736 5320,501 2925,740
2 6569,115 5320,501 2925,740
3 6088,894 5320,501 2925,740
4 6385,619 5320,501 2925,740
5 6539,909 5320,501 2925,740
6 6160,422 5320,501 2925,740
7 5465,368 5320,501 2925,740
8 6682,097 5320,501 2925,740
9 6377,629 5320,501 2925,740
10 6174,630 5320,501 2925,740
11 6000,172 5320,501 2925,740
12 6560,897 5320,501 2925,740
13 6401,371 5320,501 2925,740
14 6555,354 5320,501 2925,740
15 7395,316 5320,501 2925,740
16 6925,410 5320,501 2925,740
17 6603,307 5320,501 2925,740
18 6148,350 5320,501 2925,740
19 6681,477 5320,501 2925,740
20 6274,729 5320,501 2925,740
21 5320,501 5137,392 2925,740
22 5465,368 5137,392 2925,740
23 5516,595 5137,392 2925,740
24 5779,221 5137,392 2925,740
25 5843,837 5137,392 2925,740
26 6040,360 5137,392 2925,740
27 5886,909 5137,392 2925,740
28 5928,437 5137,392 2925,740
29 6000,172 5137,392 2925,740
30 6088,894 5137,392 2925,740
31 6115,544 5137,392 2925,740
32 6142,515 5137,392 2925,740
33 6148,350 5137,392 2925,740
34 6160,422 5137,392 2925,740
35 6174,630 5137,392 2925,740
36 6186,980 5137,392 2925,740
37 6214,777 5137,392 2925,740
38 6219,599 5137,392 2925,740
39 6274,729 5137,392 2925,740
40 6322,162 5137,392 2925,740
41 5137,392 5137,392 2925,740
42 5320,501 5137,392 2925,740
43 5374,159 5137,392 2925,740
44 5417,637 5137,392 2925,740
45 5465,368 5137,392 2925,740
46 5516,595 5137,392 2925,740
47 5520,117 5137,392 2925,740
48 5777,014 5137,392 2925,740
49 5779,221 5137,392 2925,740
50 5841,074 5137,392 2925,740
51 5843,837 5137,392 2925,740
52 5860,700 5137,392 2925,740
53 5886,909 5137,392 2925,740
54 5896,999 5137,392 2925,740
55 5928,437 5137,392 2925,740
56 5929,889 5137,392 2925,740
57 5997,870 5137,392 2925,740
58 6000,172 5137,392 2925,740
59 6040,360 5137,392 2925,740
60 6088,894 5137,392 2925,740
61 5137,392 4931,635 2925,740
62 5320,501 4931,635 2925,740
63 5364,131 4931,635 2925,740
64 5374,159 4931,635 2925,740
65 5417,637 4931,635 2925,740
66 5465,368 4931,635 2925,740
67 5513,871 4931,635 2925,740
68 5516,595 4931,635 2925,740
69 5520,117 4931,635 2925,740
70 5545,406 4931,635 2925,740
71 5562,200 4931,635 2925,740
72 5655,933 4931,635 2925,740
73 5679,415 4931,635 2925,740
74 5695,118 4931,635 2925,740
75 5765,965 4931,635 2925,740
76 5777,014 4931,635 2925,740
77 5779,221 4931,635 2925,740
78 5801,029 4931,635 2925,740
79 5841,074 4931,635 2925,740
80 5843,837 4931,635 2925,740
81 4931,635 4931,635 2925,740
82 5137,392 4931,635 2925,740
83 5284,826 4931,635 2925,740
84 5320,501 4931,635 2925,740
85 5348,985 4931,635 2925,740
86 5364,131 4931,635 2925,740
87 5374,159 4931,635 2925,740
88 5417,637 4931,635 2925,740
89 5436,303 4931,635 2925,740
90 5436,986 4931,635 2925,740
91 6198,434 4931,635 2925,740
92 5465,368 4931,635 2925,740
93 5502,785 4931,635 2925,740
94 5513,871 4931,635 2925,740
95 5610,956 4931,635 2925,740
96 5520,117 4931,635 2925,740
97 5520,436 4931,635 2925,740
98 5545,406 4931,635 2925,740
99 5562,200 4931,635 2925,740
100 5572,212 4931,635 2925,740
101 4931,635 4806,886 2925,740
102 5065,082 4806,886 2925,740
103 5069,634 4806,886 2925,740
104 5137,392 4806,886 2925,740
105 5281,300 4806,886 2925,740
106 5284,826 4806,886 2925,740
107 5300,539 4806,886 2925,740
108 5303,957 4806,886 2925,740
109 5320,501 4806,886 2925,740
110 5348,985 4806,886 2925,740
111 5364,131 4806,886 2925,740
112 5374,159 4806,886 2925,740
113 5417,637 4806,886 2925,740
114 5436,303 4806,886 2925,740
115 5436,986 4806,886 2925,740
116 5465,368 4806,886 2925,740
117 5468,618 4806,886 2925,740
118 5476,771 4806,886 2925,740
119 5502,785 4806,886 2925,740
120 5513,871 4806,886 2925,740
121 4806,886 4324,174 2925,740
122 4881,943 4324,174 2925,740
123 4931,635 4324,174 2925,740
124 5065,082 4324,174 2925,740
125 5069,634 4324,174 2925,740
126 5137,392 4324,174 2925,740
127 5234,133 4324,174 2925,740
128 5266,133 4324,174 2925,740
129 5273,738 4324,174 2925,740
130 5281,300 4324,174 2925,740
131 5284,826 4324,174 2925,740
132 5300,539 4324,174 2925,740
133 5303,957 4324,174 2925,740
134 5320,501 4324,174 2925,740
135 5333,906 4324,174 2925,740
136 5348,985 4324,174 2925,740
137 5364,131 4324,174 2925,740
138 5374,159 4324,174 2925,740
139 5417,637 4324,174 2925,740
140 5148,914 4324,174 2925,740
141 4324,174 4324,174 2925,740
142 4725,166 4324,174 2925,740
143 4806,886 4324,174 2925,740
144 4843,237 4324,174 2925,740
145 4844,362 4324,174 2925,740
146 4881,943 4324,174 2925,740
147 4931,635 4324,174 2925,740
148 4994,892 4324,174 2925,740
149 5065,082 4324,174 2925,740
150 5069,634 4324,174 2925,740
151 5070,596 4324,174 2925,740
152 5084,465 4324,174 2925,740
153 5137,392 4324,174 2925,740
154 5148,914 4324,174 2925,740
155 5229,777 4324,174 2925,740
156 5234,133 4324,174 2925,740
157 5266,133 4324,174 2925,740
158 5273,738 4324,174 2925,740
159 5274,336 4324,174 2925,740
160 5281,300 4324,174 2925,740
161 4324,174 4324,174 2925,740
162 4492,507 4324,174 2925,740
163 4684,884 4324,174 2925,740
164 4725,166 4324,174 2925,740
165 4806,886 4324,174 2925,740
166 4843,237 4324,174 2925,740
167 4844,362 4324,174 2925,740
168 4881,943 4324,174 2925,740
169 4931,635 4324,174 2925,740
170 4946,445 4324,174 2925,740
171 4994,892 4324,174 2925,740
172 5045,898 4324,174 2925,740
173 5065,082 4324,174 2925,740
174 5069,634 4324,174 2925,740
175 5070,596 4324,174 2925,740
176 5084,465 4324,174 2925,740
177 5113,812 4324,174 2925,740
178 5118,558 4324,174 2925,740
179 5137,392 4324,174 2925,740
180 5148,914 4324,174 2925,740
181 4324,174 4308,025 2925,740
182 4492,507 4308,025 2925,740
183 4541,087 4308,025 2925,740
184 4680,151 4308,025 2925,740
185 4684,884 4308,025 2925,740
186 4725,166 4308,025 2925,740
187 4778,344 4308,025 2925,740
188 4806,886 4308,025 2925,740
189 4843,237 4308,025 2925,740
190 4844,362 4308,025 2925,740
191 4872,858 4308,025 2925,740
192 4881,943 4308,025 2925,740
193 4931,635 4308,025 2925,740
194 4946,445 4308,025 2925,740
195 4946,445 4308,025 2925,740
196 4994,892 4308,025 2925,740
197 5009,971 4308,025 2925,740
198 5045,898 4308,025 2925,740
199 5064,364 4308,025 2925,740
200 5065,082 4308,025 2925,740
201 4308,025 4308,025 2925,740
202 4309,158 4308,025 2925,740
203 4324,174 4308,025 2925,740
204 4373,982 4308,025 2925,740
205 4492,507 4308,025 2925,740
206 4492,507 4308,025 2925,740
207 4541,087 4308,025 2925,740
208 4541,087 4308,025 2925,740
209 4680,151 4308,025 2925,740
210 4684,884 4308,025 2925,740
211 4725,081 4308,025 2925,740
212 4725,166 4308,025 2925,740
213 4778,344 4308,025 2925,740
214 5627,584 4308,025 2925,740
215 5362,021 4308,025 2925,740
216 4844,362 4308,025 2925,740
217 4852,777 4308,025 2925,740
218 4855,586 4308,025 2925,740
219 4872,858 4308,025 2925,740
220 4881,943 4308,025 2925,740
221 4308,025 4038,964 2925,740
222 4309,158 4038,964 2925,740
223 4309,158 4038,964 2925,740
224 4324,174 4038,964 2925,740
225 4373,712 4038,964 2925,740
226 4373,982 4038,964 2925,740
227 4467,293 4038,964 2925,740
228 4492,507 4038,964 2925,740
229 4492,507 4038,964 2925,740
230 4492,507 4038,964 2925,740
231 4541,087 4038,964 2925,740
232 4541,087 4038,964 2925,740
233 4541,087 4038,964 2925,740
234 4647,552 4038,964 2925,740
235 4680,151 4038,964 2925,740
236 4684,884 4038,964 2925,740
237 4723,089 4038,964 2925,740
238 4725,081 4038,964 2925,740
239 4725,166 4038,964 2925,740
240 4778,344 4038,964 2925,740
241 4038,964 4038,964 2925,740
242 5269,874 4038,964 2925,740
243 4309,158 4038,964 2925,740
244 4309,158 4038,964 2925,740
245 4309,158 4038,964 2925,740
246 4324,174 4038,964 2925,740
247 4373,712 4038,964 2925,740
248 6557,930 4038,964 2925,740
249 5219,943 4038,964 2925,740
250 4467,293 4038,964 2925,740
251 4492,507 4038,964 2925,740
252 4492,507 4038,964 2925,740
253 4492,507 4038,964 2925,740
254 4492,507 4038,964 2925,740
255 4492,507 4038,964 2925,740
256 4517,817 4038,964 2925,740
257 4541,087 4038,964 2925,740
258 4541,087 4038,964 2925,740
259 4541,087 4038,964 2925,740
260 4623,302 4038,964 2925,740
261 4038,964 4038,964 2925,740
262 4199,450 4038,964 2925,740
263 4242,933 4038,964 2925,740
264 4309,158 4038,964 2925,740
265 4309,158 4038,964 2925,740
266 4309,158 4038,964 2925,740
267 4309,158 4038,964 2925,740
268 4309,158 4038,964 2925,740
269 4309,158 4038,964 2925,740
270 4309,158 4038,964 2925,740
271 4309,158 4038,964 2925,740
272 4324,174 4038,964 2925,740
273 4373,712 4038,964 2925,740
274 4373,712 4038,964 2925,740
275 4446,642 4038,964 2925,740
276 4467,293 4038,964 2925,740
277 4483,783 4038,964 2925,740
278 4483,783 4038,964 2925,740
279 4492,507 4038,964 2925,740
280 4492,507 4038,964 2925,740
281 4038,964 4038,964 2925,740
282 4084,916 4038,964 2925,740
283 4199,450 4038,964 2925,740
284 4199,450 4038,964 2925,740
285 4242,933 4038,964 2925,740
286 4309,158 4038,964 2925,740
287 4309,158 4038,964 2925,740
288 4309,158 4038,964 2925,740
289 4309,158 4038,964 2925,740
290 4309,158 4038,964 2925,740
291 4309,158 4038,964 2925,740
292 4309,158 4038,964 2925,740
293 4309,158 4038,964 2925,740
294 4309,158 4038,964 2925,740
295 4309,158 4038,964 2925,740
296 4309,158 4038,964 2925,740
297 4309,158 4038,964 2925,740
298 4309,158 4038,964 2925,740
299 4309,158 4038,964 2925,740
300 4309,158 4038,964 2925,740
301 5265,970 4038,964 2925,740
302 4084,916 4038,964 2925,740
303 4084,916 4038,964 2925,740
304 4084,916 4038,964 2925,740
305 4099,472 4038,964 2925,740
306 4147,726 4038,964 2925,740
307 4199,450 4038,964 2925,740
308 4199,450 4038,964 2925,740
309 4199,450 4038,964 2925,740
310 4223,380 4038,964 2925,740
311 4223,380 4038,964 2925,740
312 4242,933 4038,964 2925,740
313 4309,158 4038,964 2925,740
314 4309,158 4038,964 2925,740
315 4309,158 4038,964 2925,740
316 4309,158 4038,964 2925,740
317 4309,158 4038,964 2925,740
318 4309,158 4038,964 2925,740
319 4309,158 4038,964 2925,740
320 4309,158 4038,964 2925,740
321 4038,964 3891,297 2925,740
322 6230,079 3891,297 2925,740
323 4084,916 3891,297 2925,740
324 4084,916 3891,297 2925,740
325 4084,916 3891,297 2925,740
326 4084,916 3891,297 2925,740
327 4084,916 3891,297 2925,740
328 4084,916 3891,297 2925,740
329 4099,472 3891,297 2925,740
330 4147,726 3891,297 2925,740
331 4163,134 3891,297 2925,740
332 4199,450 3891,297 2925,740
333 4199,450 3891,297 2925,740
334 4199,450 3891,297 2925,740
335 4199,450 3891,297 2925,740
336 4207,823 3891,297 2925,740
337 5311,758 3891,297 2925,740
338 4223,380 3891,297 2925,740
339 4223,380 3891,297 2925,740
340 4242,933 3891,297 2925,740
341 3891,297 3484,794 2925,740
342 3910,627 3484,794 2925,740
343 3975,208 3484,794 2925,740
344 3975,208 3484,794 2925,740
345 3979,500 3484,794 2925,740
346 3980,394 3484,794 2925,740
347 4038,964 3484,794 2925,740
348 4084,916 3484,794 2925,740
349 4084,916 3484,794 2925,740
350 4084,916 3484,794 2925,740
351 4084,916 3484,794 2925,740
352 4084,916 3484,794 2925,740
353 4084,916 3484,794 2925,740
354 4084,916 3484,794 2925,740
355 4099,472 3484,794 2925,740
356 4147,726 3484,794 2925,740
357 4158,509 3484,794 2925,740
358 4163,134 3484,794 2925,740
359 4194,073 3484,794 2925,740
360 4164,671 3484,794 2925,740
361 3484,794 3484,794 2925,740
362 3891,297 3484,794 2925,740
363 5610,772 3484,794 2925,740
364 3965,363 3484,794 2925,740
365 3975,208 3484,794 2925,740
366 3975,208 3484,794 2925,740
367 3975,208 3484,794 2925,740
368 3975,208 3484,794 2925,740
369 3975,208 3484,794 2925,740
370 3975,208 3484,794 2925,740
371 3979,500 3484,794 2925,740
372 3979,500 3484,794 2925,740
373 3979,500 3484,794 2925,740
374 3980,394 3484,794 2925,740
375 4038,964 3484,794 2925,740
376 4038,964 3484,794 2925,740
377 4084,916 3484,794 2925,740
378 4084,916 3484,794 2925,740
379 4084,916 3484,794 2925,740
380 4084,916 3484,794 2925,740
381 3484,794 3484,794 2925,740
382 3891,297 3484,794 2925,740
383 3847,705 3484,794 2925,740
384 3932,770 3484,794 2925,740
385 3956,241 3484,794 2925,740
386 3965,363 3484,794 2925,740
387 3965,363 3484,794 2925,740
388 3975,208 3484,794 2925,740
389 3975,208 3484,794 2925,740
390 3975,208 3484,794 2925,740
391 3975,208 3484,794 2925,740
392 3975,208 3484,794 2925,740
393 3975,208 3484,794 2925,740
394 3979,500 3484,794 2925,740
395 3979,500 3484,794 2925,740
396 3979,500 3484,794 2925,740
397 3980,394 3484,794 2925,740
398 3987,903 3484,794 2925,740
399 4017,874 3484,794 2925,740
400 4028,814 3484,794 2925,740
401 3484,794 3484,794 2925,740
402 3791,273 3484,794 2925,740
403 3847,705 3484,794 2925,740
404 3891,297 3484,794 2925,740
405 3891,843 3484,794 2925,740
406 3906,497 3484,794 2925,740
407 3922,106 3484,794 2925,740
408 3932,770 3484,794 2925,740
409 3956,241 3484,794 2925,740
410 3956,241 3484,794 2925,740
411 3965,363 3484,794 2925,740
412 3965,363 3484,794 2925,740
413 3975,208 3484,794 2925,740
414 3975,208 3484,794 2925,740
415 3975,208 3484,794 2925,740
416 3975,208 3484,794 2925,740
417 3975,208 3484,794 2925,740
418 3975,208 3484,794 2925,740
419 3975,208 3484,794 2925,740
420 3975,208 3484,794 2925,740
421 3484,794 3484,794 2925,740
422 3769,960 3484,794 2925,740
423 3773,003 3484,794 2925,740
424 3791,273 3484,794 2925,740
425 3823,062 3484,794 2925,740
426 3847,705 3484,794 2925,740
427 3867,690 3484,794 2925,740
428 3891,297 3484,794 2925,740
429 3891,297 3484,794 2925,740
430 3891,843 3484,794 2925,740
431 3906,497 3484,794 2925,740
432 3906,636 3484,794 2925,740
433 3922,106 3484,794 2925,740
434 3932,770 3484,794 2925,740
435 3956,241 3484,794 2925,740
436 3956,241 3484,794 2925,740
437 3956,241 3484,794 2925,740
438 3956,241 3484,794 2925,740
439 3956,241 3484,794 2925,740
440 3956,241 3484,794 2925,740
441 3484,794 3484,794 2925,740
442 3752,184 3484,794 2925,740
443 3769,960 3484,794 2925,740
444 3773,003 3484,794 2925,740
445 3791,273 3484,794 2925,740
446 3823,062 3484,794 2925,740
447 3911,616 3484,794 2925,740
448 3847,705 3484,794 2925,740
449 3848,749 3484,794 2925,740
450 3867,690 3484,794 2925,740
451 3891,297 3484,794 2925,740
452 3891,297 3484,794 2925,740
453 3891,297 3484,794 2925,740
454 3891,297 3484,794 2925,740
455 3891,297 3484,794 2925,740
456 3891,843 3484,794 2925,740
457 3906,497 3484,794 2925,740
458 3906,636 3484,794 2925,740
459 3906,636 3484,794 2925,740
460 3906,636 3484,794 2925,740
461 4454,018 3484,794 2925,740
462 3752,184 3484,794 2925,740
463 3752,184 3484,794 2925,740
464 3769,960 3484,794 2925,740
465 3769,960 3484,794 2925,740
466 3769,960 3484,794 2925,740
467 3773,003 3484,794 2925,740
468 3791,273 3484,794 2925,740
469 3791,273 3484,794 2925,740
470 3823,062 3484,794 2925,740
471 3823,476 3484,794 2925,740
472 3847,705 3484,794 2925,740
473 3848,749 3484,794 2925,740
474 3848,749 3484,794 2925,740
475 3856,163 3484,794 2925,740
476 3867,690 3484,794 2925,740
477 3867,690 3484,794 2925,740
478 3872,150 3484,794 2925,740
479 3872,616 3484,794 2925,740
480 3891,297 3484,794 2925,740
481 3484,794 3484,794 2925,740
482 3752,184 3484,794 2925,740
483 3752,184 3484,794 2925,740
484 3752,184 3484,794 2925,740
485 3769,960 3484,794 2925,740
486 3769,960 3484,794 2925,740
487 3769,960 3484,794 2925,740
488 5516,795 3484,794 2925,740
489 3769,960 3484,794 2925,740
490 3769,960 3484,794 2925,740
491 3771,605 3484,794 2925,740
492 3773,003 3484,794 2925,740
493 3791,273 3484,794 2925,740
494 3791,273 3484,794 2925,740
495 3791,273 3484,794 2925,740
496 3822,228 3484,794 2925,740
497 3823,062 3484,794 2925,740
498 3823,476 3484,794 2925,740
499 3844,399 3484,794 2925,740
500 3847,705 3484,794 2925,740
501 3484,794 3426,009 2925,740
502 3484,794 3426,009 2925,740
503 3720,470 3426,009 2925,740
504 3752,184 3426,009 2925,740
505 3752,184 3426,009 2925,740
506 3752,184 3426,009 2925,740
507 3754,490 3426,009 2925,740
508 3769,960 3426,009 2925,740
509 3769,960 3426,009 2925,740
510 3769,960 3426,009 2925,740
511 3769,960 3426,009 2925,740
512 3769,960 3426,009 2925,740
513 3769,960 3426,009 2925,740
514 3862,176 3426,009 2925,740
515 3769,960 3426,009 2925,740
516 3771,605 3426,009 2925,740
517 5271,127 3426,009 2925,740
518 3775,427 3426,009 2925,740
519 3791,273 3426,009 2925,740
520 3791,273 3426,009 2925,740
521 3426,009 3426,009 2925,740
522 3484,794 3426,009 2925,740
523 3484,794 3426,009 2925,740
524 3720,470 3426,009 2925,740
525 3752,184 3426,009 2925,740
526 3752,184 3426,009 2925,740
527 3752,184 3426,009 2925,740
528 3752,184 3426,009 2925,740
529 3752,184 3426,009 2925,740
530 3752,184 3426,009 2925,740
531 3754,490 3426,009 2925,740
532 3769,960 3426,009 2925,740
533 3769,960 3426,009 2925,740
534 3769,960 3426,009 2925,740
535 3769,960 3426,009 2925,740
536 3769,960 3426,009 2925,740
537 3769,960 3426,009 2925,740
538 3769,960 3426,009 2925,740
539 3769,960 3426,009 2925,740
540 3769,960 3426,009 2925,740
541 3426,009 3414,245 2925,740
542 3484,794 3414,245 2925,740
543 3484,794 3414,245 2925,740
544 3484,794 3414,245 2925,740
545 3484,794 3414,245 2925,740
546 3588,656 3414,245 2925,740
547 3704,017 3414,245 2925,740
548 3720,470 3414,245 2925,740
549 3720,470 3414,245 2925,740
550 3720,470 3414,245 2925,740
551 3746,439 3414,245 2925,740
552 3752,184 3414,245 2925,740
553 3752,184 3414,245 2925,740
554 3752,184 3414,245 2925,740
555 3752,184 3414,245 2925,740
556 4960,631 3414,245 2925,740
557 3752,184 3414,245 2925,740
558 3752,184 3414,245 2925,740
559 3752,184 3414,245 2925,740
560 3752,184 3414,245 2925,740
561 3414,245 3414,245 2925,740
562 3426,009 3414,245 2925,740
563 3478,894 3414,245 2925,740
564 3484,794 3414,245 2925,740
565 3484,794 3414,245 2925,740
566 3484,794 3414,245 2925,740
567 3484,794 3414,245 2925,740
568 3484,794 3414,245 2925,740
569 3484,794 3414,245 2925,740
570 3484,794 3414,245 2925,740
571 3484,794 3414,245 2925,740
572 3484,794 3414,245 2925,740
573 3484,794 3414,245 2925,740
574 3545,054 3414,245 2925,740
575 3588,656 3414,245 2925,740
576 3692,253 3414,245 2925,740
577 3704,017 3414,245 2925,740
578 3704,017 3414,245 2925,740
579 3720,470 3414,245 2925,740
580 3720,470 3414,245 2925,740
581 3414,245 3414,245 2925,740
582 3414,245 3414,245 2925,740
583 3426,009 3414,245 2925,740
584 3478,894 3414,245 2925,740
585 4299,332 3414,245 2925,740
586 3484,794 3414,245 2925,740
587 3484,794 3414,245 2925,740
588 3484,794 3414,245 2925,740
589 3484,794 3414,245 2925,740
590 4101,216 3414,245 2925,740
591 3484,794 3414,245 2925,740
592 3484,794 3414,245 2925,740
593 3484,794 3414,245 2925,740
594 3484,794 3414,245 2925,740
595 3484,794 3414,245 2925,740
596 3484,794 3414,245 2925,740
597 3484,794 3414,245 2925,740
598 3484,794 3414,245 2925,740
599 3484,794 3414,245 2925,740
600 4399,238 3414,245 2925,740
601 3414,245 3414,245 2925,740
602 3414,245 3414,245 2925,740
603 3426,009 3414,245 2925,740
604 3478,894 3414,245 2925,740
605 3478,894 3414,245 2925,740
606 3478,894 3414,245 2925,740
607 3478,894 3414,245 2925,740
608 3478,894 3414,245 2925,740
609 3478,894 3414,245 2925,740
610 3478,894 3414,245 2925,740
611 3478,894 3414,245 2925,740
612 5303,795 3414,245 2925,740
613 3484,794 3414,245 2925,740
614 3484,794 3414,245 2925,740
615 3484,794 3414,245 2925,740
616 3484,794 3414,245 2925,740
617 3484,794 3414,245 2925,740
618 3484,794 3414,245 2925,740
619 3484,794 3414,245 2925,740
620 3484,794 3414,245 2925,740
621 3414,245 3414,245 2925,740
622 3414,245 3414,245 2925,740
623 3426,009 3414,245 2925,740
624 3478,894 3414,245 2925,740
625 3478,894 3414,245 2925,740
626 3478,894 3414,245 2925,740
627 3478,894 3414,245 2925,740
628 3478,894 3414,245 2925,740
629 3478,894 3414,245 2925,740
630 3478,894 3414,245 2925,740
631 3478,894 3414,245 2925,740
632 3478,894 3414,245 2925,740
633 4360,185 3414,245 2925,740
634 3478,894 3414,245 2925,740
635 3478,894 3414,245 2925,740
636 4406,003 3414,245 2925,740
637 3478,894 3414,245 2925,740
638 3478,894 3414,245 2925,740
639 3478,894 3414,245 2925,740
640 3478,894 3414,245 2925,740
641 3414,245 3414,245 2925,740
642 3414,245 3414,245 2925,740
643 3414,245 3414,245 2925,740
644 3426,009 3414,245 2925,740
645 3478,894 3414,245 2925,740
646 3478,894 3414,245 2925,740
647 3478,894 3414,245 2925,740
648 3478,894 3414,245 2925,740
649 3478,894 3414,245 2925,740
650 3478,894 3414,245 2925,740
651 3478,894 3414,245 2925,740
652 3478,894 3414,245 2925,740
653 3478,894 3414,245 2925,740
654 3478,894 3414,245 2925,740
655 3478,894 3414,245 2925,740
656 3478,894 3414,245 2925,740
657 3478,894 3414,245 2925,740
658 3478,894 3414,245 2925,740
659 3478,894 3414,245 2925,740
660 3478,894 3414,245 2925,740
661 3414,245 3414,245 2925,740
662 3414,245 3414,245 2925,740
663 3414,245 3414,245 2925,740
664 3414,245 3414,245 2925,740
665 3414,245 3414,245 2925,740
666 3414,245 3414,245 2925,740
667 3414,245 3414,245 2925,740
668 3414,245 3414,245 2925,740
669 3426,009 3414,245 2925,740
670 3478,894 3414,245 2925,740
671 3478,894 3414,245 2925,740
672 3478,894 3414,245 2925,740
673 3478,894 3414,245 2925,740
674 3478,894 3414,245 2925,740
675 5375,485 3414,245 2925,740
676 3478,894 3414,245 2925,740
677 3478,894 3414,245 2925,740
678 3478,894 3414,245 2925,740
679 3478,894 3414,245 2925,740
680 3478,894 3414,245 2925,740
681 3414,245 3414,245 2925,740
682 4686,269 3414,245 2925,740
683 3414,245 3414,245 2925,740
684 3414,245 3414,245 2925,740
685 3414,245 3414,245 2925,740
686 3414,245 3414,245 2925,740
687 3414,245 3414,245 2925,740
688 3414,245 3414,245 2925,740
689 3414,245 3414,245 2925,740
690 3414,245 3414,245 2925,740
691 3414,245 3414,245 2925,740
692 3414,245 3414,245 2925,740
693 3414,245 3414,245 2925,740
694 3414,245 3414,245 2925,740
695 3414,245 3414,245 2925,740
696 3414,245 3414,245 2925,740
697 3426,009 3414,245 2925,740
698 4605,090 3414,245 2925,740
699 3478,894 3414,245 2925,740
700 3478,894 3414,245 2925,740
701 3414,245 3414,245 2925,740
702 3414,245 3414,245 2925,740
703 3414,245 3414,245 2925,740
704 3414,245 3414,245 2925,740
705 3414,245 3414,245 2925,740
706 3414,245 3414,245 2925,740
707 3414,245 3414,245 2925,740
708 3414,245 3414,245 2925,740
709 3414,245 3414,245 2925,740
710 3414,245 3414,245 2925,740
711 3414,245 3414,245 2925,740
712 3414,245 3414,245 2925,740
713 3414,245 3414,245 2925,740
714 3414,245 3414,245 2925,740
715 3700,718 3414,245 2925,740
716 4395,905 3414,245 2925,740
717 3414,245 3414,245 2925,740
718 3414,245 3414,245 2925,740
719 3414,245 3414,245 2925,740
720 3414,245 3414,245 2925,740
721 3414,245 3414,245 2925,740
722 3414,245 3414,245 2925,740
723 3414,245 3414,245 2925,740
724 3414,245 3414,245 2925,740
725 3414,245 3414,245 2925,740
726 3414,245 3414,245 2925,740
727 3414,245 3414,245 2925,740
728 3414,245 3414,245 2925,740
729 3414,245 3414,245 2925,740
730 3414,245 3414,245 2925,740
731 3414,245 3414,245 2925,740
732 3414,245 3414,245 2925,740
733 3414,245 3414,245 2925,740
734 3414,245 3414,245 2925,740
735 3414,245 3414,245 2925,740
736 3414,245 3414,245 2925,740
737 3414,245 3414,245 2925,740
738 3414,245 3414,245 2925,740
739 3414,245 3414,245 2925,740
740 3414,245 3414,245 2925,740
741 3414,245 3414,245 2925,740
742 3414,245 3414,245 2925,740
743 3414,245 3414,245 2925,740
744 3414,245 3414,245 2925,740
745 3414,245 3414,245 2925,740
746 3414,245 3414,245 2925,740
747 3414,245 3414,245 2925,740
748 3414,245 3414,245 2925,740
749 3414,245 3414,245 2925,740
750 5437,794 3414,245 2925,740
751 3414,245 3414,245 2925,740
752 3414,245 3414,245 2925,740
753 3414,245 3414,245 2925,740
754 3414,245 3414,245 2925,740
755 3414,245 3414,245 2925,740
756 3414,245 3414,245 2925,740
757 3414,245 3414,245 2925,740
758 3414,245 3414,245 2925,740
759 3414,245 3414,245 2925,740
760 3414,245 3414,245 2925,740
761 3414,245 3414,245 2925,740
762 3414,245 3414,245 2925,740
763 3414,245 3414,245 2925,740
764 3414,245 3414,245 2925,740
765 3414,245 3414,245 2925,740
766 4807,549 3414,245 2925,740
767 3414,245 3414,245 2925,740
768 3414,245 3414,245 2925,740
769 3414,245 3414,245 2925,740
770 3414,245 3414,245 2925,740
771 3414,245 3414,245 2925,740
772 3414,245 3414,245 2925,740
773 3414,245 3414,245 2925,740
774 3414,245 3414,245 2925,740
775 3414,245 3414,245 2925,740
776 3414,245 3414,245 2925,740
777 3414,245 3414,245 2925,740
778 3414,245 3414,245 2925,740
779 3414,245 3414,245 2925,740
780 3414,245 3414,245 2925,740
781 3414,245 3414,245 2925,740
782 3414,245 3414,245 2925,740
783 3414,245 3414,245 2925,740
784 3414,245 3414,245 2925,740
785 3414,245 3414,245 2925,740
786 3414,245 3414,245 2925,740
787 3414,245 3414,245 2925,740
788 3414,245 3414,245 2925,740
789 3414,245 3414,245 2925,740
790 3414,245 3414,245 2925,740
791 3414,245 3414,245 2925,740
792 3414,245 3414,245 2925,740
793 3414,245 3414,245 2925,740
794 3414,245 3414,245 2925,740
795 3414,245 3414,245 2925,740
796 3414,245 3414,245 2925,740
797 3414,245 3414,245 2925,740
798 3414,245 3414,245 2925,740
799 3414,245 3414,245 2925,740
800 3414,245 3414,245 2925,740
