nrOsobnika current best_current best_global
1 5697,866 4959,495 2951,769
2 6189,535 4959,495 2951,769
3 6222,647 4959,495 2951,769
4 6131,620 4959,495 2951,769
5 5729,610 4959,495 2951,769
6 6111,775 4959,495 2951,769
7 6110,798 4959,495 2951,769
8 5522,869 4959,495 2951,769
9 6233,738 4959,495 2951,769
10 6688,992 4959,495 2951,769
11 6713,378 4959,495 2951,769
12 6069,875 4959,495 2951,769
13 5884,964 4959,495 2951,769
14 5823,273 4959,495 2951,769
15 6102,972 4959,495 2951,769
16 7134,088 4959,495 2951,769
17 5865,964 4959,495 2951,769
18 5353,519 4959,495 2951,769
19 6513,823 4959,495 2951,769
20 6715,973 4959,495 2951,769
21 4959,495 4959,495 2951,769
22 5256,137 4959,495 2951,769
23 5353,519 4959,495 2951,769
24 5455,797 4959,495 2951,769
25 5522,869 4959,495 2951,769
26 5697,866 4959,495 2951,769
27 5699,422 4959,495 2951,769
28 5729,610 4959,495 2951,769
29 5806,695 4959,495 2951,769
30 5823,273 4959,495 2951,769
31 5865,964 4959,495 2951,769
32 5884,964 4959,495 2951,769
33 5888,288 4959,495 2951,769
34 5907,388 4959,495 2951,769
35 5955,514 4959,495 2951,769
36 5991,707 4959,495 2951,769
37 5997,224 4959,495 2951,769
38 6069,875 4959,495 2951,769
39 6102,972 4959,495 2951,769
40 6110,798 4959,495 2951,769
41 4959,495 4959,495 2951,769
42 5256,137 4959,495 2951,769
43 5313,801 4959,495 2951,769
44 5353,519 4959,495 2951,769
45 5358,648 4959,495 2951,769
46 5455,797 4959,495 2951,769
47 5522,869 4959,495 2951,769
48 5576,188 4959,495 2951,769
49 5587,419 4959,495 2951,769
50 5697,866 4959,495 2951,769
51 5699,422 4959,495 2951,769
52 5729,610 4959,495 2951,769
53 5734,096 4959,495 2951,769
54 5788,082 4959,495 2951,769
55 5806,695 4959,495 2951,769
56 5808,732 4959,495 2951,769
57 5823,273 4959,495 2951,769
58 5837,425 4959,495 2951,769
59 5858,960 4959,495 2951,769
60 5865,964 4959,495 2951,769
61 4959,495 4959,495 2951,769
62 5502,593 4959,495 2951,769
63 5256,137 4959,495 2951,769
64 5256,239 4959,495 2951,769
65 5313,801 4959,495 2951,769
66 5323,143 4959,495 2951,769
67 5353,519 4959,495 2951,769
68 5358,648 4959,495 2951,769
69 5404,475 4959,495 2951,769
70 5427,464 4959,495 2951,769
71 5455,797 4959,495 2951,769
72 5520,263 4959,495 2951,769
73 5522,869 4959,495 2951,769
74 5564,370 4959,495 2951,769
75 5576,188 4959,495 2951,769
76 5587,419 4959,495 2951,769
77 5697,866 4959,495 2951,769
78 5699,422 4959,495 2951,769
79 5709,266 4959,495 2951,769
80 5729,610 4959,495 2951,769
81 4959,495 4880,345 2951,769
82 5137,905 4880,345 2951,769
83 5184,170 4880,345 2951,769
84 5252,142 4880,345 2951,769
85 5256,137 4880,345 2951,769
86 5256,239 4880,345 2951,769
87 5313,801 4880,345 2951,769
88 5323,143 4880,345 2951,769
89 5353,519 4880,345 2951,769
90 5358,648 4880,345 2951,769
91 5404,475 4880,345 2951,769
92 5420,948 4880,345 2951,769
93 5427,464 4880,345 2951,769
94 5455,797 4880,345 2951,769
95 5502,593 4880,345 2951,769
96 5520,263 4880,345 2951,769
97 5522,869 4880,345 2951,769
98 5562,281 4880,345 2951,769
99 5564,370 4880,345 2951,769
100 5576,188 4880,345 2951,769
101 4880,345 4880,345 2951,769
102 4959,495 4880,345 2951,769
103 5137,905 4880,345 2951,769
104 5184,170 4880,345 2951,769
105 5201,397 4880,345 2951,769
106 5231,540 4880,345 2951,769
107 5252,142 4880,345 2951,769
108 5256,137 4880,345 2951,769
109 5256,239 4880,345 2951,769
110 5266,405 4880,345 2951,769
111 5310,876 4880,345 2951,769
112 5313,801 4880,345 2951,769
113 5323,143 4880,345 2951,769
114 5353,519 4880,345 2951,769
115 5358,648 4880,345 2951,769
116 5404,475 4880,345 2951,769
117 5420,948 4880,345 2951,769
118 5713,328 4880,345 2951,769
119 5436,330 4880,345 2951,769
120 5443,006 4880,345 2951,769
121 4880,345 4880,345 2951,769
122 4959,495 4880,345 2951,769
123 5079,241 4880,345 2951,769
124 5137,905 4880,345 2951,769
125 5184,170 4880,345 2951,769
126 5201,397 4880,345 2951,769
127 5231,540 4880,345 2951,769
128 5252,142 4880,345 2951,769
129 5256,137 4880,345 2951,769
130 6347,706 4880,345 2951,769
131 5266,405 4880,345 2951,769
132 5310,876 4880,345 2951,769
133 5313,801 4880,345 2951,769
134 5323,143 4880,345 2951,769
135 5351,896 4880,345 2951,769
136 5353,519 4880,345 2951,769
137 5358,648 4880,345 2951,769
138 5377,970 4880,345 2951,769
139 5404,475 4880,345 2951,769
140 5420,948 4880,345 2951,769
141 4880,345 4880,345 2951,769
142 4959,495 4880,345 2951,769
143 4959,495 4880,345 2951,769
144 5012,697 4880,345 2951,769
145 5062,876 4880,345 2951,769
146 5079,241 4880,345 2951,769
147 5137,905 4880,345 2951,769
148 5184,170 4880,345 2951,769
149 5201,397 4880,345 2951,769
150 5201,397 4880,345 2951,769
151 5231,540 4880,345 2951,769
152 5808,174 4880,345 2951,769
153 5256,137 4880,345 2951,769
154 5266,405 4880,345 2951,769
155 5310,876 4880,345 2951,769
156 5313,801 4880,345 2951,769
157 5323,143 4880,345 2951,769
158 5351,896 4880,345 2951,769
159 5353,519 4880,345 2951,769
160 5358,648 4880,345 2951,769
161 4880,345 4749,161 2951,769
162 4926,389 4749,161 2951,769
163 4934,226 4749,161 2951,769
164 4959,495 4749,161 2951,769
165 4959,495 4749,161 2951,769
166 4959,495 4749,161 2951,769
167 4995,029 4749,161 2951,769
168 5012,697 4749,161 2951,769
169 5013,285 4749,161 2951,769
170 5021,453 4749,161 2951,769
171 5023,757 4749,161 2951,769
172 6071,490 4749,161 2951,769
173 5079,241 4749,161 2951,769
174 5137,905 4749,161 2951,769
175 5184,170 4749,161 2951,769
176 5184,170 4749,161 2951,769
177 5201,397 4749,161 2951,769
178 5201,397 4749,161 2951,769
179 5207,387 4749,161 2951,769
180 5231,540 4749,161 2951,769
181 4749,161 4483,295 2951,769
182 4880,345 4483,295 2951,769
183 4893,898 4483,295 2951,769
184 4926,389 4483,295 2951,769
185 4926,389 4483,295 2951,769
186 4931,317 4483,295 2951,769
187 4934,226 4483,295 2951,769
188 4959,495 4483,295 2951,769
189 5092,121 4483,295 2951,769
190 4959,495 4483,295 2951,769
191 4979,470 4483,295 2951,769
192 4995,029 4483,295 2951,769
193 5012,697 4483,295 2951,769
194 5013,285 4483,295 2951,769
195 5021,453 4483,295 2951,769
196 5023,757 4483,295 2951,769
197 5070,983 4483,295 2951,769
198 5334,516 4483,295 2951,769
199 5137,420 4483,295 2951,769
200 5137,905 4483,295 2951,769
201 4483,295 4483,295 2951,769
202 4749,161 4483,295 2951,769
203 4880,345 4483,295 2951,769
204 4893,898 4483,295 2951,769
205 4893,898 4483,295 2951,769
206 4893,898 4483,295 2951,769
207 4926,389 4483,295 2951,769
208 4926,389 4483,295 2951,769
209 4926,389 4483,295 2951,769
210 4931,317 4483,295 2951,769
211 4934,226 4483,295 2951,769
212 4934,226 4483,295 2951,769
213 4959,495 4483,295 2951,769
214 4959,495 4483,295 2951,769
215 4959,495 4483,295 2951,769
216 4979,470 4483,295 2951,769
217 4979,470 4483,295 2951,769
218 4995,029 4483,295 2951,769
219 5006,265 4483,295 2951,769
220 5117,467 4483,295 2951,769
221 4483,295 4397,160 2951,769
222 4749,161 4397,160 2951,769
223 4760,051 4397,160 2951,769
224 4880,345 4397,160 2951,769
225 4893,898 4397,160 2951,769
226 4893,898 4397,160 2951,769
227 4893,898 4397,160 2951,769
228 4893,898 4397,160 2951,769
229 4921,290 4397,160 2951,769
230 4761,173 4397,160 2951,769
231 4926,389 4397,160 2951,769
232 4926,389 4397,160 2951,769
233 4926,389 4397,160 2951,769
234 4926,389 4397,160 2951,769
235 4926,389 4397,160 2951,769
236 4926,389 4397,160 2951,769
237 4931,317 4397,160 2951,769
238 4934,226 4397,160 2951,769
239 5085,608 4397,160 2951,769
240 4934,226 4397,160 2951,769
241 4397,160 4189,605 2951,769
242 4483,295 4189,605 2951,769
243 4749,161 4189,605 2951,769
244 4760,051 4189,605 2951,769
245 4761,173 4189,605 2951,769
246 4880,345 4189,605 2951,769
247 4893,898 4189,605 2951,769
248 4893,898 4189,605 2951,769
249 4893,898 4189,605 2951,769
250 4893,898 4189,605 2951,769
251 4893,898 4189,605 2951,769
252 4893,898 4189,605 2951,769
253 4893,898 4189,605 2951,769
254 4893,898 4189,605 2951,769
255 4893,898 4189,605 2951,769
256 4921,290 4189,605 2951,769
257 4926,389 4189,605 2951,769
258 4926,389 4189,605 2951,769
259 4926,389 4189,605 2951,769
260 4926,389 4189,605 2951,769
261 4189,605 4189,605 2951,769
262 4397,160 4189,605 2951,769
263 4468,814 4189,605 2951,769
264 4469,402 4189,605 2951,769
265 4469,402 4189,605 2951,769
266 4483,295 4189,605 2951,769
267 4483,295 4189,605 2951,769
268 4629,693 4189,605 2951,769
269 4643,566 4189,605 2951,769
270 4749,161 4189,605 2951,769
271 4760,051 4189,605 2951,769
272 5555,490 4189,605 2951,769
273 4811,144 4189,605 2951,769
274 4855,594 4189,605 2951,769
275 4880,345 4189,605 2951,769
276 4889,289 4189,605 2951,769
277 4893,898 4189,605 2951,769
278 4718,572 4189,605 2951,769
279 5011,542 4189,605 2951,769
280 4893,898 4189,605 2951,769
281 4189,605 4189,605 2951,769
282 4397,160 4189,605 2951,769
283 4468,814 4189,605 2951,769
284 4469,402 4189,605 2951,769
285 4469,402 4189,605 2951,769
286 4469,402 4189,605 2951,769
287 4483,295 4189,605 2951,769
288 4483,295 4189,605 2951,769
289 4483,295 4189,605 2951,769
290 4629,693 4189,605 2951,769
291 4643,566 4189,605 2951,769
292 4651,277 4189,605 2951,769
293 4718,572 4189,605 2951,769
294 4749,161 4189,605 2951,769
295 4760,051 4189,605 2951,769
296 4786,252 4189,605 2951,769
297 4811,144 4189,605 2951,769
298 4855,594 4189,605 2951,769
299 4878,130 4189,605 2951,769
300 4880,345 4189,605 2951,769
301 4189,605 4124,121 2951,769
302 4397,160 4124,121 2951,769
303 5340,623 4124,121 2951,769
304 4468,814 4124,121 2951,769
305 4468,814 4124,121 2951,769
306 4468,814 4124,121 2951,769
307 4469,402 4124,121 2951,769
308 4469,402 4124,121 2951,769
309 4469,402 4124,121 2951,769
310 4469,402 4124,121 2951,769
311 4807,964 4124,121 2951,769
312 4483,295 4124,121 2951,769
313 4483,295 4124,121 2951,769
314 4483,295 4124,121 2951,769
315 4483,295 4124,121 2951,769
316 4569,516 4124,121 2951,769
317 4629,693 4124,121 2951,769
318 4643,566 4124,121 2951,769
319 4651,277 4124,121 2951,769
320 4718,572 4124,121 2951,769
321 4124,121 4124,121 2951,769
322 4124,121 4124,121 2951,769
323 4189,605 4124,121 2951,769
324 4189,605 4124,121 2951,769
325 4296,477 4124,121 2951,769
326 4397,160 4124,121 2951,769
327 4468,814 4124,121 2951,769
328 4468,814 4124,121 2951,769
329 4468,814 4124,121 2951,769
330 4468,814 4124,121 2951,769
331 4468,814 4124,121 2951,769
332 4468,814 4124,121 2951,769
333 4469,402 4124,121 2951,769
334 4537,763 4124,121 2951,769
335 4469,402 4124,121 2951,769
336 4469,402 4124,121 2951,769
337 4469,402 4124,121 2951,769
338 5143,829 4124,121 2951,769
339 4483,295 4124,121 2951,769
340 4483,295 4124,121 2951,769
341 5198,662 4105,032 2951,769
342 4124,121 4105,032 2951,769
343 4183,517 4105,032 2951,769
344 4189,605 4105,032 2951,769
345 4189,605 4105,032 2951,769
346 4189,605 4105,032 2951,769
347 4189,605 4105,032 2951,769
348 4190,193 4105,032 2951,769
349 4197,304 4105,032 2951,769
350 4197,304 4105,032 2951,769
351 4214,468 4105,032 2951,769
352 4215,056 4105,032 2951,769
353 4296,477 4105,032 2951,769
354 4317,366 4105,032 2951,769
355 4317,366 4105,032 2951,769
356 4397,160 4105,032 2951,769
357 4414,505 4105,032 2951,769
358 4414,505 4105,032 2951,769
359 4447,925 4105,032 2951,769
360 5054,323 4105,032 2951,769
361 4105,032 4105,032 2951,769
362 4124,121 4105,032 2951,769
363 4172,416 4105,032 2951,769
364 4183,517 4105,032 2951,769
365 4183,517 4105,032 2951,769
366 4183,517 4105,032 2951,769
367 4189,605 4105,032 2951,769
368 4189,605 4105,032 2951,769
369 4189,605 4105,032 2951,769
370 4189,605 4105,032 2951,769
371 4189,605 4105,032 2951,769
372 4189,605 4105,032 2951,769
373 4189,605 4105,032 2951,769
374 4189,605 4105,032 2951,769
375 4190,193 4105,032 2951,769
376 4197,304 4105,032 2951,769
377 4197,304 4105,032 2951,769
378 4197,304 4105,032 2951,769
379 4197,304 4105,032 2951,769
380 4214,468 4105,032 2951,769
381 4105,032 4105,032 2951,769
382 4105,032 4105,032 2951,769
383 4124,121 4105,032 2951,769
384 4124,121 4105,032 2951,769
385 4124,121 4105,032 2951,769
386 4172,416 4105,032 2951,769
387 4172,416 4105,032 2951,769
388 4183,517 4105,032 2951,769
389 4183,517 4105,032 2951,769
390 4183,517 4105,032 2951,769
391 4183,517 4105,032 2951,769
392 4183,517 4105,032 2951,769
393 4189,605 4105,032 2951,769
394 4189,605 4105,032 2951,769
395 4189,605 4105,032 2951,769
396 4189,605 4105,032 2951,769
397 4189,605 4105,032 2951,769
398 4189,605 4105,032 2951,769
399 4189,605 4105,032 2951,769
400 4189,605 4105,032 2951,769
401 4105,032 4105,032 2951,769
402 4105,032 4105,032 2951,769
403 4105,032 4105,032 2951,769
404 4105,032 4105,032 2951,769
405 4124,121 4105,032 2951,769
406 4124,121 4105,032 2951,769
407 5452,669 4105,032 2951,769
408 4124,121 4105,032 2951,769
409 4172,416 4105,032 2951,769
410 4172,416 4105,032 2951,769
411 4172,416 4105,032 2951,769
412 4183,517 4105,032 2951,769
413 4183,517 4105,032 2951,769
414 4183,517 4105,032 2951,769
415 4183,517 4105,032 2951,769
416 4183,517 4105,032 2951,769
417 4183,517 4105,032 2951,769
418 4183,517 4105,032 2951,769
419 4183,517 4105,032 2951,769
420 4189,605 4105,032 2951,769
421 4105,032 4105,032 2951,769
422 4105,032 4105,032 2951,769
423 4105,032 4105,032 2951,769
424 4105,032 4105,032 2951,769
425 4105,032 4105,032 2951,769
426 4105,032 4105,032 2951,769
427 4105,032 4105,032 2951,769
428 4105,032 4105,032 2951,769
429 4105,032 4105,032 2951,769
430 4124,121 4105,032 2951,769
431 4124,121 4105,032 2951,769
432 4124,121 4105,032 2951,769
433 4124,121 4105,032 2951,769
434 4124,121 4105,032 2951,769
435 4124,121 4105,032 2951,769
436 4172,416 4105,032 2951,769
437 4172,416 4105,032 2951,769
438 4172,416 4105,032 2951,769
439 4172,416 4105,032 2951,769
440 4172,416 4105,032 2951,769
441 4105,032 4105,032 2951,769
442 4105,032 4105,032 2951,769
443 5973,252 4105,032 2951,769
444 4105,032 4105,032 2951,769
445 4105,032 4105,032 2951,769
446 4105,032 4105,032 2951,769
447 4105,032 4105,032 2951,769
448 4105,032 4105,032 2951,769
449 4105,032 4105,032 2951,769
450 4105,032 4105,032 2951,769
451 4105,032 4105,032 2951,769
452 4105,032 4105,032 2951,769
453 5279,730 4105,032 2951,769
454 4105,032 4105,032 2951,769
455 4659,430 4105,032 2951,769
456 4105,032 4105,032 2951,769
457 4105,032 4105,032 2951,769
458 4124,121 4105,032 2951,769
459 4124,121 4105,032 2951,769
460 4124,121 4105,032 2951,769
461 4105,032 4058,805 2951,769
462 4105,032 4058,805 2951,769
463 4105,032 4058,805 2951,769
464 4105,032 4058,805 2951,769
465 4105,032 4058,805 2951,769
466 4105,032 4058,805 2951,769
467 4105,032 4058,805 2951,769
468 4105,032 4058,805 2951,769
469 4105,032 4058,805 2951,769
470 4105,032 4058,805 2951,769
471 4058,805 4058,805 2951,769
472 4105,032 4058,805 2951,769
473 4105,032 4058,805 2951,769
474 4105,032 4058,805 2951,769
475 4105,032 4058,805 2951,769
476 4105,032 4058,805 2951,769
477 4105,032 4058,805 2951,769
478 4105,032 4058,805 2951,769
479 4105,032 4058,805 2951,769
480 4105,032 4058,805 2951,769
481 4058,805 4058,805 2951,769
482 4105,032 4058,805 2951,769
483 4105,032 4058,805 2951,769
484 4105,032 4058,805 2951,769
485 4105,032 4058,805 2951,769
486 4105,032 4058,805 2951,769
487 4105,032 4058,805 2951,769
488 5297,679 4058,805 2951,769
489 4105,032 4058,805 2951,769
490 4105,032 4058,805 2951,769
491 4105,032 4058,805 2951,769
492 4477,943 4058,805 2951,769
493 4105,032 4058,805 2951,769
494 4105,032 4058,805 2951,769
495 4105,032 4058,805 2951,769
496 4105,032 4058,805 2951,769
497 4105,032 4058,805 2951,769
498 4105,032 4058,805 2951,769
499 4105,032 4058,805 2951,769
500 4105,032 4058,805 2951,769
501 4058,805 4058,805 2951,769
502 4058,805 4058,805 2951,769
503 4105,032 4058,805 2951,769
504 4105,032 4058,805 2951,769
505 4105,032 4058,805 2951,769
506 4791,467 4058,805 2951,769
507 4105,032 4058,805 2951,769
508 4105,032 4058,805 2951,769
509 4105,032 4058,805 2951,769
510 4105,032 4058,805 2951,769
511 4105,032 4058,805 2951,769
512 4105,032 4058,805 2951,769
513 4105,032 4058,805 2951,769
514 4105,032 4058,805 2951,769
515 4105,032 4058,805 2951,769
516 4105,032 4058,805 2951,769
517 4105,032 4058,805 2951,769
518 4105,032 4058,805 2951,769
519 4105,032 4058,805 2951,769
520 4105,032 4058,805 2951,769
521 4058,805 4058,805 2951,769
522 4058,805 4058,805 2951,769
523 4058,805 4058,805 2951,769
524 4105,032 4058,805 2951,769
525 4105,032 4058,805 2951,769
526 4105,032 4058,805 2951,769
527 4105,032 4058,805 2951,769
528 4105,032 4058,805 2951,769
529 4105,032 4058,805 2951,769
530 4105,032 4058,805 2951,769
531 4195,050 4058,805 2951,769
532 4105,032 4058,805 2951,769
533 4105,032 4058,805 2951,769
534 4105,032 4058,805 2951,769
535 4105,032 4058,805 2951,769
536 4105,032 4058,805 2951,769
537 4105,032 4058,805 2951,769
538 4105,032 4058,805 2951,769
539 4105,032 4058,805 2951,769
540 4105,032 4058,805 2951,769
541 4058,805 4058,805 2951,769
542 4058,805 4058,805 2951,769
543 4058,805 4058,805 2951,769
544 4058,805 4058,805 2951,769
545 4058,805 4058,805 2951,769
546 4058,805 4058,805 2951,769
547 4058,805 4058,805 2951,769
548 4058,805 4058,805 2951,769
549 4105,032 4058,805 2951,769
550 4105,032 4058,805 2951,769
551 4105,032 4058,805 2951,769
552 4412,701 4058,805 2951,769
553 4105,032 4058,805 2951,769
554 4105,032 4058,805 2951,769
555 4105,032 4058,805 2951,769
556 4105,032 4058,805 2951,769
557 4105,032 4058,805 2951,769
558 4105,032 4058,805 2951,769
559 4105,032 4058,805 2951,769
560 4105,032 4058,805 2951,769
561 4058,805 4058,805 2951,769
562 4058,805 4058,805 2951,769
563 4058,805 4058,805 2951,769
564 4058,805 4058,805 2951,769
565 4058,805 4058,805 2951,769
566 4058,805 4058,805 2951,769
567 4058,805 4058,805 2951,769
568 4058,805 4058,805 2951,769
569 4058,805 4058,805 2951,769
570 4058,805 4058,805 2951,769
571 4058,805 4058,805 2951,769
572 4058,805 4058,805 2951,769
573 4058,805 4058,805 2951,769
574 4058,805 4058,805 2951,769
575 4058,805 4058,805 2951,769
576 4058,805 4058,805 2951,769
577 4058,805 4058,805 2951,769
578 5010,597 4058,805 2951,769
579 4105,032 4058,805 2951,769
580 4105,032 4058,805 2951,769
581 4058,805 4058,805 2951,769
582 4058,805 4058,805 2951,769
583 4058,805 4058,805 2951,769
584 4058,805 4058,805 2951,769
585 4058,805 4058,805 2951,769
586 4058,805 4058,805 2951,769
587 4058,805 4058,805 2951,769
588 4058,805 4058,805 2951,769
589 4058,805 4058,805 2951,769
590 4058,805 4058,805 2951,769
591 4058,805 4058,805 2951,769
592 4058,805 4058,805 2951,769
593 4058,805 4058,805 2951,769
594 4058,805 4058,805 2951,769
595 4058,805 4058,805 2951,769
596 4058,805 4058,805 2951,769
597 4058,805 4058,805 2951,769
598 4058,805 4058,805 2951,769
599 4058,805 4058,805 2951,769
600 4058,805 4058,805 2951,769
601 4058,805 4058,805 2951,769
602 4058,805 4058,805 2951,769
603 4058,805 4058,805 2951,769
604 4058,805 4058,805 2951,769
605 4058,805 4058,805 2951,769
606 4058,805 4058,805 2951,769
607 4058,805 4058,805 2951,769
608 4058,805 4058,805 2951,769
609 4058,805 4058,805 2951,769
610 4058,805 4058,805 2951,769
611 4058,805 4058,805 2951,769
612 4058,805 4058,805 2951,769
613 4058,805 4058,805 2951,769
614 4058,805 4058,805 2951,769
615 4058,805 4058,805 2951,769
616 4058,805 4058,805 2951,769
617 4058,805 4058,805 2951,769
618 4058,805 4058,805 2951,769
619 4058,805 4058,805 2951,769
620 4058,805 4058,805 2951,769
621 4058,805 4058,805 2951,769
622 4058,805 4058,805 2951,769
623 4058,805 4058,805 2951,769
624 4058,805 4058,805 2951,769
625 4058,805 4058,805 2951,769
626 4058,805 4058,805 2951,769
627 4058,805 4058,805 2951,769
628 4058,805 4058,805 2951,769
629 4809,532 4058,805 2951,769
630 4058,805 4058,805 2951,769
631 4058,805 4058,805 2951,769
632 4058,805 4058,805 2951,769
633 4058,805 4058,805 2951,769
634 4699,939 4058,805 2951,769
635 4058,805 4058,805 2951,769
636 4058,805 4058,805 2951,769
637 4058,805 4058,805 2951,769
638 4058,805 4058,805 2951,769
639 4058,805 4058,805 2951,769
640 5670,368 4058,805 2951,769
641 4058,805 4058,805 2951,769
642 4058,805 4058,805 2951,769
643 4058,805 4058,805 2951,769
644 4593,027 4058,805 2951,769
645 4058,805 4058,805 2951,769
646 5260,589 4058,805 2951,769
647 4058,805 4058,805 2951,769
648 4058,805 4058,805 2951,769
649 4058,805 4058,805 2951,769
650 4058,805 4058,805 2951,769
651 4058,805 4058,805 2951,769
652 4058,805 4058,805 2951,769
653 4058,805 4058,805 2951,769
654 4058,805 4058,805 2951,769
655 4058,805 4058,805 2951,769
656 4058,805 4058,805 2951,769
657 4058,805 4058,805 2951,769
658 4058,805 4058,805 2951,769
659 4058,805 4058,805 2951,769
660 4058,805 4058,805 2951,769
661 4058,805 4026,121 2951,769
662 4058,805 4026,121 2951,769
663 4058,805 4026,121 2951,769
664 4058,805 4026,121 2951,769
665 4058,805 4026,121 2951,769
666 4058,805 4026,121 2951,769
667 4058,805 4026,121 2951,769
668 4058,805 4026,121 2951,769
669 4058,805 4026,121 2951,769
670 4058,805 4026,121 2951,769
671 4058,805 4026,121 2951,769
672 4058,805 4026,121 2951,769
673 4058,805 4026,121 2951,769
674 4058,805 4026,121 2951,769
675 4026,121 4026,121 2951,769
676 4058,805 4026,121 2951,769
677 4058,805 4026,121 2951,769
678 4058,805 4026,121 2951,769
679 4058,805 4026,121 2951,769
680 4058,805 4026,121 2951,769
681 4026,121 4026,121 2951,769
682 4058,805 4026,121 2951,769
683 5268,404 4026,121 2951,769
684 6150,382 4026,121 2951,769
685 4058,805 4026,121 2951,769
686 4899,051 4026,121 2951,769
687 4058,805 4026,121 2951,769
688 4058,805 4026,121 2951,769
689 4058,805 4026,121 2951,769
690 4058,805 4026,121 2951,769
691 5170,452 4026,121 2951,769
692 4058,805 4026,121 2951,769
693 4058,805 4026,121 2951,769
694 4058,805 4026,121 2951,769
695 4058,805 4026,121 2951,769
696 4058,805 4026,121 2951,769
697 4058,805 4026,121 2951,769
698 4058,805 4026,121 2951,769
699 4058,805 4026,121 2951,769
700 4058,805 4026,121 2951,769
701 4026,121 3935,501 2951,769
702 4026,121 3935,501 2951,769
703 4026,121 3935,501 2951,769
704 4058,805 3935,501 2951,769
705 4058,805 3935,501 2951,769
706 4058,805 3935,501 2951,769
707 4058,805 3935,501 2951,769
708 4058,805 3935,501 2951,769
709 4058,805 3935,501 2951,769
710 4058,805 3935,501 2951,769
711 5000,133 3935,501 2951,769
712 4058,805 3935,501 2951,769
713 4058,805 3935,501 2951,769
714 4058,805 3935,501 2951,769
715 4058,805 3935,501 2951,769
716 4058,805 3935,501 2951,769
717 4058,805 3935,501 2951,769
718 4058,805 3935,501 2951,769
719 4058,805 3935,501 2951,769
720 4058,805 3935,501 2951,769
721 3935,501 3935,501 2951,769
722 4026,121 3935,501 2951,769
723 4026,121 3935,501 2951,769
724 4026,121 3935,501 2951,769
725 4026,121 3935,501 2951,769
726 4026,121 3935,501 2951,769
727 4058,805 3935,501 2951,769
728 4058,805 3935,501 2951,769
729 4058,805 3935,501 2951,769
730 4058,805 3935,501 2951,769
731 4058,805 3935,501 2951,769
732 4058,805 3935,501 2951,769
733 4058,805 3935,501 2951,769
734 4058,805 3935,501 2951,769
735 4058,805 3935,501 2951,769
736 4058,805 3935,501 2951,769
737 4058,805 3935,501 2951,769
738 4058,805 3935,501 2951,769
739 4058,805 3935,501 2951,769
740 4058,805 3935,501 2951,769
741 3935,501 3935,501 2951,769
742 3935,501 3935,501 2951,769
743 3935,501 3935,501 2951,769
744 3935,501 3935,501 2951,769
745 5306,127 3935,501 2951,769
746 4026,121 3935,501 2951,769
747 4026,121 3935,501 2951,769
748 4026,121 3935,501 2951,769
749 4026,121 3935,501 2951,769
750 4026,121 3935,501 2951,769
751 5248,912 3935,501 2951,769
752 4026,121 3935,501 2951,769
753 4026,121 3935,501 2951,769
754 6007,920 3935,501 2951,769
755 4058,805 3935,501 2951,769
756 4058,805 3935,501 2951,769
757 4058,805 3935,501 2951,769
758 4058,805 3935,501 2951,769
759 4058,805 3935,501 2951,769
760 4058,805 3935,501 2951,769
761 3935,501 3935,501 2951,769
762 3935,501 3935,501 2951,769
763 4787,709 3935,501 2951,769
764 3935,501 3935,501 2951,769
765 3935,501 3935,501 2951,769
766 4971,066 3935,501 2951,769
767 3935,501 3935,501 2951,769
768 3935,501 3935,501 2951,769
769 4026,121 3935,501 2951,769
770 4476,890 3935,501 2951,769
771 4026,121 3935,501 2951,769
772 4026,121 3935,501 2951,769
773 4026,121 3935,501 2951,769
774 4026,121 3935,501 2951,769
775 4026,121 3935,501 2951,769
776 4026,121 3935,501 2951,769
777 4026,121 3935,501 2951,769
778 4026,121 3935,501 2951,769
779 4058,805 3935,501 2951,769
780 4058,805 3935,501 2951,769
781 3935,501 3935,501 2951,769
782 3935,501 3935,501 2951,769
783 3935,501 3935,501 2951,769
784 3935,501 3935,501 2951,769
785 3935,501 3935,501 2951,769
786 3935,501 3935,501 2951,769
787 3935,501 3935,501 2951,769
788 3935,501 3935,501 2951,769
789 3935,501 3935,501 2951,769
790 3935,501 3935,501 2951,769
791 3935,501 3935,501 2951,769
792 3935,501 3935,501 2951,769
793 3935,501 3935,501 2951,769
794 3935,501 3935,501 2951,769
795 3935,501 3935,501 2951,769
796 3935,501 3935,501 2951,769
797 3935,501 3935,501 2951,769
798 3935,501 3935,501 2951,769
799 4026,121 3935,501 2951,769
800 4026,121 3935,501 2951,769
