nrOsobnika current best_current best_global
1 6738,246 5447,075 2792,366
2 6701,745 5447,075 2792,366
3 5891,632 5447,075 2792,366
4 6773,210 5447,075 2792,366
5 7402,345 5447,075 2792,366
6 6363,565 5447,075 2792,366
7 5681,248 5447,075 2792,366
8 6882,318 5447,075 2792,366
9 6040,340 5447,075 2792,366
10 6117,685 5447,075 2792,366
11 6954,474 5447,075 2792,366
12 6016,916 5447,075 2792,366
13 6381,738 5447,075 2792,366
14 5663,570 5447,075 2792,366
15 7021,547 5447,075 2792,366
16 6481,045 5447,075 2792,366
17 6452,285 5447,075 2792,366
18 6299,335 5447,075 2792,366
19 6130,447 5447,075 2792,366
20 6783,651 5447,075 2792,366
21 5447,075 5447,075 2792,366
22 5663,570 5447,075 2792,366
23 5664,733 5447,075 2792,366
24 5681,248 5447,075 2792,366
25 5741,018 5447,075 2792,366
26 5819,944 5447,075 2792,366
27 5891,632 5447,075 2792,366
28 6016,916 5447,075 2792,366
29 6040,340 5447,075 2792,366
30 6117,685 5447,075 2792,366
31 6130,447 5447,075 2792,366
32 6260,512 5447,075 2792,366
33 6299,335 5447,075 2792,366
34 6305,865 5447,075 2792,366
35 6318,042 5447,075 2792,366
36 6363,565 5447,075 2792,366
37 6372,390 5447,075 2792,366
38 6381,738 5447,075 2792,366
39 6420,471 5447,075 2792,366
40 6452,285 5447,075 2792,366
41 5447,075 4920,649 2792,366
42 5663,570 4920,649 2792,366
43 5664,733 4920,649 2792,366
44 5681,248 4920,649 2792,366
45 5682,029 4920,649 2792,366
46 5741,018 4920,649 2792,366
47 5774,466 4920,649 2792,366
48 5819,944 4920,649 2792,366
49 5891,632 4920,649 2792,366
50 5952,191 4920,649 2792,366
51 5952,592 4920,649 2792,366
52 6047,631 4920,649 2792,366
53 6016,916 4920,649 2792,366
54 6033,452 4920,649 2792,366
55 6040,340 4920,649 2792,366
56 6117,685 4920,649 2792,366
57 6128,143 4920,649 2792,366
58 6130,447 4920,649 2792,366
59 6172,120 4920,649 2792,366
60 6174,258 4920,649 2792,366
61 4920,649 4920,649 2792,366
62 5092,506 4920,649 2792,366
63 5194,880 4920,649 2792,366
64 5379,259 4920,649 2792,366
65 5447,075 4920,649 2792,366
66 5502,141 4920,649 2792,366
67 5535,358 4920,649 2792,366
68 5557,646 4920,649 2792,366
69 5594,602 4920,649 2792,366
70 5663,570 4920,649 2792,366
71 5664,733 4920,649 2792,366
72 5681,248 4920,649 2792,366
73 5682,029 4920,649 2792,366
74 5693,358 4920,649 2792,366
75 5741,018 4920,649 2792,366
76 5742,199 4920,649 2792,366
77 5774,466 4920,649 2792,366
78 5819,944 4920,649 2792,366
79 5888,282 4920,649 2792,366
80 5891,632 4920,649 2792,366
81 4920,649 4920,649 2792,366
82 4967,723 4920,649 2792,366
83 5092,506 4920,649 2792,366
84 5164,580 4920,649 2792,366
85 5194,880 4920,649 2792,366
86 5211,822 4920,649 2792,366
87 5253,420 4920,649 2792,366
88 5359,500 4920,649 2792,366
89 5379,259 4920,649 2792,366
90 5447,075 4920,649 2792,366
91 5454,946 4920,649 2792,366
92 5477,683 4920,649 2792,366
93 5502,141 4920,649 2792,366
94 5518,379 4920,649 2792,366
95 5526,548 4920,649 2792,366
96 5535,358 4920,649 2792,366
97 5557,646 4920,649 2792,366
98 5594,602 4920,649 2792,366
99 5613,507 4920,649 2792,366
100 5663,570 4920,649 2792,366
101 4920,649 4906,404 2792,366
102 4946,127 4906,404 2792,366
103 4967,723 4906,404 2792,366
104 5070,305 4906,404 2792,366
105 5073,243 4906,404 2792,366
106 5092,506 4906,404 2792,366
107 5164,580 4906,404 2792,366
108 5194,880 4906,404 2792,366
109 5211,822 4906,404 2792,366
110 5253,420 4906,404 2792,366
111 5285,125 4906,404 2792,366
112 5359,500 4906,404 2792,366
113 5379,259 4906,404 2792,366
114 5404,337 4906,404 2792,366
115 5447,075 4906,404 2792,366
116 5454,946 4906,404 2792,366
117 5477,683 4906,404 2792,366
118 5502,141 4906,404 2792,366
119 5503,609 4906,404 2792,366
120 5518,379 4906,404 2792,366
121 4847,533 4847,533 2792,366
122 4920,649 4847,533 2792,366
123 4946,127 4847,533 2792,366
124 4967,723 4847,533 2792,366
125 5070,305 4847,533 2792,366
126 5073,243 4847,533 2792,366
127 5092,506 4847,533 2792,366
128 5164,580 4847,533 2792,366
129 5171,326 4847,533 2792,366
130 5194,880 4847,533 2792,366
131 5211,822 4847,533 2792,366
132 5253,420 4847,533 2792,366
133 5285,125 4847,533 2792,366
134 5326,034 4847,533 2792,366
135 5359,500 4847,533 2792,366
136 5379,259 4847,533 2792,366
137 5466,091 4847,533 2792,366
138 5447,075 4847,533 2792,366
139 5454,946 4847,533 2792,366
140 5477,683 4847,533 2792,366
141 4847,533 4627,048 2792,366
142 4920,649 4627,048 2792,366
143 4946,127 4627,048 2792,366
144 4967,723 4627,048 2792,366
145 5070,305 4627,048 2792,366
146 5070,580 4627,048 2792,366
147 5073,243 4627,048 2792,366
148 5092,506 4627,048 2792,366
149 5164,580 4627,048 2792,366
150 5171,326 4627,048 2792,366
151 5194,880 4627,048 2792,366
152 5206,749 4627,048 2792,366
153 5211,822 4627,048 2792,366
154 5253,166 4627,048 2792,366
155 5253,420 4627,048 2792,366
156 5285,125 4627,048 2792,366
157 5326,034 4627,048 2792,366
158 5359,500 4627,048 2792,366
159 5379,259 4627,048 2792,366
160 5400,166 4627,048 2792,366
161 4627,048 4627,048 2792,366
162 4657,822 4627,048 2792,366
163 4847,533 4627,048 2792,366
164 4919,240 4627,048 2792,366
165 4920,649 4627,048 2792,366
166 4946,127 4627,048 2792,366
167 4967,723 4627,048 2792,366
168 5001,526 4627,048 2792,366
169 5038,149 4627,048 2792,366
170 5070,305 4627,048 2792,366
171 5070,580 4627,048 2792,366
172 5073,243 4627,048 2792,366
173 5092,506 4627,048 2792,366
174 5098,732 4627,048 2792,366
175 5140,392 4627,048 2792,366
176 5164,580 4627,048 2792,366
177 5171,326 4627,048 2792,366
178 5178,033 4627,048 2792,366
179 5194,880 4627,048 2792,366
180 5206,749 4627,048 2792,366
181 4616,034 4531,524 2792,366
182 4657,822 4531,524 2792,366
183 4721,095 4531,524 2792,366
184 4771,640 4531,524 2792,366
185 4847,533 4531,524 2792,366
186 4857,808 4531,524 2792,366
187 6330,040 4531,524 2792,366
188 4919,240 4531,524 2792,366
189 4920,649 4531,524 2792,366
190 4946,127 4531,524 2792,366
191 4967,723 4531,524 2792,366
192 5001,526 4531,524 2792,366
193 5037,206 4531,524 2792,366
194 5038,149 4531,524 2792,366
195 5070,305 4531,524 2792,366
196 5070,580 4531,524 2792,366
197 5073,243 4531,524 2792,366
198 5092,506 4531,524 2792,366
199 5098,732 4531,524 2792,366
200 5122,330 4531,524 2792,366
201 4531,524 3901,361 2792,366
202 4616,034 3901,361 2792,366
203 4657,822 3901,361 2792,366
204 4679,579 3901,361 2792,366
205 4721,095 3901,361 2792,366
206 4763,307 3901,361 2792,366
207 4771,640 3901,361 2792,366
208 4847,533 3901,361 2792,366
209 4857,808 3901,361 2792,366
210 4884,249 3901,361 2792,366
211 4910,732 3901,361 2792,366
212 4919,240 3901,361 2792,366
213 4919,240 3901,361 2792,366
214 4920,649 3901,361 2792,366
215 4921,808 3901,361 2792,366
216 4936,726 3901,361 2792,366
217 4946,127 3901,361 2792,366
218 4946,127 3901,361 2792,366
219 4967,723 3901,361 2792,366
220 5001,526 3901,361 2792,366
221 3901,361 3859,949 2792,366
222 4518,778 3859,949 2792,366
223 4531,524 3859,949 2792,366
224 4616,034 3859,949 2792,366
225 4641,573 3859,949 2792,366
226 4657,822 3859,949 2792,366
227 4694,861 3859,949 2792,366
228 4679,579 3859,949 2792,366
229 4682,281 3859,949 2792,366
230 4699,787 3859,949 2792,366
231 4721,095 3859,949 2792,366
232 4743,827 3859,949 2792,366
233 4756,512 3859,949 2792,366
234 4763,307 3859,949 2792,366
235 4771,640 3859,949 2792,366
236 4836,121 3859,949 2792,366
237 4847,533 3859,949 2792,366
238 4857,808 3859,949 2792,366
239 4884,249 3859,949 2792,366
240 4910,732 3859,949 2792,366
241 3859,949 3693,431 2792,366
242 3859,949 3693,431 2792,366
243 3901,361 3693,431 2792,366
244 4402,520 3693,431 2792,366
245 4416,186 3693,431 2792,366
246 4464,410 3693,431 2792,366
247 4518,778 3693,431 2792,366
248 4531,524 3693,431 2792,366
249 4551,451 3693,431 2792,366
250 5480,716 3693,431 2792,366
251 4641,573 3693,431 2792,366
252 4657,822 3693,431 2792,366
253 4679,579 3693,431 2792,366
254 4682,281 3693,431 2792,366
255 4686,865 3693,431 2792,366
256 4694,861 3693,431 2792,366
257 4699,787 3693,431 2792,366
258 4704,078 3693,431 2792,366
259 4721,095 3693,431 2792,366
260 4735,584 3693,431 2792,366
261 3693,431 3693,431 2792,366
262 3859,949 3693,431 2792,366
263 3859,949 3693,431 2792,366
264 3901,361 3693,431 2792,366
265 4165,975 3693,431 2792,366
266 4314,265 3693,431 2792,366
267 4362,746 3693,431 2792,366
268 4402,520 3693,431 2792,366
269 4416,186 3693,431 2792,366
270 4435,487 3693,431 2792,366
271 4461,071 3693,431 2792,366
272 4464,410 3693,431 2792,366
273 4518,778 3693,431 2792,366
274 4531,524 3693,431 2792,366
275 4537,451 3693,431 2792,366
276 4551,451 3693,431 2792,366
277 4611,268 3693,431 2792,366
278 4641,573 3693,431 2792,366
279 4657,822 3693,431 2792,366
280 4679,579 3693,431 2792,366
281 3693,431 3693,431 2792,366
282 3859,949 3693,431 2792,366
283 3859,949 3693,431 2792,366
284 3901,361 3693,431 2792,366
285 3919,403 3693,431 2792,366
286 4110,522 3693,431 2792,366
287 4517,945 3693,431 2792,366
288 4231,301 3693,431 2792,366
289 4314,265 3693,431 2792,366
290 4340,119 3693,431 2792,366
291 4362,746 3693,431 2792,366
292 4363,276 3693,431 2792,366
293 4376,117 3693,431 2792,366
294 4382,010 3693,431 2792,366
295 4395,376 3693,431 2792,366
296 4402,520 3693,431 2792,366
297 4405,679 3693,431 2792,366
298 4413,398 3693,431 2792,366
299 4431,780 3693,431 2792,366
300 4435,487 3693,431 2792,366
301 3693,431 3693,431 2792,366
302 3809,766 3693,431 2792,366
303 3859,949 3693,431 2792,366
304 3859,949 3693,431 2792,366
305 3893,625 3693,431 2792,366
306 3901,361 3693,431 2792,366
307 3919,403 3693,431 2792,366
308 3951,888 3693,431 2792,366
309 4099,719 3693,431 2792,366
310 4110,522 3693,431 2792,366
311 4121,191 3693,431 2792,366
312 4128,074 3693,431 2792,366
313 4136,856 3693,431 2792,366
314 4231,301 3693,431 2792,366
315 4304,092 3693,431 2792,366
316 4518,215 3693,431 2792,366
317 4316,599 3693,431 2792,366
318 4316,599 3693,431 2792,366
319 4340,119 3693,431 2792,366
320 4362,746 3693,431 2792,366
321 3693,431 3634,990 2792,366
322 3809,766 3634,990 2792,366
323 3809,766 3634,990 2792,366
324 3856,804 3634,990 2792,366
325 3859,949 3634,990 2792,366
326 3859,949 3634,990 2792,366
327 3859,949 3634,990 2792,366
328 3893,625 3634,990 2792,366
329 3901,361 3634,990 2792,366
330 3919,403 3634,990 2792,366
331 3951,888 3634,990 2792,366
332 3951,888 3634,990 2792,366
333 3979,478 3634,990 2792,366
334 4043,057 3634,990 2792,366
335 4044,366 3634,990 2792,366
336 4099,719 3634,990 2792,366
337 4110,522 3634,990 2792,366
338 4114,772 3634,990 2792,366
339 4118,528 3634,990 2792,366
340 4121,191 3634,990 2792,366
341 3634,990 3634,990 2792,366
342 3643,248 3634,990 2792,366
343 3693,431 3634,990 2792,366
344 3693,431 3634,990 2792,366
345 3784,251 3634,990 2792,366
346 3797,378 3634,990 2792,366
347 3809,766 3634,990 2792,366
348 3809,766 3634,990 2792,366
349 3809,766 3634,990 2792,366
350 3809,766 3634,990 2792,366
351 3809,766 3634,990 2792,366
352 3809,766 3634,990 2792,366
353 3856,804 3634,990 2792,366
354 3859,949 3634,990 2792,366
355 3859,949 3634,990 2792,366
356 3859,949 3634,990 2792,366
357 3859,949 3634,990 2792,366
358 3859,949 3634,990 2792,366
359 3859,949 3634,990 2792,366
360 3859,949 3634,990 2792,366
361 3634,990 3611,564 2792,366
362 3643,248 3611,564 2792,366
363 3643,248 3611,564 2792,366
364 3693,431 3611,564 2792,366
365 3693,431 3611,564 2792,366
366 3693,431 3611,564 2792,366
367 3693,431 3611,564 2792,366
368 3693,431 3611,564 2792,366
369 3784,251 3611,564 2792,366
370 3797,378 3611,564 2792,366
371 3801,508 3611,564 2792,366
372 3809,766 3611,564 2792,366
373 3809,766 3611,564 2792,366
374 3809,766 3611,564 2792,366
375 3809,766 3611,564 2792,366
376 3809,766 3611,564 2792,366
377 3809,766 3611,564 2792,366
378 3809,766 3611,564 2792,366
379 3809,766 3611,564 2792,366
380 3809,766 3611,564 2792,366
381 3611,564 3611,564 2792,366
382 3634,990 3611,564 2792,366
383 3634,990 3611,564 2792,366
384 3643,248 3611,564 2792,366
385 3643,248 3611,564 2792,366
386 3643,248 3611,564 2792,366
387 3643,248 3611,564 2792,366
388 3643,248 3611,564 2792,366
389 3643,248 3611,564 2792,366
390 3643,248 3611,564 2792,366
391 3643,248 3611,564 2792,366
392 5376,515 3611,564 2792,366
393 3693,431 3611,564 2792,366
394 3693,431 3611,564 2792,366
395 3693,431 3611,564 2792,366
396 3693,431 3611,564 2792,366
397 3693,431 3611,564 2792,366
398 3714,500 3611,564 2792,366
399 3784,251 3611,564 2792,366
400 3789,721 3611,564 2792,366
401 3611,564 3603,306 2792,366
402 3611,564 3603,306 2792,366
403 3617,733 3603,306 2792,366
404 3617,733 3603,306 2792,366
405 3623,203 3603,306 2792,366
406 3634,990 3603,306 2792,366
407 3634,990 3603,306 2792,366
408 3634,990 3603,306 2792,366
409 3634,990 3603,306 2792,366
410 3643,248 3603,306 2792,366
411 3643,248 3603,306 2792,366
412 3643,248 3603,306 2792,366
413 3643,248 3603,306 2792,366
414 3643,248 3603,306 2792,366
415 3643,248 3603,306 2792,366
416 3643,248 3603,306 2792,366
417 3643,248 3603,306 2792,366
418 6513,591 3603,306 2792,366
419 3643,248 3603,306 2792,366
420 3643,248 3603,306 2792,366
421 3603,306 3586,049 2792,366
422 3603,306 3586,049 2792,366
423 3611,564 3586,049 2792,366
424 3611,564 3586,049 2792,366
425 3617,733 3586,049 2792,366
426 3617,733 3586,049 2792,366
427 3617,733 3586,049 2792,366
428 3617,733 3586,049 2792,366
429 3617,733 3586,049 2792,366
430 3617,733 3586,049 2792,366
431 3623,203 3586,049 2792,366
432 3623,203 3586,049 2792,366
433 3623,203 3586,049 2792,366
434 3634,990 3586,049 2792,366
435 3634,990 3586,049 2792,366
436 3634,990 3586,049 2792,366
437 3634,990 3586,049 2792,366
438 3634,990 3586,049 2792,366
439 3634,990 3586,049 2792,366
440 3634,990 3586,049 2792,366
441 3586,049 3586,049 2792,366
442 3586,049 3586,049 2792,366
443 3603,306 3586,049 2792,366
444 3603,306 3586,049 2792,366
445 3603,306 3586,049 2792,366
446 3611,564 3586,049 2792,366
447 3611,564 3586,049 2792,366
448 3617,733 3586,049 2792,366
449 3617,733 3586,049 2792,366
450 3617,733 3586,049 2792,366
451 3617,733 3586,049 2792,366
452 3617,733 3586,049 2792,366
453 3617,733 3586,049 2792,366
454 3617,733 3586,049 2792,366
455 3617,733 3586,049 2792,366
456 3617,733 3586,049 2792,366
457 3623,203 3586,049 2792,366
458 3623,203 3586,049 2792,366
459 3623,203 3586,049 2792,366
460 3623,203 3586,049 2792,366
461 3586,049 3586,049 2792,366
462 3586,049 3586,049 2792,366
463 3586,049 3586,049 2792,366
464 3586,049 3586,049 2792,366
465 3591,519 3586,049 2792,366
466 3591,519 3586,049 2792,366
467 3603,306 3586,049 2792,366
468 3603,306 3586,049 2792,366
469 3603,306 3586,049 2792,366
470 5812,580 3586,049 2792,366
471 3611,564 3586,049 2792,366
472 3617,733 3586,049 2792,366
473 3617,733 3586,049 2792,366
474 3617,733 3586,049 2792,366
475 3617,733 3586,049 2792,366
476 3617,733 3586,049 2792,366
477 3617,733 3586,049 2792,366
478 3617,733 3586,049 2792,366
479 3617,733 3586,049 2792,366
480 3617,733 3586,049 2792,366
481 5458,852 3586,049 2792,366
482 3586,049 3586,049 2792,366
483 3586,049 3586,049 2792,366
484 3586,049 3586,049 2792,366
485 3586,049 3586,049 2792,366
486 3586,049 3586,049 2792,366
487 3586,049 3586,049 2792,366
488 3586,049 3586,049 2792,366
489 3586,049 3586,049 2792,366
490 3591,519 3586,049 2792,366
491 3591,519 3586,049 2792,366
492 3591,519 3586,049 2792,366
493 3615,889 3586,049 2792,366
494 3603,306 3586,049 2792,366
495 3603,306 3586,049 2792,366
496 3603,306 3586,049 2792,366
497 3603,306 3586,049 2792,366
498 3611,564 3586,049 2792,366
499 3611,564 3586,049 2792,366
500 3617,733 3586,049 2792,366
501 3586,049 3586,049 2792,366
502 3586,049 3586,049 2792,366
503 3586,049 3586,049 2792,366
504 3586,049 3586,049 2792,366
505 3586,049 3586,049 2792,366
506 3586,049 3586,049 2792,366
507 5440,085 3586,049 2792,366
508 3586,049 3586,049 2792,366
509 3586,049 3586,049 2792,366
510 3586,049 3586,049 2792,366
511 3586,049 3586,049 2792,366
512 3586,049 3586,049 2792,366
513 3903,517 3586,049 2792,366
514 3586,049 3586,049 2792,366
515 3586,049 3586,049 2792,366
516 3586,049 3586,049 2792,366
517 3586,049 3586,049 2792,366
518 3586,049 3586,049 2792,366
519 3586,049 3586,049 2792,366
520 3586,049 3586,049 2792,366
521 3586,049 3586,049 2792,366
522 3586,049 3586,049 2792,366
523 3586,049 3586,049 2792,366
524 3586,049 3586,049 2792,366
525 3586,049 3586,049 2792,366
526 3586,049 3586,049 2792,366
527 3586,049 3586,049 2792,366
528 3586,049 3586,049 2792,366
529 3586,049 3586,049 2792,366
530 3586,049 3586,049 2792,366
531 3586,049 3586,049 2792,366
532 3586,049 3586,049 2792,366
533 3586,049 3586,049 2792,366
534 3586,049 3586,049 2792,366
535 3586,049 3586,049 2792,366
536 3586,049 3586,049 2792,366
537 3586,049 3586,049 2792,366
538 3586,049 3586,049 2792,366
539 3586,049 3586,049 2792,366
540 3586,049 3586,049 2792,366
541 3586,049 3586,049 2792,366
542 3586,049 3586,049 2792,366
543 3586,049 3586,049 2792,366
544 3586,049 3586,049 2792,366
545 3586,049 3586,049 2792,366
546 4140,166 3586,049 2792,366
547 3586,049 3586,049 2792,366
548 3586,049 3586,049 2792,366
549 3586,049 3586,049 2792,366
550 3586,049 3586,049 2792,366
551 3586,049 3586,049 2792,366
552 3586,049 3586,049 2792,366
553 3586,049 3586,049 2792,366
554 3586,049 3586,049 2792,366
555 3586,049 3586,049 2792,366
556 3586,049 3586,049 2792,366
557 3586,049 3586,049 2792,366
558 3586,049 3586,049 2792,366
559 3586,049 3586,049 2792,366
560 3586,049 3586,049 2792,366
561 3586,049 3586,049 2792,366
562 3586,049 3586,049 2792,366
563 3586,049 3586,049 2792,366
564 4422,937 3586,049 2792,366
565 3586,049 3586,049 2792,366
566 3586,049 3586,049 2792,366
567 3586,049 3586,049 2792,366
568 3586,049 3586,049 2792,366
569 3586,049 3586,049 2792,366
570 3586,049 3586,049 2792,366
571 3586,049 3586,049 2792,366
572 3586,049 3586,049 2792,366
573 3586,049 3586,049 2792,366
574 3586,049 3586,049 2792,366
575 3586,049 3586,049 2792,366
576 3586,049 3586,049 2792,366
577 3586,049 3586,049 2792,366
578 3586,049 3586,049 2792,366
579 3586,049 3586,049 2792,366
580 3586,049 3586,049 2792,366
581 3586,049 3586,049 2792,366
582 3586,049 3586,049 2792,366
583 3586,049 3586,049 2792,366
584 3586,049 3586,049 2792,366
585 3586,049 3586,049 2792,366
586 3586,049 3586,049 2792,366
587 3586,049 3586,049 2792,366
588 3586,049 3586,049 2792,366
589 3586,049 3586,049 2792,366
590 3586,049 3586,049 2792,366
591 3586,049 3586,049 2792,366
592 3586,049 3586,049 2792,366
593 3586,049 3586,049 2792,366
594 3586,049 3586,049 2792,366
595 3586,049 3586,049 2792,366
596 3586,049 3586,049 2792,366
597 3586,049 3586,049 2792,366
598 3586,049 3586,049 2792,366
599 3586,049 3586,049 2792,366
600 3856,969 3586,049 2792,366
601 3586,049 3586,049 2792,366
602 3586,049 3586,049 2792,366
603 3586,049 3586,049 2792,366
604 3586,049 3586,049 2792,366
605 3586,049 3586,049 2792,366
606 3586,049 3586,049 2792,366
607 3993,789 3586,049 2792,366
608 3586,049 3586,049 2792,366
609 3586,049 3586,049 2792,366
610 3586,049 3586,049 2792,366
611 3586,049 3586,049 2792,366
612 3586,049 3586,049 2792,366
613 3586,049 3586,049 2792,366
614 3586,049 3586,049 2792,366
615 3586,049 3586,049 2792,366
616 3586,049 3586,049 2792,366
617 3586,049 3586,049 2792,366
618 3586,049 3586,049 2792,366
619 3586,049 3586,049 2792,366
620 3586,049 3586,049 2792,366
621 3586,049 3586,049 2792,366
622 3586,049 3586,049 2792,366
623 3586,049 3586,049 2792,366
624 3586,049 3586,049 2792,366
625 4670,221 3586,049 2792,366
626 5395,251 3586,049 2792,366
627 3586,049 3586,049 2792,366
628 3586,049 3586,049 2792,366
629 3586,049 3586,049 2792,366
630 3586,049 3586,049 2792,366
631 5521,429 3586,049 2792,366
632 3586,049 3586,049 2792,366
633 3586,049 3586,049 2792,366
634 3586,049 3586,049 2792,366
635 3586,049 3586,049 2792,366
636 3586,049 3586,049 2792,366
637 3586,049 3586,049 2792,366
638 3586,049 3586,049 2792,366
639 3586,049 3586,049 2792,366
640 3586,049 3586,049 2792,366
641 3586,049 3586,049 2792,366
642 3586,049 3586,049 2792,366
643 3586,049 3586,049 2792,366
644 3586,049 3586,049 2792,366
645 3586,049 3586,049 2792,366
646 3586,049 3586,049 2792,366
647 3586,049 3586,049 2792,366
648 3586,049 3586,049 2792,366
649 3748,650 3586,049 2792,366
650 3586,049 3586,049 2792,366
651 3586,049 3586,049 2792,366
652 3586,049 3586,049 2792,366
653 3586,049 3586,049 2792,366
654 3586,049 3586,049 2792,366
655 3586,049 3586,049 2792,366
656 3586,049 3586,049 2792,366
657 3586,049 3586,049 2792,366
658 3586,049 3586,049 2792,366
659 3586,049 3586,049 2792,366
660 3586,049 3586,049 2792,366
661 3586,049 3586,049 2792,366
662 3586,049 3586,049 2792,366
663 3586,049 3586,049 2792,366
664 3586,049 3586,049 2792,366
665 3586,049 3586,049 2792,366
666 3586,049 3586,049 2792,366
667 3586,049 3586,049 2792,366
668 3586,049 3586,049 2792,366
669 3586,049 3586,049 2792,366
670 3586,049 3586,049 2792,366
671 3586,049 3586,049 2792,366
672 3586,049 3586,049 2792,366
673 5204,947 3586,049 2792,366
674 3586,049 3586,049 2792,366
675 3586,049 3586,049 2792,366
676 3586,049 3586,049 2792,366
677 3586,049 3586,049 2792,366
678 3586,049 3586,049 2792,366
679 3586,049 3586,049 2792,366
680 3586,049 3586,049 2792,366
681 3586,049 3586,049 2792,366
682 3586,049 3586,049 2792,366
683 3586,049 3586,049 2792,366
684 3586,049 3586,049 2792,366
685 3586,049 3586,049 2792,366
686 3586,049 3586,049 2792,366
687 3586,049 3586,049 2792,366
688 3586,049 3586,049 2792,366
689 3586,049 3586,049 2792,366
690 3586,049 3586,049 2792,366
691 3586,049 3586,049 2792,366
692 3586,049 3586,049 2792,366
693 4209,000 3586,049 2792,366
694 3586,049 3586,049 2792,366
695 3586,049 3586,049 2792,366
696 3586,049 3586,049 2792,366
697 3586,049 3586,049 2792,366
698 3586,049 3586,049 2792,366
699 3586,049 3586,049 2792,366
700 3586,049 3586,049 2792,366
701 3586,049 3586,049 2792,366
702 3586,049 3586,049 2792,366
703 3586,049 3586,049 2792,366
704 3586,049 3586,049 2792,366
705 3586,049 3586,049 2792,366
706 3586,049 3586,049 2792,366
707 3586,049 3586,049 2792,366
708 3617,733 3586,049 2792,366
709 3586,049 3586,049 2792,366
710 3586,049 3586,049 2792,366
711 3586,049 3586,049 2792,366
712 3586,049 3586,049 2792,366
713 3586,049 3586,049 2792,366
714 3586,049 3586,049 2792,366
715 3586,049 3586,049 2792,366
716 3586,049 3586,049 2792,366
717 3586,049 3586,049 2792,366
718 3586,049 3586,049 2792,366
719 3586,049 3586,049 2792,366
720 3586,049 3586,049 2792,366
721 3586,049 3586,049 2792,366
722 3586,049 3586,049 2792,366
723 3586,049 3586,049 2792,366
724 3586,049 3586,049 2792,366
725 3586,049 3586,049 2792,366
726 3717,279 3586,049 2792,366
727 3586,049 3586,049 2792,366
728 3586,049 3586,049 2792,366
729 3586,049 3586,049 2792,366
730 3586,049 3586,049 2792,366
731 3586,049 3586,049 2792,366
732 3586,049 3586,049 2792,366
733 3586,049 3586,049 2792,366
734 3586,049 3586,049 2792,366
735 3586,049 3586,049 2792,366
736 3586,049 3586,049 2792,366
737 3586,049 3586,049 2792,366
738 3586,049 3586,049 2792,366
739 3586,049 3586,049 2792,366
740 3586,049 3586,049 2792,366
741 3586,049 3586,049 2792,366
742 3586,049 3586,049 2792,366
743 3586,049 3586,049 2792,366
744 5117,924 3586,049 2792,366
745 3586,049 3586,049 2792,366
746 3586,049 3586,049 2792,366
747 3586,049 3586,049 2792,366
748 4090,367 3586,049 2792,366
749 3586,049 3586,049 2792,366
750 3586,049 3586,049 2792,366
751 3586,049 3586,049 2792,366
752 3586,049 3586,049 2792,366
753 3586,049 3586,049 2792,366
754 3586,049 3586,049 2792,366
755 3586,049 3586,049 2792,366
756 3586,049 3586,049 2792,366
757 3586,049 3586,049 2792,366
758 3586,049 3586,049 2792,366
759 3586,049 3586,049 2792,366
760 3586,049 3586,049 2792,366
761 3586,049 3586,049 2792,366
762 3586,049 3586,049 2792,366
763 3586,049 3586,049 2792,366
764 3586,049 3586,049 2792,366
765 3586,049 3586,049 2792,366
766 3586,049 3586,049 2792,366
767 3586,049 3586,049 2792,366
768 3586,049 3586,049 2792,366
769 3586,049 3586,049 2792,366
770 3586,049 3586,049 2792,366
771 3586,049 3586,049 2792,366
772 3586,049 3586,049 2792,366
773 3586,049 3586,049 2792,366
774 3586,049 3586,049 2792,366
775 3586,049 3586,049 2792,366
776 3586,049 3586,049 2792,366
777 4829,493 3586,049 2792,366
778 3586,049 3586,049 2792,366
779 3586,049 3586,049 2792,366
780 3586,049 3586,049 2792,366
781 3586,049 3586,049 2792,366
782 4030,010 3586,049 2792,366
783 3586,049 3586,049 2792,366
784 3586,049 3586,049 2792,366
785 3586,049 3586,049 2792,366
786 3586,049 3586,049 2792,366
787 3586,049 3586,049 2792,366
788 3586,049 3586,049 2792,366
789 3586,049 3586,049 2792,366
790 3586,049 3586,049 2792,366
791 3586,049 3586,049 2792,366
792 3586,049 3586,049 2792,366
793 3586,049 3586,049 2792,366
794 4514,942 3586,049 2792,366
795 3586,049 3586,049 2792,366
796 3586,049 3586,049 2792,366
797 3586,049 3586,049 2792,366
798 3586,049 3586,049 2792,366
799 3586,049 3586,049 2792,366
800 3586,049 3586,049 2792,366
